41
1  11  1535657108.301401
334.539851 658.702531 2.879708
1  361.893833 648.630670 1.964000  2.814400 8.582317 3.078000  2.800227
2  339.401668 659.554806 0.573000  0.443411 0.451116 1.017000  2.813452
3  340.187359 661.846984 0.526000  0.314783 0.563009 1.221000  -1.878683
4  324.507499 664.675509 0.389000  1.013609 0.654664 1.135000  2.517158
5  330.679843 640.819422 1.158000  2.161001 4.770625 1.723000  2.411277
6  345.321474 656.078052 1.196000  2.003651 4.790147 2.000000  2.851001
7  349.071469 634.679979 1.725000  2.183692 4.229527 1.563000  -2.346891
8  302.527849 691.678249 1.008000  3.514211 14.323987 3.606000  -2.144430
9  320.990221 668.255799 0.879000  2.087499 4.845683 2.347000  -0.538573
10  345.233305 628.183968 1.712000  1.873905 3.922878 1.555000  2.426866
11  348.027605 646.242952 1.444000  2.078464 5.469540 1.996000  2.836921

2  11  1535657108.801262
332.079758 659.418857 2.851366
1  358.239897 649.776479 1.978000  2.752653 8.724327 3.078000  2.818431
2  339.162754 659.626394 0.607000  0.718401 0.655266 1.017000  2.784108
3  340.566591 661.958710 0.576000  0.450768 0.511772 1.221000  -1.957572
4  324.096441 664.335529 0.395000  0.897644 0.737574 1.135000  2.605826
5  330.633177 641.235170 1.212000  2.158991 4.330945 1.723000  2.451935
6  342.797012 656.380346 1.180000  2.143457 4.697542 2.000000  2.868404
7  349.658354 634.964998 1.748000  1.982726 4.252273 1.563000  -2.326306
8  299.942570 690.169259 1.008000  3.177164 13.557988 3.606000  -2.332018
9  321.254733 667.666638 0.885000  2.321544 4.466757 2.347000  -0.563141
10  345.427371 628.407134 1.780000  1.751999 3.906050 1.555000  2.425369
11  348.014805 645.816607 1.482000  2.074717 5.572034 1.996000  2.888906

3  11  1535657109.301132
329.647494 660.196689 2.828707
1  354.753094 651.363841 1.992000  2.782962 8.631713 3.078000  2.812411
2  339.400219 659.510918 0.640000  0.491718 0.605706 1.017000  2.808305
3  340.322189 661.734848 0.626000  0.590069 0.588835 1.221000  -1.943481
4  324.086283 664.654534 0.402000  0.780679 0.531540 1.135000  2.522752
5  330.819817 640.828473 1.267000  2.224489 4.492664 1.723000  2.388496
6  341.110550 657.221400 1.165000  2.170840 4.789353 2.000000  2.889138
7  349.202621 634.743382 1.771000  1.930288 4.238781 1.563000  -2.362093
8  298.676212 689.945716 1.008000  3.368431 13.760833 3.606000  -2.200384
9  321.162555 668.086164 0.891000  1.932185 4.410849 2.347000  -0.571716
10  345.279463 628.560245 1.849000  2.006617 3.823851 1.555000  2.382060
11  348.524550 645.851746 1.520000  2.270380 5.666354 1.996000  2.797213

4  12  1535657109.801064
327.233834 661.025514 2.817706
1  287.682172 668.548550 0.723000  2.445712 5.191107 1.975000  1.005422
2  351.882165 651.890546 1.992000  2.724754 8.861404 3.078000  2.820643
3  339.626988 659.590936 0.674000  0.580048 0.567109 1.017000  2.825150
4  340.305188 661.655971 0.676000  0.456345 0.569777 1.221000  -1.988151
5  324.626030 664.384797 0.409000  0.793645 0.748518 1.135000  2.598698
6  330.832755 641.035766 1.322000  2.142476 4.396611 1.723000  2.385135
7  337.549122 658.087148 1.149000  2.056913 5.001671 2.000000  2.859145
8  349.287520 634.441687 1.794000  1.916397 4.178847 1.563000  -2.275319
9  298.274959 688.129017 1.008000  3.421168 13.763832 3.606000  -2.296173
10  321.124509 668.050416 0.897000  2.123872 4.492104 2.347000  -0.528981
11  344.640429 628.037803 1.917000  1.841623 4.199924 1.555000  2.445641
12  348.308457 646.110306 1.559000  1.833324 5.668920 1.996000  2.910138

5  12  1535657110.200261
325.362312 661.686833 2.815673
1  289.088976 670.110700 0.687000  2.428473 5.240972 1.975000  0.984269
2  350.080890 652.714414 1.991000  2.881131 8.881403 3.078000  2.833204
3  339.571422 659.691701 0.701000  0.539451 0.624564 1.017000  2.714648
4  340.446937 661.651135 0.720000  0.417940 0.626509 1.221000  -1.907935
5  324.285028 664.352405 0.415000  0.857659 0.778799 1.135000  2.599620
6  330.747396 640.825142 1.366000  2.075018 4.408972 1.723000  2.404299
7  335.688895 658.722058 1.133000  2.020302 4.914573 2.000000  2.807828
8  349.270307 634.455535 1.812000  1.972748 4.070585 1.563000  -2.347310
9  297.635832 687.115435 1.008000  2.936167 13.870980 3.606000  -2.221052
10  321.087834 668.332307 0.902000  2.262113 4.622232 2.347000  -0.512439
11  344.629926 628.184604 1.911000  2.166635 3.929209 1.555000  2.511170
12  348.183480 645.959991 1.589000  2.105485 5.755711 1.996000  2.863505

6  13  1535657110.651414
323.362925 662.405363 2.807968
1  290.293369 672.519681 0.702000  2.309962 5.241757 1.975000  0.864875
2  318.028501 671.784928 0.410000  0.444999 0.345667 1.312000  -1.828566
3  347.868486 653.110930 1.991000  2.793885 8.867103 3.078000  2.822660
4  339.468806 659.737882 0.731000  0.578215 0.584256 1.017000  2.790961
5  340.510610 661.720626 0.771000  0.415535 0.626370 1.221000  -1.961715
6  324.501919 664.073972 0.421000  0.882494 0.671864 1.135000  2.585991
7  331.061116 640.868053 1.415000  2.117023 4.622692 1.723000  2.417827
8  333.509198 659.515365 1.114000  2.096726 4.891527 2.000000  2.855814
9  349.162300 634.976541 1.833000  2.185673 4.277212 1.563000  -2.338256
10  296.703044 685.917391 1.008000  2.821172 13.835803 3.606000  -2.256838
11  321.218926 667.722329 0.907000  2.160456 4.600232 2.347000  -0.525268
12  345.287244 629.242760 1.904000  2.097795 3.650551 1.555000  2.441762
13  348.040041 646.738234 1.624000  2.143790 5.458869 1.996000  2.819446

7  13  1535657111.149672
321.358449 663.164911 2.781689
1  292.750180 675.201081 0.593000  2.481355 5.287019 1.975000  0.981310
2  317.582943 671.827355 0.410000  0.606329 0.500289 1.312000  -1.883129
3  345.459007 654.329652 1.990000  2.809505 8.911811 3.078000  2.833465
4  339.445238 660.088022 0.765000  0.619814 0.544842 1.017000  2.810237
5  340.753740 661.912038 0.826000  0.397875 0.588272 1.221000  -1.920005
6  324.051104 664.179012 0.428000  0.729742 0.529524 1.135000  2.603194
7  330.816120 640.961087 1.401000  2.395957 4.663380 1.723000  2.487940
8  331.112960 659.998099 1.093000  2.171737 4.705988 2.000000  2.843450
9  349.094238 634.888916 1.856000  2.043772 4.247918 1.563000  -2.336216
10  295.829461 684.379548 1.008000  3.215461 13.571832 3.606000  -2.211080
11  321.754713 668.201299 0.913000  2.161321 4.598889 2.347000  -0.513946
12  344.713864 628.657829 1.896000  2.053493 4.097036 1.555000  2.480689
13  347.898987 646.210075 1.662000  2.104419 5.751714 1.996000  2.759736

8  13  1535657111.649009
319.518145 663.938454 2.751458
1  294.216339 677.680692 0.484000  2.481883 5.348551 1.975000  0.927920
2  317.852332 671.488338 0.410000  0.494261 0.369869 1.312000  -1.819711
3  342.808972 655.400111 1.990000  2.756991 8.467450 3.078000  2.837728
4  339.076194 659.810776 0.798000  0.624076 0.654579 1.017000  2.792461
5  324.167910 664.549812 0.472000  0.990040 0.434465 1.135000  2.561933
6  330.884747 640.847910 1.386000  1.945620 4.682729 1.723000  2.423094
7  329.216857 660.934602 1.072000  2.345795 4.812077 2.000000  2.803693
8  319.133188 670.103366 0.010000  1.168995 0.615932 0.514000  -1.301770
9  348.716224 634.351444 1.879000  2.142752 3.966275 1.563000  -2.269252
10  294.368512 683.152415 1.133000  3.007531 13.837487 3.606000  -2.274127
11  321.206828 668.513629 0.919000  2.124486 4.568137 2.347000  -0.488162
12  345.063711 628.540424 1.888000  1.595085 3.983699 1.555000  2.462752
13  348.184783 646.422414 1.700000  2.064340 5.609277 1.996000  2.842787

9  13  1535657112.148325
317.898631 664.660818 2.738415
1  296.846921 680.457304 0.376000  2.341451 5.213101 1.975000  0.909639
2  317.981564 671.659245 0.448000  0.548243 0.410931 1.312000  -1.841711
3  340.106545 655.908541 1.969000  2.695372 8.664960 3.078000  2.812908
4  339.341222 660.092701 0.832000  0.670062 0.618132 1.017000  2.813778
5  324.357147 664.474672 0.517000  0.793783 0.684558 1.135000  2.536815
6  330.844491 640.862080 1.372000  2.050454 4.453202 1.723000  2.477190
7  326.894758 661.959585 1.058000  1.932589 4.878723 2.000000  2.853490
8  319.186614 670.290022 0.010000  1.170478 0.459535 0.514000  -1.365754
9  348.335937 635.048456 1.902000  2.070535 4.139396 1.563000  -2.268896
10  292.642875 681.241395 1.258000  3.139337 13.531224 3.606000  -2.288710
11  321.466811 667.958537 0.925000  2.032192 4.440490 2.347000  -0.543895
12  344.973241 628.327927 1.880000  1.834093 3.569024 1.555000  2.467710
13  347.782384 646.730721 1.738000  2.182264 5.561526 1.996000  2.861506

10  14  1535657112.648213
316.336964 665.358293 2.735295
1  303.155330 694.387010 -0.388000  2.241266 4.831527 1.518000  -2.287139
2  285.128301 666.338037 0.671000  2.093587 4.846263 1.597000  0.917842
3  298.875520 682.714192 0.270000  2.327700 5.192271 1.975000  0.920147
4  317.628057 672.266979 0.485000  0.431446 0.492522 1.312000  -1.873672
5  337.597225 656.605219 1.948000  2.859329 8.609297 3.078000  2.797053
6  324.291348 664.195984 0.562000  0.847699 0.649846 1.135000  2.583944
7  330.672136 641.029351 1.357000  2.071166 4.520894 1.723000  2.372652
8  324.552879 662.384289 1.044000  1.974585 4.899496 2.000000  2.811661
9  318.937720 670.132210 0.010000  1.147842 0.618295 0.514000  -1.385802
10  349.052447 634.380878 1.925000  2.044911 4.497791 1.563000  -2.363185
11  291.089817 680.816660 1.258000  3.215858 13.823460 3.606000  -2.323928
12  321.285947 668.680602 0.931000  2.084789 4.524462 2.347000  -0.540472
13  344.353255 628.334061 1.873000  2.181032 4.162418 1.555000  2.352135
14  348.101464 645.772166 1.782000  2.165381 5.542139 1.996000  2.739986

11  14  1535657113.148632
314.959323 665.965589 2.731771
1  301.944719 692.741861 -0.260000  2.339408 5.096159 1.518000  -2.387480
2  287.723169 668.277878 0.632000  2.238430 5.094355 1.597000  0.877256
3  301.431415 686.458600 0.165000  2.318051 5.318320 1.975000  0.878503
4  317.939150 671.966907 0.523000  0.598805 0.450498 1.312000  -1.820667
5  335.715288 657.329913 1.926000  2.647251 8.820547 3.078000  2.816471
6  324.033733 664.428947 0.606000  0.852359 0.653742 1.135000  2.542839
7  331.039134 641.009360 1.367000  2.349002 4.236689 1.723000  2.410928
8  323.402894 662.615197 1.030000  2.038679 4.772943 2.000000  2.836258
9  319.122501 669.735237 0.047000  1.363688 0.379398 0.514000  -1.380065
10  348.967161 634.781952 1.949000  2.151704 4.065864 1.563000  -2.370982
11  288.870022 679.132647 1.313000  2.960642 13.764271 3.606000  -2.478998
12  320.656328 668.170909 0.937000  2.313576 4.480728 2.347000  -0.538890
13  344.754139 629.143911 1.924000  2.091709 3.634531 1.555000  2.567185
14  348.129902 645.956132 1.826000  1.938020 5.952710 1.996000  2.855657

12  14  1535657113.648526
313.728066 666.516685 2.730124
1  300.682276 690.661319 -0.132000  2.260078 5.027505 1.518000  -2.236894
2  289.311997 670.608037 0.594000  2.188735 4.730754 1.597000  0.796346
3  303.922804 689.696657 0.059000  2.453103 5.296758 1.975000  0.982655
4  317.728629 671.809132 0.560000  0.392106 0.641268 1.312000  -1.923233
5  332.533291 658.491751 1.905000  2.899232 8.886419 3.078000  2.836077
6  323.951718 664.545867 0.651000  0.876350 0.517437 1.135000  2.524319
7  331.026749 641.057631 1.377000  2.135270 4.367760 1.723000  2.436752
8  322.022710 663.817723 1.016000  1.974308 5.076472 2.000000  2.758380
9  319.285345 670.349623 0.085000  1.201560 0.701477 0.514000  -1.298310
10  348.326216 634.877642 1.972000  1.831023 4.036675 1.563000  -2.347331
11  287.760915 678.819379 1.369000  3.317491 13.958536 3.606000  -2.616743
12  321.200915 668.395389 0.943000  2.297550 4.485295 2.347000  -0.602103
13  345.553923 628.473394 1.976000  1.361302 3.665221 1.555000  2.455353
14  348.162403 646.285090 1.869000  2.008777 5.510941 1.996000  2.805114

13  15  1535657114.148383
312.624324 667.023459 2.729569
1  298.895507 689.341535 -0.004000  2.243986 4.968299 1.518000  -2.309529
2  291.003207 673.066052 0.555000  2.162617 4.890990 1.597000  0.855424
3  306.420999 693.505990 -0.047000  2.480394 5.341709 1.975000  0.847972
4  317.879699 671.826244 0.573000  0.477473 0.422064 1.312000  -1.808813
5  330.398007 659.570184 1.884000  2.767231 8.673209 3.078000  2.815111
6  324.131010 664.610861 0.695000  0.794096 0.708586 1.135000  2.535813
7  330.974128 641.324101 1.387000  2.089623 4.553648 1.723000  2.442818
8  319.933353 663.825371 1.002000  2.184799 4.811043 2.000000  2.746529
9  319.420643 670.456018 0.122000  1.275113 0.618545 0.514000  -1.291820
10  349.311314 634.465676 1.995000  2.130228 4.235970 1.563000  -2.311719
11  285.392778 677.908091 1.449000  3.214726 13.886011 3.606000  -2.789171
12  320.973730 668.429125 0.949000  2.194947 4.431659 2.347000  -0.583961
13  307.469938 700.042786 0.014000  2.707404 7.191567 2.455000  -2.317793
14  344.856536 628.624498 2.028000  1.650066 3.822593 1.555000  2.432695
15  348.364131 646.050382 1.913000  2.093395 5.794538 1.996000  2.932723

14  13  1535657114.648261
311.639644 667.473082 2.726522
1  297.476777 687.318692 0.141000  2.287175 4.924573 1.518000  -2.368665
2  293.108223 675.699908 0.477000  2.167498 4.888598 1.597000  0.871918
3  317.797127 672.115754 0.585000  0.480846 0.399775 1.312000  -1.886933
4  328.978749 659.418594 1.894000  3.036800 8.613087 3.078000  2.818169
5  324.172339 664.775367 0.740000  0.754504 0.781178 1.135000  2.538638
6  330.480360 640.873430 1.397000  2.067919 4.692735 1.723000  2.467015
7  319.011576 664.839329 0.989000  2.225040 4.711491 2.000000  2.775977
8  319.207266 669.936683 0.160000  1.225165 0.532128 0.514000  -1.380065
9  348.685543 634.657953 2.018000  2.095278 4.136371 1.563000  -2.213088
10  283.027724 678.107687 1.529000  3.207877 13.916172 3.606000  -2.995103
11  321.390996 668.346325 0.962000  2.130951 4.765304 2.347000  -0.577635
12  306.283496 698.132443 0.135000  2.738526 7.137047 2.455000  -2.237727
13  347.978372 646.704140 1.915000  2.114319 5.518767 1.996000  2.896549

15  13  1535657115.148131
310.767034 667.879933 2.714459
1  295.770606 685.521137 0.286000  2.406543 4.957129 1.518000  -2.345100
2  295.085238 677.790805 0.400000  2.111726 5.120358 1.597000  1.010635
3  317.911760 671.942852 0.598000  0.439940 0.563674 1.312000  -1.767826
4  327.554797 660.352377 1.904000  2.915940 8.720184 3.078000  2.786292
5  330.663595 641.357849 1.407000  2.244505 4.567202 1.723000  2.385519
6  317.674662 665.313138 0.975000  2.050738 4.942792 2.000000  2.625196
7  309.557858 704.421246 -0.449000  0.898854 2.103334 1.839000  -2.286526
8  319.033515 670.023631 0.160000  1.294533 0.567997 0.514000  -1.395187
9  348.664607 634.582390 2.041000  1.731080 4.475577 1.563000  -2.395105
10  280.632819 678.293493 1.568000  3.164893 13.905320 3.606000  -3.153956
11  321.347984 668.166019 0.975000  2.219306 4.554373 2.347000  -0.544585
12  304.437244 695.678927 0.256000  2.574805 7.035554 2.455000  -2.181441
13  348.341958 646.318687 1.917000  2.182263 5.773784 1.996000  2.863192

16  13  1535657115.648632
310.060064 668.224232 2.699248
1  293.786863 683.096777 0.379000  2.340157 5.099199 1.518000  -2.298416
2  297.581426 681.097490 0.327000  2.173215 5.211641 1.597000  0.939402
3  317.986682 671.795603 0.610000  0.354977 0.484696 1.312000  -1.865938
4  326.431769 660.516574 1.914000  2.536346 8.696618 3.078000  2.851633
5  330.262855 641.369159 1.417000  2.134220 4.439335 1.723000  2.444604
6  316.998022 665.787029 0.961000  2.255721 4.762587 2.000000  2.682018
7  307.914546 702.612905 -0.373000  1.136286 2.028366 1.839000  -2.259543
8  319.070009 670.159505 0.160000  1.162083 0.535875 0.514000  -1.380327
9  348.562920 634.955626 2.064000  1.771136 3.949770 1.563000  -2.268092
10  278.551206 679.532460 1.607000  3.071051 13.607900 3.606000  3.060050
11  321.269645 668.318765 0.988000  2.100125 4.508355 2.347000  -0.583006
12  302.640363 694.542309 0.377000  2.772786 6.970188 2.455000  -2.246582
13  348.580962 645.878681 1.919000  2.543950 5.309169 1.996000  2.886444

17  14  1535657116.148450
309.591629 668.454245 2.688903
1  291.839698 680.711134 0.473000  2.307931 4.971466 1.518000  -2.153675
2  299.929800 684.384414 0.254000  2.138304 5.012692 1.597000  0.944037
3  318.166301 672.110100 0.623000  0.443021 0.618851 1.312000  -1.817075
4  325.332626 661.013473 1.898000  2.711041 8.849360 3.078000  2.849597
5  310.231610 702.791649 -0.534000  2.020896 4.596345 2.000000  -2.247131
6  330.570220 641.175310 1.427000  1.999650 4.368358 1.723000  2.425805
7  315.716601 666.278413 0.947000  2.163652 4.702707 2.000000  2.753685
8  306.980790 701.371336 -0.297000  0.897401 1.972175 1.839000  -2.226316
9  319.079814 670.287876 0.160000  1.359634 0.429115 0.514000  -1.337157
10  348.890136 634.517149 2.071000  1.628704 4.102789 1.563000  -2.305599
11  276.292215 680.125414 1.646000  3.326763 13.865541 3.606000  3.025670
12  321.279692 668.466220 1.001000  2.204095 4.420948 2.347000  -0.550885
13  301.090171 692.390092 0.497000  2.710363 7.278118 2.455000  -2.237839
14  348.461925 646.091377 1.921000  1.902130 5.398796 1.996000  2.812309

18  15  1535657116.649423
309.316262 668.591621 2.681459
1  289.502546 678.081744 0.566000  2.512238 4.954498 1.518000  -2.323599
2  301.519147 687.300270 0.181000  2.245490 4.922341 1.597000  0.970976
3  317.935584 672.208689 0.635000  0.379178 0.551433 1.312000  -1.844096
4  323.576039 661.029752 1.881000  2.681043 8.891922 3.078000  2.941434
5  308.637990 700.751115 -0.379000  2.000818 4.525436 2.000000  -2.308882
6  330.918806 640.727003 1.431000  1.872235 4.717868 1.723000  2.439386
7  315.106635 666.342742 0.953000  2.034019 4.814525 2.000000  2.692593
8  305.497218 699.389071 -0.222000  0.934710 2.107000 1.839000  -2.284096
9  319.174707 670.235101 0.160000  1.177919 0.449079 0.514000  -1.375567
10  348.691523 635.118789 2.079000  2.186463 4.178857 1.563000  -2.366992
11  273.497714 681.310578 1.671000  2.955018 13.844163 3.606000  2.959355
12  311.623296 695.807501 -0.326000  0.594120 0.578868 1.697000  -2.364309
13  321.073172 668.521881 1.014000  2.081450 4.374439 2.347000  -0.580027
14  299.450575 690.290466 0.612000  2.710549 7.165046 2.455000  -2.291717
15  347.912526 646.111292 1.923000  1.804009 5.193742 1.996000  2.852426

19  17  1535657117.149304
309.202946 668.650686 2.678350
1  287.016109 675.157410 0.649000  2.283787 4.997990 1.518000  -2.219789
2  304.227506 689.835986 -0.018000  2.082552 4.991281 1.597000  0.922015
3  317.603792 671.920719 0.648000  0.678193 0.444726 1.312000  -1.826109
4  321.470822 661.803236 1.865000  2.937432 8.729931 3.078000  2.949177
5  311.679011 694.937189 -0.216000  0.698223 0.623850 1.885000  -2.277281
6  306.458693 698.230932 -0.226000  2.035321 4.571886 2.000000  -2.289165
7  331.175178 640.873517 1.436000  2.104596 4.639759 1.723000  2.442269
8  314.509328 667.107078 0.959000  2.447301 4.760103 2.000000  2.713769
9  303.798834 697.953126 -0.146000  1.174436 1.999933 1.839000  -2.255575
10  319.190991 670.543567 0.160000  1.150240 0.378922 0.514000  -1.393169
11  348.629257 634.840805 2.086000  2.319849 4.378599 1.563000  -2.349128
12  270.678404 681.383063 1.697000  3.224058 13.710401 3.606000  2.829645
13  311.213127 695.371049 -0.298000  0.626191 0.516323 1.697000  -2.345075
14  321.229458 668.540095 1.027000  2.077667 4.293835 2.347000  -0.559776
15  297.624656 688.336625 0.727000  2.706420 7.256514 2.455000  -2.140787
16  347.984837 645.449498 1.925000  2.193105 5.384009 1.996000  2.797987
17  284.106698 663.338204 1.214000  2.783304 5.505080 2.229000  0.921139

20  17  1535657117.649169
309.173975 668.667870 2.678817
1  284.910756 672.433579 0.733000  2.495316 4.615259 1.518000  -2.245513
2  306.250026 693.170932 -0.216000  2.225101 4.968073 1.597000  0.968648
3  317.628677 671.956866 0.660000  0.468001 0.677903 1.312000  -1.837305
4  319.368545 661.935885 1.848000  2.753798 8.971479 3.078000  3.035244
5  311.558958 694.667783 -0.203000  0.790575 0.701256 1.885000  -2.257033
6  304.898024 696.449600 -0.072000  2.070548 4.469908 2.000000  -2.291767
7  330.718959 641.080677 1.440000  2.020313 4.760268 1.723000  2.402826
8  314.042277 666.983224 0.925000  2.238510 4.875571 2.000000  2.758592
9  302.158134 696.124351 -0.071000  1.051081 2.065206 1.839000  -2.293646
10  319.169058 670.467442 0.160000  1.209072 0.549323 0.514000  -1.386668
11  348.801150 634.619285 2.093000  1.825225 4.088907 1.563000  -2.226699
12  268.549527 682.336260 1.797000  3.323803 14.001378 3.606000  2.805360
13  310.632937 694.690688 -0.271000  0.692313 0.743088 1.697000  -2.370628
14  321.258174 668.645231 1.040000  2.056269 4.607247 2.347000  -0.600883
15  295.561850 685.935456 0.800000  2.670061 7.214647 2.455000  -2.278066
16  348.171884 646.328645 1.927000  1.979821 5.637439 1.996000  2.771950
17  285.983273 666.381331 1.143000  2.604330 5.702060 2.229000  0.949839

21  16  1535657118.149616
309.184429 668.663831 2.678596
1  282.425292 669.407837 0.816000  2.276867 5.009464 1.518000  -2.339022
2  317.852380 671.910690 0.666000  0.458530 0.493077 1.312000  -1.847041
3  317.593415 662.541695 1.746000  2.568132 8.790418 3.078000  2.954019
4  311.145926 693.927686 -0.191000  0.807430 0.853362 1.885000  -2.212237
5  303.342442 694.527100 0.082000  2.266832 4.824027 2.000000  -2.304198
6  330.364788 640.932036 1.444000  2.086342 4.516609 1.723000  2.445954
7  313.598704 667.224796 0.891000  2.136125 4.717842 2.000000  2.590704
8  300.977833 693.902353 0.005000  0.988685 1.858653 1.839000  -2.235955
9  319.046698 670.234770 0.160000  1.201499 0.558718 0.514000  -1.344456
10  349.092150 634.901642 2.100000  1.930574 4.384944 1.563000  -2.368296
11  264.866454 684.578263 1.781000  3.304689 13.876193 3.606000  2.778902
12  310.209494 694.536035 -0.243000  0.697712 0.535876 1.697000  -2.319183
13  321.361659 668.408747 1.053000  2.022678 4.579358 2.347000  -0.635264
14  293.793945 682.952093 0.874000  2.718182 7.166882 2.455000  -2.208280
15  348.278886 645.975910 1.929000  2.239546 5.578888 1.996000  2.800388
16  288.354223 669.398245 1.071000  2.435313 5.505445 2.229000  0.910614

22  16  1535657118.649480
309.185792 668.664064 2.678427
1  279.545552 666.446523 0.899000  2.334339 4.801681 1.518000  -2.326588
2  317.481388 672.171912 0.671000  0.328755 0.459122 1.312000  -1.843822
3  315.437484 663.640928 1.644000  2.738441 8.719176 3.078000  2.959988
4  310.922291 693.248945 -0.178000  0.806576 0.864411 1.885000  -2.235544
5  301.303162 692.121087 0.236000  1.879866 4.575228 2.000000  -2.288742
6  330.878255 641.195818 1.448000  1.999095 4.659129 1.723000  2.477440
7  313.675505 667.715398 0.896000  2.190119 4.777541 2.000000  2.713090
8  299.189609 692.376210 0.080000  0.956939 1.970467 1.839000  -2.317292
9  318.793405 670.427668 0.160000  1.152967 0.629926 0.514000  -1.392581
10  348.626704 634.911843 2.107000  2.508935 4.103728 1.563000  -2.370927
11  261.321342 685.873090 1.764000  3.051590 14.017145 3.606000  2.938121
12  310.050356 693.596925 -0.216000  0.741224 0.702840 1.697000  -2.312128
13  321.154759 668.696142 1.066000  2.196044 4.271686 2.347000  -0.627355
14  291.246585 679.876822 0.901000  2.771738 6.967938 2.455000  -2.267990
15  347.848062 645.605717 1.931000  2.043747 6.015700 1.996000  2.755917
16  290.445051 672.236145 0.979000  2.536944 5.648111 2.229000  0.917111

23  16  1535657119.149935
309.186097 668.664660 2.678343
1  277.491476 663.766142 0.983000  2.234087 4.974429 1.518000  -2.242564
2  317.169372 672.396470 0.676000  0.558049 0.559248 1.312000  -1.887224
3  312.456559 663.751566 1.543000  2.760537 8.673584 3.078000  2.833310
4  310.181612 692.734006 -0.166000  0.884927 0.733241 1.885000  -2.187812
5  299.300373 689.602271 0.290000  1.971976 4.652748 2.000000  -2.257440
6  330.899119 641.186517 1.452000  1.970807 4.554393 1.723000  2.358146
7  313.926357 666.861726 0.901000  2.141768 4.704339 2.000000  2.588496
8  297.476441 690.487295 0.194000  0.905956 1.984687 1.839000  -2.314635
9  319.154234 670.350639 0.160000  1.137689 0.571495 0.514000  -1.396702
10  348.315381 634.633911 2.114000  1.925336 4.442798 1.563000  -2.407208
11  258.151454 686.417574 1.748000  3.309586 13.731708 3.606000  2.830440
12  309.652423 693.511204 -0.188000  0.740365 0.463942 1.697000  -2.253102
13  321.336039 668.643263 1.079000  2.022142 4.474669 2.347000  -0.633989
14  289.369535 677.153249 1.054000  2.708219 7.058073 2.455000  -2.250882
15  347.947806 645.855609 1.932000  1.889842 5.846610 1.996000  2.810816
16  293.171482 675.754323 0.887000  2.503220 5.507764 2.229000  0.937893

24  16  1535657119.649820
309.186415 668.665122 2.678264
1  317.337845 672.272238 0.682000  0.511421 0.464324 1.312000  -1.858570
2  311.021579 664.638571 1.605000  2.788380 8.575700 3.078000  2.832533
3  282.863960 663.534558 0.922000  1.814173 4.315476 1.547000  0.889999
4  309.911867 692.189871 -0.132000  0.911164 0.765601 1.885000  -2.204925
5  297.181006 687.204593 0.344000  1.980208 4.484151 2.000000  -2.234621
6  330.265645 641.208081 1.456000  1.842875 4.583292 1.723000  2.405889
7  313.766701 667.063756 0.906000  2.060257 4.610803 2.000000  2.685315
8  295.981992 688.949991 0.307000  0.819711 2.135154 1.839000  -2.289607
9  319.050593 670.558086 0.160000  1.269692 0.253004 0.514000  -1.349468
10  349.547164 634.530729 2.102000  2.088220 3.920615 1.563000  -2.495184
11  252.919243 687.378704 1.776000  3.203006 13.906419 3.606000  2.807667
12  309.510405 692.905710 -0.161000  0.622005 0.554225 1.697000  -2.216039
13  321.277625 668.521961 1.092000  2.066646 4.381692 2.347000  -0.545828
14  286.854338 674.164160 1.208000  2.515044 7.087474 2.455000  -2.258665
15  348.989648 645.888718 1.934000  2.162809 5.521179 1.996000  2.705291
16  294.946584 678.796576 0.795000  2.344692 5.421451 2.229000  0.925104

25  16  1535657120.149686
309.186593 668.665556 2.678322
1  318.051648 672.092739 0.687000  0.638915 0.394751 1.312000  -1.801905
2  309.184860 665.206328 1.668000  2.681505 8.557731 3.078000  2.853029
3  285.712742 666.453095 0.845000  2.057339 4.327946 1.547000  0.801688
4  309.256570 691.516050 -0.099000  0.744600 0.977147 1.885000  -2.196130
5  295.049973 684.428363 0.448000  1.929008 4.546577 2.000000  -2.302054
6  330.956811 641.018649 1.461000  2.067766 4.591683 1.723000  2.435194
7  313.767924 667.560489 0.911000  2.079914 4.702691 2.000000  2.662837
8  293.925669 687.025667 0.420000  0.761389 2.148676 1.839000  -2.292774
9  319.447494 670.092237 0.160000  1.191103 0.562909 0.514000  -1.371268
10  349.145244 635.520375 2.089000  2.252962 4.236574 1.563000  -2.311295
11  249.169517 689.712166 1.804000  3.051689 13.940892 3.606000  2.769575
12  308.626396 692.290203 -0.133000  0.678066 0.550607 1.697000  -2.186885
13  321.118530 668.879553 1.105000  2.066997 4.527681 2.347000  -0.614785
14  284.697814 671.567437 1.312000  2.593894 7.175952 2.455000  -2.302522
15  347.972451 646.582747 1.936000  2.236884 5.704528 1.996000  2.759609
16  297.313196 681.762070 0.699000  2.620475 5.511590 2.229000  0.813635

26  17  1535657120.649535
309.186812 668.665887 2.678194
1  317.564677 671.977008 0.692000  0.542522 0.397141 1.312000  -1.821302
2  308.031774 665.384052 1.730000  2.983032 8.722920 3.078000  2.782803
3  288.323668 669.088232 0.719000  1.996130 4.437707 1.547000  0.872402
4  309.317364 691.464013 -0.066000  0.673824 0.781691 1.885000  -2.193322
5  292.601805 681.411475 0.552000  1.940438 4.613404 2.000000  -2.263224
6  331.093077 640.842657 1.465000  1.981039 4.517449 1.723000  2.380332
7  313.506378 667.795547 0.917000  1.898702 4.797080 2.000000  2.656702
8  292.586167 684.777201 0.533000  0.821252 2.071867 1.839000  -2.264352
9  318.905341 670.734979 0.160000  1.105397 0.423645 0.514000  -1.355415
10  349.188396 633.971496 2.077000  1.439385 4.127173 1.563000  -2.362499
11  246.475773 691.896701 1.832000  2.819529 14.393826 3.606000  2.924014
12  300.816413 691.877625 0.024000  1.941661 4.683714 1.488000  -2.182088
13  308.360655 692.080533 -0.106000  0.697490 0.717934 1.697000  -2.102100
14  321.238249 668.353897 1.118000  2.168937 4.503281 2.347000  -0.618074
15  282.849916 668.732580 1.415000  2.842745 7.211484 2.455000  -2.264952
16  348.114156 646.514389 1.938000  2.248483 5.632731 1.996000  2.796713
17  299.903097 684.860370 0.604000  2.451940 5.749718 2.229000  0.952774

27  18  1535657121.149429
309.187042 668.666148 2.678164
1  317.617537 671.957670 0.698000  0.474876 0.596388 1.312000  -1.842701
2  307.057781 665.866919 1.577000  2.679562 8.829682 3.078000  2.763214
3  290.610304 672.390209 0.692000  1.796648 4.131371 1.547000  0.853122
4  309.176742 690.275977 -0.044000  0.814223 0.825165 1.885000  -2.150206
5  290.647655 678.386946 0.656000  2.203863 4.614559 2.000000  -2.207279
6  330.555478 640.930256 1.469000  2.020511 4.356845 1.723000  2.483731
7  307.142552 699.799852 -0.459000  2.282359 4.607606 1.614000  -2.326650
8  313.547558 667.071658 0.922000  1.879161 4.674607 2.000000  2.794459
9  291.030444 683.241453 0.596000  1.023103 2.129307 1.839000  -2.238944
10  319.039484 669.956252 0.160000  1.386270 0.428927 0.514000  -1.379915
11  348.459429 634.981499 2.064000  2.090504 4.400222 1.563000  -2.358991
12  242.051357 693.263276 1.811000  3.600006 13.536414 3.606000  2.757507
13  298.251565 688.547986 0.174000  1.899716 4.707715 1.488000  -2.205024
14  308.250369 691.240751 -0.078000  0.579101 0.601325 1.697000  -2.102771
15  321.112974 668.420323 1.131000  2.398668 4.281512 2.347000  -0.546672
16  279.161556 666.076890 1.369000  2.750892 7.120478 2.455000  -2.283455
17  348.766208 646.109568 1.938000  2.235105 5.675950 1.996000  2.874030
18  302.201925 687.832422 0.508000  2.567393 5.730144 2.229000  0.882161

28  18  1535657121.649287
309.187106 668.666437 2.678209
1  317.700991 672.228170 0.691000  0.592719 0.526430 1.312000  -1.832764
2  306.812466 666.603273 1.475000  2.819586 8.814230 3.078000  2.884970
3  292.299303 675.314868 0.587000  1.919984 4.506892 1.547000  0.906920
4  308.251368 690.089717 -0.023000  0.800715 0.886396 1.885000  -2.143911
5  287.847510 675.607235 0.738000  1.961160 4.601082 2.000000  -2.247608
6  330.525826 641.282133 1.473000  1.901159 4.640219 1.723000  2.486464
7  305.229224 696.955917 -0.309000  2.286538 4.633296 1.614000  -2.205755
8  313.693840 667.219568 0.927000  2.047860 4.736212 2.000000  2.657112
9  289.927421 681.698788 0.659000  0.855536 1.736532 1.839000  -2.291414
10  318.898590 670.257496 0.160000  1.267472 0.476779 0.514000  -1.399900
11  348.871845 634.494334 2.074000  1.959600 4.259110 1.563000  -2.420364
12  236.345413 694.979880 1.889000  2.906490 14.112805 3.606000  2.754495
13  296.614891 685.823457 0.250000  2.087082 4.639917 1.488000  -2.246897
14  307.790959 690.584111 -0.050000  0.572870 0.658037 1.697000  -2.134994
15  321.241817 668.303195 1.144000  2.210192 4.364395 2.347000  -0.625357
16  277.693430 662.761622 1.323000  2.662037 7.062983 2.455000  -2.239558
17  348.546436 646.514081 1.938000  2.162105 5.400693 1.996000  2.924289
18  304.367537 690.709259 0.377000  2.510498 5.618456 2.229000  0.929426

29  17  1535657122.149177
309.187254 668.666637 2.678213
1  317.570704 672.022664 0.683000  0.393925 0.603172 1.312000  -1.818101
2  306.063775 666.375409 1.373000  2.642476 8.736627 3.078000  2.756403
3  294.887898 678.204225 0.482000  1.995923 4.638817 1.547000  0.910910
4  308.469623 689.859733 -0.002000  0.864656 0.713001 1.885000  -2.148323
5  285.353609 672.907193 0.869000  1.842277 4.627901 2.000000  -2.236052
6  330.988173 641.033406 1.477000  2.048651 4.478655 1.723000  2.410748
7  302.764191 693.883540 -0.159000  1.987765 4.556165 1.614000  -2.287586
8  313.476356 667.248761 0.932000  2.286852 4.808847 2.000000  2.762203
9  288.280076 679.790991 0.722000  0.870122 2.006399 1.839000  -2.279248
10  319.144387 670.315392 0.160000  1.300693 0.470082 0.514000  -1.386854
11  349.001788 634.747398 2.084000  1.974649 4.116616 1.563000  -2.377951
12  235.104377 695.692786 1.967000  3.347637 14.352468 3.606000  2.522138
13  293.553802 682.911395 0.327000  2.018818 4.728527 1.488000  -2.167124
14  307.313130 690.266525 -0.035000  0.744769 0.462538 1.697000  -2.096047
15  320.991799 668.918004 1.157000  2.025533 4.405744 2.347000  -0.561133
16  348.007517 645.934794 1.938000  2.343314 5.840062 1.996000  2.808423
17  306.664217 693.741148 0.246000  2.452505 5.703606 2.229000  0.938625

30  18  1535657122.649085
309.187301 668.666848 2.678274
1  317.673329 672.613422 0.676000  0.456852 0.497696 1.312000  -1.871497
2  306.705611 666.283611 1.381000  2.552574 8.645008 3.078000  2.773559
3  296.996424 681.123492 0.376000  2.083442 4.161135 1.547000  0.987950
4  307.627030 688.739876 0.020000  0.630954 0.782663 1.885000  -2.174304
5  283.239636 669.644211 0.951000  1.996120 4.570784 2.000000  -2.149514
6  330.847739 640.865031 1.481000  2.125638 4.335134 1.723000  2.526998
7  301.017258 691.166668 -0.008000  2.066185 4.785328 1.614000  -2.219116
8  313.825477 667.154294 0.937000  1.960056 4.665960 2.000000  2.711771
9  286.788354 678.168342 0.785000  0.963355 2.078688 1.839000  -2.251887
10  318.945426 670.152596 0.160000  1.205047 0.413187 0.514000  -1.329268
11  348.773439 634.646282 2.094000  1.834786 4.115550 1.563000  -2.322757
12  228.439350 698.110347 1.970000  3.129302 13.306602 3.606000  2.801885
13  291.529266 679.545069 0.496000  1.891144 4.494278 1.488000  -2.240857
14  307.349707 690.028863 -0.020000  0.700628 0.422279 1.697000  -2.153759
15  321.154545 668.647902 1.166000  2.048705 4.478960 2.347000  -0.673147
16  289.864327 669.184598 0.775000  2.078034 4.409554 1.482000  0.953044
17  348.716114 645.859933 1.938000  1.793640 5.833793 1.996000  2.715765
18  309.035046 696.864309 0.090000  2.682350 5.626160 2.229000  0.890768

31  18  1535657123.148366
309.187431 668.666983 2.678155
1  317.281363 671.970558 0.669000  0.452178 0.645404 1.312000  -1.845384
2  305.854716 666.434027 1.390000  2.885510 8.728336 3.078000  2.725830
3  299.389885 684.694727 0.262000  1.908978 4.154694 1.547000  0.910994
4  307.932228 688.104649 0.041000  0.857587 0.687939 1.885000  -2.127504
5  280.857872 666.858488 0.933000  1.934200 4.574605 2.000000  -2.236053
6  330.755059 640.908978 1.485000  2.206433 4.785809 1.723000  2.522169
7  298.304688 688.461668 0.141000  2.137566 4.566527 1.614000  -2.233239
8  313.351111 667.462970 0.937000  1.847769 4.898058 2.000000  2.776652
9  285.625892 676.473584 0.814000  0.854585 1.994550 1.839000  -2.172421
10  319.257476 670.191212 0.160000  1.189255 0.516243 0.514000  -1.358711
11  348.913644 634.286738 2.104000  1.628403 3.812048 1.563000  -2.344001
12  224.751638 698.246786 1.973000  3.374976 13.547861 3.606000  3.171375
13  289.126030 676.800799 0.607000  1.976394 4.657073 1.488000  -2.258675
14  306.811757 689.108566 -0.005000  0.633748 0.685686 1.697000  -2.107670
15  321.306355 668.696420 1.175000  2.068741 4.626390 2.347000  -0.619962
16  291.878938 672.286239 0.668000  1.927638 4.541465 1.482000  0.960474
17  348.433326 645.943670 1.938000  1.939936 5.862936 1.996000  2.757116
18  311.708539 700.362911 -0.066000  2.901649 5.857893 2.229000  0.821645

32  17  1535657123.648262
309.187520 668.667111 2.678210
1  318.064626 671.935466 0.662000  0.473528 0.415705 1.312000  -1.893983
2  306.653484 666.009295 1.398000  2.929499 8.647667 3.078000  2.737411
3  301.866495 687.435091 0.147000  1.778602 4.343497 1.547000  0.900101
4  306.980013 687.861596 0.063000  0.843303 0.624822 1.885000  -2.155469
5  330.457304 641.061299 1.490000  2.117686 4.612637 1.723000  2.454969
6  295.846168 685.105332 0.281000  1.947201 4.701092 1.614000  -2.226379
7  313.517296 667.287249 0.937000  2.155401 4.751274 2.000000  2.765228
8  284.364519 674.545498 0.843000  1.001976 2.077447 1.839000  -2.272611
9  318.912409 669.929299 0.160000  1.156981 0.530339 0.514000  -1.314137
10  348.746729 634.442103 2.114000  1.961916 4.030781 1.563000  -2.091431
11  218.328412 701.324438 1.976000  2.847526 13.742287 3.606000  2.800248
12  286.788414 673.814356 0.718000  2.098576 4.742426 1.488000  -2.201378
13  306.849842 688.708848 0.010000  0.536282 0.513422 1.697000  -2.135377
14  321.321340 668.214277 1.184000  2.094626 4.486496 2.347000  -0.612915
15  293.896383 675.671045 0.562000  1.981977 4.384108 1.482000  0.994648
16  348.375554 645.889316 1.938000  1.856596 6.065491 1.996000  2.790918
17  314.589852 703.597157 -0.222000  2.235789 6.014433 2.229000  0.785729

33  16  1535657124.148113
309.187491 668.667274 2.678322
1  317.767629 672.090653 0.655000  0.234473 0.546893 1.312000  -1.877183
2  305.956332 666.760274 1.407000  2.922190 8.436495 3.078000  2.758629
3  304.398370 690.709637 -0.028000  2.027050 4.472773 1.547000  0.899126
4  306.765928 687.221983 0.084000  0.770587 0.709900 1.885000  -2.113222
5  331.132348 641.107150 1.486000  2.117624 4.673878 1.723000  2.428928
6  293.156635 681.894555 0.421000  2.416291 4.690734 1.614000  -2.235019
7  314.103730 667.313701 0.937000  2.331575 4.735257 2.000000  2.793614
8  282.829693 673.091593 0.872000  0.845461 1.984880 1.839000  -2.267443
9  318.691178 670.450197 0.160000  1.304703 0.649019 0.514000  -1.376074
10  348.997246 634.935264 2.114000  2.135520 4.341396 1.563000  -2.358154
11  212.433608 700.139663 1.979000  2.870475 14.158551 3.606000  2.928936
12  284.333851 670.824404 0.778000  1.899033 4.498559 1.488000  -2.294542
13  306.119269 687.821994 0.062000  0.749869 0.696692 1.697000  -2.063900
14  320.968202 668.305872 1.193000  2.161358 4.435927 2.347000  -0.610644
15  296.153735 679.331619 0.455000  1.704341 4.456981 1.482000  1.011892
16  348.371170 646.271862 1.938000  2.196813 5.779054 1.996000  2.853800

34  17  1535657124.648599
309.187553 668.667370 2.678218
1  317.937917 671.979399 0.648000  0.464188 0.581970 1.312000  -1.828141
2  306.034408 666.771595 1.416000  2.529335 8.716688 3.078000  2.704567
3  306.680902 694.147976 -0.203000  1.959455 4.310916 1.547000  0.937313
4  312.409046 705.915179 -0.612000  2.007106 4.529700 1.682000  -2.253480
5  306.746473 687.242513 0.118000  0.689176 0.563236 1.885000  -2.129976
6  330.900168 641.422402 1.482000  2.137394 4.582319 1.723000  2.382147
7  290.241940 678.390630 0.561000  1.861554 4.703085 1.614000  -2.270884
8  313.767342 667.569095 0.937000  2.120398 4.792686 2.000000  2.675247
9  281.656035 671.684787 0.918000  1.219627 2.171111 1.839000  -2.267044
10  319.374270 670.534611 0.160000  1.267002 0.441447 0.514000  -1.392723
11  349.512882 634.985537 2.114000  1.942930 4.116594 1.563000  -2.249039
12  210.385460 703.357575 1.983000  3.204224 13.803988 3.606000  3.026074
13  281.557976 668.162351 0.839000  1.873257 4.510764 1.488000  -2.218554
14  306.212646 687.353958 0.115000  0.404497 0.337963 1.697000  -2.132320
15  321.263631 668.252642 1.202000  2.322358 4.367205 2.347000  -0.599443
16  298.042769 682.138334 0.348000  2.008900 4.485570 1.482000  1.013940
17  347.997520 645.924966 1.938000  1.972858 5.706438 1.996000  2.846843

35  18  1535657125.148970
309.187636 668.667438 2.678209
1  301.845786 694.098849 0.138000  2.498153 5.656184 2.133000  -2.239504
2  317.087969 671.807702 0.648000  0.341994 0.576981 1.312000  -1.809533
3  306.188063 666.773337 1.424000  3.002596 8.754101 3.078000  2.796283
4  309.041549 696.244479 -0.303000  1.930037 4.189074 1.547000  0.923015
5  310.008743 704.105060 -0.479000  2.090833 4.034474 1.682000  -2.288452
6  306.088432 686.572322 0.151000  0.789611 0.640185 1.885000  -2.155617
7  330.893488 640.977804 1.479000  1.918545 4.440162 1.723000  2.387676
8  287.494353 675.214080 0.650000  2.258857 4.670988 1.614000  -2.151495
9  313.881928 667.337465 0.937000  1.907673 5.032096 2.000000  2.763451
10  279.554657 669.930401 0.964000  0.855809 2.050266 1.839000  -2.250857
11  318.921553 670.398380 0.160000  1.345476 0.627125 0.514000  -1.308376
12  348.769292 634.005446 2.114000  1.687663 4.677050 1.563000  -2.410713
13  204.131668 705.173116 1.986000  2.531372 14.914141 3.606000  2.678131
14  279.990949 665.164941 1.000000  2.076836 4.591708 1.488000  -2.302313
15  305.474047 687.047515 0.167000  0.358444 0.569498 1.697000  -2.090474
16  320.934521 668.251479 1.211000  2.076072 4.674543 2.347000  -0.716040
17  300.926084 686.046225 0.202000  1.808730 4.617536 1.482000  0.885874
18  347.997745 646.371667 1.938000  1.981292 5.465354 1.996000  2.826673

36  16  1535657125.649405
309.187659 668.667521 2.678203
1  299.763249 691.308558 0.252000  2.366873 5.623067 2.133000  -2.294907
2  317.866824 671.936479 0.648000  0.427860 0.401462 1.312000  -1.823549
3  306.303620 666.443700 1.433000  2.821551 8.669558 3.078000  2.867327
4  312.024300 700.229945 -0.503000  1.808079 4.384086 1.547000  0.854991
5  309.012236 700.848812 -0.346000  2.029561 4.258361 1.682000  -2.327155
6  305.866441 685.645300 0.184000  0.725631 0.793410 1.885000  -2.144828
7  331.226809 640.403729 1.475000  1.847714 4.699391 1.723000  2.430201
8  284.571090 671.787894 0.731000  2.141680 4.750839 1.614000  -2.240980
9  313.924304 667.290070 0.937000  2.012345 4.860741 2.000000  2.748391
10  278.711420 668.207008 1.010000  1.060826 2.092887 1.839000  -2.261807
11  318.732572 670.664547 0.160000  1.166810 0.461655 0.514000  -1.355876
12  349.230561 634.701035 2.114000  1.713672 3.967856 1.563000  -2.271487
13  305.501265 686.912412 0.185000  0.596989 0.695748 1.697000  -2.137910
14  321.196000 668.420187 1.220000  2.034470 4.349645 2.347000  -0.593771
15  303.263305 688.874308 0.059000  1.860236 4.518499 1.482000  1.008029
16  348.016313 645.818847 1.938000  2.097287 5.726091 1.996000  2.867394

37  14  1535657126.149278
309.187676 668.667593 2.678215
1  297.651188 688.602360 0.366000  2.277869 5.920148 2.133000  -2.242239
2  317.809236 671.993815 0.648000  0.322450 0.393930 1.312000  -1.859116
3  305.973499 665.995401 1.442000  2.624770 8.757172 3.078000  2.796871
4  306.758416 698.693669 -0.214000  1.845638 4.880654 1.682000  -2.269987
5  305.609661 684.941885 0.234000  0.708873 0.610669 1.885000  -2.143160
6  330.818895 641.293662 1.472000  1.931494 4.460430 1.723000  2.346808
7  282.328763 668.936976 0.762000  2.215820 4.775869 1.614000  -2.258677
8  313.221471 667.055751 0.937000  1.999945 4.929945 2.000000  2.742356
9  318.800440 670.107774 0.160000  1.064047 0.504306 0.514000  -1.345832
10  348.133380 635.068580 2.114000  2.332636 4.132826 1.563000  -2.320916
11  304.594101 685.510346 0.203000  0.543491 0.576597 1.697000  -2.100654
12  321.423202 668.113088 1.229000  2.084789 4.604959 2.347000  -0.563315
13  305.774564 691.902569 -0.084000  1.912341 4.561456 1.482000  0.935196
14  347.861958 646.121278 1.938000  2.020845 5.366586 1.996000  2.675166

38  14  1535657126.649732
309.187759 668.667621 2.678184
1  295.903210 685.327109 0.479000  2.135757 5.537906 2.133000  -2.239525
2  317.743780 671.830182 0.648000  0.572214 0.466135 1.312000  -1.928949
3  286.189633 666.982211 1.151000  2.045412 4.816785 2.264000  0.881002
4  305.890761 666.353395 1.450000  2.766477 8.691370 3.078000  2.781856
5  304.522593 696.646969 -0.081000  2.022545 4.328115 1.682000  -2.297148
6  304.933735 684.749110 0.284000  0.915016 0.863463 1.885000  -2.125568
7  330.863801 641.330141 1.468000  1.952971 4.635708 1.723000  2.478969
8  313.427232 667.344194 0.937000  2.281925 4.733930 2.000000  2.661136
9  319.256672 669.959190 0.160000  1.109752 0.546372 0.514000  -1.396841
10  349.114756 634.797677 2.114000  1.874547 4.045473 1.563000  -2.302773
11  304.533883 685.241916 0.221000  0.604445 0.551829 1.697000  -2.128609
12  321.015492 668.275708 1.238000  2.129079 4.635533 2.347000  -0.665434
13  308.086743 695.690199 -0.228000  1.921771 4.365693 1.482000  0.914940
14  347.664307 645.798837 1.938000  1.689240 5.505826 1.996000  2.744928

39  14  1535657127.150180
309.187799 668.667661 2.678123
1  293.463353 682.688029 0.593000  2.209049 5.562764 2.133000  -2.319500
2  317.592304 671.822348 0.648000  0.448663 0.632703 1.312000  -1.871057
3  288.828630 669.601761 1.088000  2.135480 4.888946 2.264000  0.819635
4  305.816604 666.638729 1.459000  2.777087 8.473959 3.078000  2.832504
5  303.032166 694.327947 0.052000  2.109667 4.491740 1.682000  -2.194214
6  304.879288 684.429044 0.334000  0.941758 0.786476 1.885000  -2.119865
7  330.947716 641.161569 1.465000  2.280610 4.467959 1.723000  2.489015
8  314.163157 667.415082 0.937000  1.902014 4.660166 2.000000  2.653420
9  319.208647 670.428043 0.160000  1.165394 0.419372 0.514000  -1.443374
10  348.890579 634.853319 2.114000  2.398498 4.081184 1.563000  -2.119895
11  304.565296 684.979077 0.239000  0.599102 0.596063 1.697000  -2.179712
12  320.891310 668.417159 1.202000  2.001090 4.386626 2.347000  -0.563954
13  310.174252 699.010830 -0.371000  1.926417 4.708431 1.482000  0.917480
14  347.668479 645.894115 1.938000  1.976465 5.548012 1.996000  2.754085

40  12  1535657127.650049
309.187839 668.667692 2.678142
1  291.492990 680.235084 0.707000  2.302249 5.618120 2.133000  -2.234576
2  317.771060 672.089572 0.648000  0.429577 0.399900 1.312000  -1.820938
3  291.453777 673.291315 0.988000  1.888025 4.847228 2.264000  0.891448
4  306.099311 666.203733 1.467000  2.782997 8.719083 3.078000  2.758559
5  300.918287 691.995075 0.185000  2.162040 4.468608 1.682000  -2.277098
6  304.270088 683.813752 0.359000  0.862801 0.577605 1.885000  -2.151755
7  330.538231 641.359201 1.461000  1.996388 4.457294 1.723000  2.421016
8  313.552499 667.240958 0.937000  2.181192 4.913512 2.000000  2.740052
9  319.144877 669.961987 0.160000  1.134730 0.276914 0.514000  -1.343504
10  349.114178 633.695934 2.114000  1.915938 4.380238 1.563000  -2.327114
11  321.151905 668.521833 1.167000  2.340239 4.563875 2.347000  -0.620352
12  347.777861 646.661525 1.938000  2.080521 5.434367 1.996000  2.826198

41  12  1535657128.149910
309.187861 668.667725 2.678094
1  289.350886 677.486823 0.820000  1.930923 5.460532 2.133000  -2.177964
2  317.200584 672.011984 0.648000  0.463623 0.431852 1.312000  -1.848167
3  293.675984 676.635498 0.888000  2.066531 5.044104 2.264000  0.896851
4  305.981221 665.979946 1.476000  2.898610 8.779227 3.078000  2.755133
5  299.469635 689.804147 0.189000  2.069484 4.469023 1.682000  -2.307540
6  303.884324 683.142083 0.384000  0.745288 0.628494 1.885000  -2.177157
7  330.762991 640.664275 1.458000  1.876940 4.659398 1.723000  2.428659
8  313.758380 667.119144 0.937000  2.086270 4.508309 2.000000  2.805087
9  318.857577 670.544130 0.160000  1.311973 0.442198 0.514000  -1.395055
10  349.721403 634.695591 2.114000  2.198634 4.097540 1.563000  -2.401526
11  321.261831 668.707322 1.132000  2.176324 4.362891 2.347000  -0.606885
12  348.563836 646.876348 1.938000  1.904828 5.427824 1.996000  2.754511

