1 0 1535657108.301401

2 0 1535657108.801262

3 9 1535657109.301132
3  340.369718 661.768158 0.621812 -0.097196 -0.203373 0.081796 -0.053686 -0.052650 0.012865 0.425926 0.559997 1.221000 -1.942242 -0.013515
4  324.069738 664.599223 0.401370 -0.211160 0.202087 0.010966 -0.008528 0.072360 0.001786 0.919377 0.635138 1.135000 2.541573 -0.007348
5  330.794062 640.898222 1.262350 0.192114 -0.266223 0.089491 0.044581 -0.092512 0.014137 2.179625 4.594904 1.723000 2.404746 -0.011865
6  341.215431 657.127583 1.166213 -3.165576 1.114460 -0.025024 -0.446294 0.208458 -0.003874 2.083167 4.770462 2.000000 2.881697 0.010973
7  349.286030 634.783926 1.769074 -0.239600 -0.116696 0.037626 -0.101881 -0.049549 0.005918 2.065468 4.237080 1.563000 -2.352763 -0.007237
8  298.725040 689.908660 1.008000 -2.711691 -0.989480 0.000000 -0.345294 -0.076481 0.000000 3.399697 13.994181 3.606000 -2.226938 0.000756
9  321.185752 668.007260 0.890497 0.022292 0.196834 0.009816 -0.018456 0.093065 0.001544 2.090054 4.635658 2.347000 -0.567433 -0.008554
10  345.306689 628.550462 1.843178 -0.076019 0.284473 0.112394 -0.033012 0.040429 0.017739 1.888118 3.889636 1.555000 2.395184 -0.014863
11  348.459184 645.828779 1.516817 0.580332 -0.166457 0.062165 0.123451 0.002234 0.009778 2.135252 5.550108 1.996000 2.821170 -0.018717

4 9 1535657109.801064
3  340.307709 661.653327 0.665920 -0.124036 -0.229694 0.088228 -0.053686 -0.052650 0.012865 0.425926 0.559997 1.221000 -1.948999 -0.013515
4  324.535369 664.430339 0.408768 0.476439 -0.109280 0.013631 0.201363 -0.033074 0.002324 0.881658 0.669152 1.135000 2.582138 0.019306
5  330.842107 640.995656 1.320447 0.143033 -0.006381 0.108413 0.022930 0.000347 0.017733 2.168481 4.535416 1.723000 2.388861 -0.017862
6  337.818405 658.039317 1.149510 -5.443676 1.583691 -0.030852 -1.069716 0.319193 -0.005055 2.075291 4.839825 2.000000 2.866782 -0.001318
7  349.267485 634.478760 1.793367 -0.137637 -0.424380 0.045416 -0.055497 -0.135376 0.007384 2.020747 4.219610 1.563000 -2.297398 0.028300
8  298.139528 688.301857 1.008000 -1.850797 -2.346710 0.000000 -0.031755 -0.476625 0.000000 3.406138 13.925076 3.606000 -2.277213 -0.029761
9  321.133763 668.061135 0.896835 -0.057555 0.161557 0.011848 -0.039880 0.068249 0.001926 2.100200 4.592592 2.347000 -0.540619 0.010178
10  344.725084 628.128599 1.915198 -0.738555 -0.388210 0.135016 -0.229000 -0.169775 0.021912 1.874170 3.982722 1.555000 2.429874 0.010514
11  348.372864 646.060580 1.557817 0.150539 0.214134 0.076077 -0.025659 0.117355 0.012515 2.044674 5.585752 1.996000 2.883358 0.024387

5 11 1535657110.200261
3  340.249639 661.553244 0.703191 -0.145467 -0.250712 0.093364 -0.053686 -0.052650 0.012865 0.425926 0.559997 1.221000 -1.954394 -0.013515
4  324.370048 664.357629 0.414924 0.082054 -0.151654 0.014981 0.038323 -0.043092 0.002469 0.874458 0.702046 1.135000 2.596851 0.023662
5  330.775362 640.855367 1.366099 -0.003983 -0.175028 0.114939 -0.030700 -0.057615 0.017543 2.140442 4.497483 1.723000 2.397907 -0.007804
6  335.650388 658.722117 1.133610 -5.655674 1.710781 -0.036274 -0.995872 0.319079 -0.006224 2.058794 4.862249 2.000000 2.824377 -0.027357
7  349.258325 634.425357 1.812121 -0.092878 -0.309900 0.047687 -0.032518 -0.077504 0.007151 2.006347 4.174903 1.563000 -2.329973 0.001022
8  297.592623 687.146676 1.008000 -1.622185 -2.711434 0.000000 0.051106 -0.536535 0.000000 3.265147 13.908847 3.606000 -2.240324 0.000562
9  321.090820 668.297084 0.901977 -0.090148 0.385493 0.012746 -0.045606 0.135795 0.001971 2.148774 4.601484 2.347000 -0.519270 0.020926
10  344.587443 628.141785 1.922079 -0.592735 -0.216871 0.081896 -0.147531 -0.087661 0.000666 1.961909 3.966668 1.555000 2.489333 0.044874
11  348.227623 645.996827 1.589213 -0.106208 0.055280 0.079886 -0.110311 0.046715 0.012107 2.062917 5.636739 1.996000 2.871885 0.011201
13  350.259211 652.600713 1.991164 -3.762641 1.267154 -0.001169 -0.520092 0.204436 -0.000221 2.800189 8.754855 3.078000 2.828530 0.005573
14  339.589811 659.678432 0.697958 0.065896 0.163983 0.051187 -0.002633 0.025667 0.007412 0.524587 0.603258 1.017000 2.748720 -0.028804

6 13 1535657110.651414
3  340.173084 661.429418 0.747931 -0.169687 -0.274465 0.099168 -0.053686 -0.052650 0.012865 0.425926 0.559997 1.221000 -1.960491 -0.013515
4  324.488369 664.106110 0.421185 0.191878 -0.390564 0.014835 0.072423 -0.123968 0.002004 0.876869 0.692991 1.135000 2.591721 0.012986
5  331.015385 640.851962 1.416016 0.294468 -0.091134 0.115918 0.084386 -0.017121 0.014987 2.133416 4.535046 1.723000 2.411590 0.003817
6  333.413769 659.522139 1.114308 -5.453274 1.808473 -0.041184 -0.755718 0.302032 -0.006998 2.070174 4.871032 2.000000 2.844165 -0.005653
7  349.169694 634.866528 1.833325 -0.158044 0.406414 0.048691 -0.051126 0.199350 0.006332 2.060145 4.205595 1.563000 -2.335930 -0.003313
8  296.729214 685.901329 1.008000 -1.777845 -2.843803 0.000000 -0.014753 -0.496113 0.000000 3.131954 13.886934 3.606000 -2.252376 -0.007751
9  321.191210 667.843166 0.907176 0.078549 -0.378442 0.012436 0.024143 -0.168300 0.001529 2.152278 4.601108 2.347000 -0.521160 0.013272
10  345.132018 629.053381 1.912586 0.400750 1.036859 0.023560 0.243107 0.388926 -0.020942 2.002675 3.871833 1.555000 2.459806 0.011254
11  348.058286 646.628192 1.624579 -0.280570 0.827835 0.081397 -0.156226 0.323643 0.010651 2.087179 5.583378 1.996000 2.834744 -0.017301
13  347.954776 653.126073 1.990940 -4.647256 1.245321 -0.000817 -0.698097 0.173197 -0.000097 2.798298 8.788529 3.078000 2.825066 0.001986
14  339.490873 659.740784 0.729760 -0.101507 0.153701 0.063871 -0.048154 0.019680 0.009970 0.540676 0.597557 1.017000 2.775113 -0.005173
15  290.173751 672.237574 0.698678 2.169456 3.710274 0.000124 0.292821 0.561232 0.002601 2.401367 5.216774 1.975000 0.903973 -0.041998
16  340.506593 661.710780 0.765402 0.148550 0.081954 0.084041 0.016797 0.015215 0.012095 0.436037 0.598669 1.221000 -1.951396 -0.000244

7 13 1535657111.149672
3  340.075208 661.279593 0.800536 -0.196437 -0.300698 0.105578 -0.053686 -0.052650 0.012865 0.425926 0.559997 1.221000 -1.967225 -0.013515
4  324.126449 664.138213 0.428147 -0.352681 -0.137918 0.014702 -0.150734 -0.003131 0.001569 0.832731 0.643951 1.135000 2.601952 0.015594
5  330.866309 640.939369 1.411463 -0.050268 0.067708 0.042755 -0.064265 0.047205 -0.016001 2.212178 4.573546 1.723000 2.469452 0.042629
6  331.030353 660.066504 1.092870 -5.193206 1.431803 -0.043670 -0.511051 0.099430 -0.006614 2.100643 4.821519 2.000000 2.842928 -0.004557
7  349.092052 634.920321 1.856432 -0.166670 0.263720 0.048517 -0.044651 0.106335 0.005053 2.055233 4.218292 1.563000 -2.336555 -0.002602
8  295.830865 684.377040 1.008000 -1.796015 -3.071671 0.000000 -0.018911 -0.488686 0.000000 3.157006 13.792403 3.606000 -2.222294 0.015791
9  321.683810 668.120807 0.913103 0.636988 0.158008 0.012405 0.234143 0.070101 0.001224 2.154991 4.600443 2.347000 -0.514095 0.013585
10  344.806626 628.795802 1.899163 -0.192987 0.167353 -0.011251 -0.031636 -0.019726 -0.030311 2.017920 3.939394 1.555000 2.476896 0.019217
11  347.896350 646.334673 1.662791 -0.338085 0.028881 0.080612 -0.148414 -0.045393 0.008310 2.092351 5.633879 1.996000 2.776222 -0.051910
13  345.459957 654.255571 1.990070 -5.002354 1.898210 -0.001399 -0.700647 0.372061 -0.000285 2.801660 8.825514 3.078000 2.831559 0.005663
14  339.442920 660.051568 0.764871 -0.107774 0.442317 0.069825 -0.041932 0.117537 0.010316 0.564417 0.581743 1.017000 2.800538 0.013535
15  292.562934 675.072700 0.607001 3.847890 5.040661 -0.113172 0.727241 0.859083 -0.029882 2.425363 5.237847 1.975000 0.954419 0.001742
16  340.731504 661.891422 0.823931 0.338914 0.258265 0.107002 0.068386 0.063044 0.016895 0.424588 0.595550 1.221000 -1.928629 0.013783

8 13 1535657111.649009
4  324.132413 664.482861 0.466975 -0.165103 0.356276 0.052695 -0.048393 0.189898 0.016058 0.879924 0.581105 1.135000 2.573734 -0.008965
5  330.876461 640.866975 1.391957 -0.021000 -0.049891 -0.009349 -0.040374 -0.007761 -0.033177 2.132211 4.606301 1.723000 2.439792 0.007878
6  329.090663 660.916745 1.071640 -4.513954 1.613677 -0.044309 -0.147217 0.150913 -0.005577 2.174188 4.818686 2.000000 2.812816 -0.023544
7  348.755382 634.452594 1.879406 -0.478923 -0.432181 0.048034 -0.157549 -0.185296 0.003882 2.081489 4.142687 1.563000 -2.286186 0.032641
8  294.446533 683.092452 1.115610 -2.383189 -2.871673 0.128769 -0.243857 -0.315803 0.050138 3.112164 13.805929 3.606000 -2.259386 -0.014887
9  321.325557 668.472388 0.919084 -0.125264 0.498394 0.012396 -0.108171 0.189005 0.000983 2.145840 4.590751 2.347000 -0.492889 0.023423
10  345.013442 628.586894 1.887720 0.163450 -0.186594 -0.024313 0.113297 -0.153704 -0.029504 1.891070 3.952686 1.555000 2.468612 0.007022
11  348.116022 646.410639 1.700712 0.096966 0.093404 0.079492 0.049833 -0.011444 0.006258 2.083948 5.626498 1.996000 2.819957 -0.004398
13  342.805955 655.385576 1.989902 -5.330028 2.190869 -0.000822 -0.692072 0.413373 -0.000006 2.788259 8.718095 3.078000 2.836893 0.007352
14  339.118494 659.879440 0.798603 -0.439755 -0.003895 0.070545 -0.162166 -0.077633 0.008603 0.582315 0.603594 1.017000 2.796170 0.006036
15  294.279425 677.697989 0.492289 3.751160 5.343542 -0.188519 0.561205 0.813558 -0.051699 2.442319 5.271058 1.975000 0.934945 -0.011588
16  340.917787 662.036103 0.881574 0.373061 0.289745 0.115438 0.068386 0.063044 0.016895 0.424588 0.595550 1.221000 -1.921746 0.013783
17  317.798775 671.533309 0.410000 0.093928 -0.369805 0.000000 0.058680 -0.081508 0.000000 0.493657 0.385398 1.312000 -1.834990 0.008648

9 13 1535657112.148325
4  324.037910 664.708100 0.497290 -0.189266 0.451095 0.060713 -0.048393 0.189898 0.016058 0.879924 0.581105 1.135000 2.569257 -0.008965
5  330.846098 640.858991 1.372988 -0.052843 -0.031304 -0.033095 -0.044903 0.000945 -0.035961 2.107684 4.560371 1.723000 2.468881 0.024819
6  326.881432 661.931512 1.056610 -4.490574 1.893144 -0.036990 -0.109662 0.230030 -0.001661 2.101709 4.836697 2.000000 2.840472 0.002997
7  348.355785 634.927727 1.902332 -0.701898 0.353081 0.047560 -0.213484 0.154941 0.002947 2.078203 4.141700 1.563000 -2.269142 0.033143
8  292.720686 681.289026 1.248769 -3.070692 -3.375671 0.220921 -0.463144 -0.450037 0.076153 3.120316 13.723517 3.606000 -2.283275 -0.025969
9  321.434334 668.072507 0.925073 0.056854 -0.235875 0.012356 -0.016645 -0.132185 0.000777 2.111745 4.545673 2.347000 -0.528327 -0.008318
10  344.994360 628.345867 1.878343 0.066474 -0.393779 -0.026996 0.053781 -0.204263 -0.024833 1.873977 3.837587 1.555000 2.468804 0.004790
11  347.837900 646.691837 1.738558 -0.281795 0.370406 0.078561 -0.106623 0.098139 0.004686 2.113443 5.607007 1.996000 2.850645 0.017747
13  340.087663 656.003164 1.971877 -5.537540 1.705466 -0.021855 -0.637815 0.141481 -0.008272 2.760393 8.702154 3.078000 2.819803 -0.006577
14  339.273454 660.059772 0.832558 -0.025262 0.198088 0.070764 0.032561 0.016985 0.007001 0.608639 0.607955 1.017000 2.810139 0.013386
15  296.768664 680.473057 0.377308 4.599312 5.635439 -0.223826 0.782506 0.769009 -0.055398 2.412059 5.253671 1.975000 0.914551 -0.021300
16  341.121112 662.196495 0.943426 0.407208 0.321224 0.123874 0.068386 0.063044 0.016895 0.424588 0.595550 1.221000 -1.914864 0.013783
17  317.964991 671.614019 0.442806 0.249637 -0.065541 0.039614 0.096982 0.023015 0.012003 0.510033 0.393058 1.312000 -1.838703 0.003810

10 14 1535657112.648213
4  323.931205 664.981051 0.531652 -0.213457 0.546023 0.068740 -0.048393 0.189898 0.016058 0.879924 0.581105 1.135000 2.564776 -0.008965
5  330.691386 641.003118 1.355653 -0.214379 0.158707 -0.041336 -0.098246 0.073636 -0.032227 2.096728 4.548528 1.723000 2.399723 -0.029785
6  324.560838 662.462104 1.043111 -4.602902 1.445898 -0.031397 -0.131718 0.014405 0.000803 2.063571 4.855537 2.000000 2.819214 -0.012237
7  348.896993 634.488489 1.925260 0.314580 -0.346982 0.047153 0.217277 -0.143247 0.002226 2.068215 4.248527 1.563000 -2.335622 -0.022453
8  291.087012 680.629198 1.274978 -3.281942 -2.246177 0.136317 -0.455370 0.069418 0.029107 3.148978 13.753500 3.606000 -2.317032 -0.039878
9  321.310327 668.573419 0.931063 -0.127615 0.472471 0.012292 -0.084200 0.164817 0.000603 2.103658 4.539309 2.347000 -0.538482 -0.012333
10  344.450375 628.300724 1.870973 -0.608357 -0.255020 -0.024761 -0.215337 -0.111887 -0.019215 1.966093 3.935036 1.555000 2.381805 -0.055055
11  348.040592 645.931642 1.781576 0.104717 -0.732786 0.083964 0.062051 -0.343765 0.005860 2.129024 5.587546 1.996000 2.769772 -0.042332
13  337.535790 656.645395 1.949530 -5.408872 1.483541 -0.037134 -0.463783 0.027671 -0.012605 2.790074 8.674297 3.078000 2.801909 -0.016344
14  339.268962 660.163039 0.869681 -0.008985 0.206579 0.074263 0.032561 0.016985 0.007001 0.608639 0.607955 1.017000 2.816831 0.013386
15  298.929987 682.822069 0.267413 4.592802 5.232225 -0.232627 0.626694 0.460410 -0.047996 2.386751 5.235251 1.975000 0.916082 -0.013180
16  341.341759 662.372825 1.009571 0.441393 0.352739 0.132320 0.068386 0.063044 0.016895 0.424588 0.595550 1.221000 -1.907974 0.013783
17  317.697024 672.170478 0.482248 -0.196198 0.637628 0.065339 -0.083027 0.274891 0.019186 0.486457 0.422897 1.312000 -1.864160 -0.013888
18  318.971673 670.160362 0.010000 -0.260531 -0.091067 0.000000 -0.059568 -0.035523 0.000000 1.162961 0.583798 0.514000 -1.375332 -0.021506

11 15 1535657113.148632
4  323.812268 665.301845 0.570072 -0.237674 0.641052 0.076775 -0.048393 0.189898 0.016058 0.879924 0.581105 1.135000 2.560289 -0.008965
5  330.971256 641.022326 1.361325 0.224595 0.102313 -0.016648 0.087150 0.038222 -0.016725 2.172411 4.454976 1.723000 2.404412 -0.016700
6  323.236122 662.696440 1.029660 -3.469492 0.868854 -0.028553 0.323788 -0.207496 0.001730 2.056104 4.830759 2.000000 2.830476 -0.000627
7  348.987210 634.710771 1.949059 0.279133 0.093227 0.047846 0.162519 0.051171 0.002066 2.093262 4.193728 1.563000 -2.364962 -0.034542
8  288.935208 679.187827 1.318305 -3.978598 -2.608260 0.112735 -0.633414 -0.081295 0.014618 3.092478 13.756731 3.606000 -2.443558 -0.111043
9  320.736861 668.267175 0.937052 -0.748897 -0.137334 0.012222 -0.304161 -0.098113 0.000462 2.166634 4.521735 2.347000 -0.540328 -0.009445
10  344.660434 629.002556 1.914061 -0.042249 0.705530 0.037099 0.040599 0.274197 0.007931 2.003778 3.844885 1.555000 2.514047 0.051650
11  348.126878 645.888587 1.825867 0.157516 -0.419070 0.087852 0.070311 -0.159279 0.006223 2.071723 5.697095 1.996000 2.828937 0.011323
13  335.573959 657.339050 1.926252 -4.618379 1.431276 -0.045269 -0.071626 0.002317 -0.013306 2.747227 8.718172 3.078000 2.810794 -0.004953
14  339.272620 660.270668 0.908597 0.007309 0.215078 0.077767 0.032561 0.016985 0.007001 0.608639 0.607955 1.017000 2.823530 0.013386
15  301.424923 686.331633 0.161341 4.953609 6.385722 -0.230047 0.644948 0.817431 -0.037709 2.366141 5.260172 1.975000 0.886246 -0.028681
16  341.579766 662.565130 1.080018 0.475615 0.384287 0.140775 0.068386 0.063044 0.016895 0.424588 0.595550 1.221000 -1.901077 0.013783
17  317.888089 672.050546 0.522540 0.130816 0.171473 0.078258 0.058780 0.042607 0.020463 0.520161 0.431177 1.312000 -1.833400 0.011033
18  319.082119 669.785784 0.041954 0.018196 -0.495043 0.038551 0.034051 -0.152707 0.011698 1.223179 0.522478 0.514000 -1.381706 -0.018862
19  324.063586 664.387274 0.602366 -0.328271 0.132901 0.072436 -0.063468 0.052457 0.011333 0.822678 0.668024 1.135000 2.551923 -0.002890

12 15 1535657113.648526
4  323.681363 665.669758 0.612464 -0.261865 0.735981 0.084803 -0.048393 0.189898 0.016058 0.879924 0.581105 1.135000 2.555808 -0.008965
5  331.037912 641.061239 1.372996 0.188358 0.095626 0.003614 0.057060 0.028496 -0.005933 2.161268 4.428811 1.723000 2.426584 0.003654
6  321.960181 663.712744 1.015974 -2.860610 1.515627 -0.027505 0.492339 0.075483 0.001800 2.031565 4.904473 2.000000 2.776319 -0.036537
7  348.445738 634.862370 1.972212 -0.494088 0.227990 0.047362 -0.159660 0.092339 0.001494 2.014590 4.146612 1.563000 -2.356052 -0.017084
8  287.622676 678.683577 1.370323 -3.306962 -1.678044 0.110582 -0.260780 0.284770 0.011051 3.159982 13.817273 3.606000 -2.587336 -0.169910
9  321.070980 668.363932 0.943039 0.027966 0.038510 0.012172 0.046089 -0.013317 0.000356 2.205909 4.510803 2.347000 -0.587845 -0.037986
10  345.425404 628.608436 1.970116 0.896832 -0.122822 0.083131 0.387032 -0.089820 0.023793 1.811035 3.790986 1.555000 2.476473 0.009372
11  348.171040 646.193326 1.869332 0.130915 0.157330 0.088587 0.047028 0.088077 0.005327 2.052839 5.641249 1.996000 2.812482 -0.003427
13  332.634521 658.429852 1.904333 -5.380600 1.876620 -0.047137 -0.347164 0.170801 -0.011492 2.792829 8.768646 3.078000 2.829139 0.008932
14  339.284411 660.382429 0.949222 0.023586 0.223569 0.081266 0.032561 0.016985 0.007001 0.608639 0.607955 1.017000 2.830221 0.013386
15  303.942544 689.701103 0.055877 5.133819 6.762328 -0.226401 0.590684 0.805211 -0.029124 2.392230 5.271148 1.975000 0.954968 0.026694
17  317.762442 671.856812 0.560956 -0.084482 -0.152254 0.081567 -0.035661 -0.090565 0.017792 0.481745 0.494205 1.312000 -1.899320 -0.036463
18  319.258989 670.229010 0.082039 0.223935 0.292259 0.065598 0.102800 0.161914 0.019420 1.216693 0.576177 0.514000 -1.322256 0.025668
19  323.942417 664.535070 0.649690 -0.289066 0.241468 0.088092 -0.041943 0.077445 0.014365 0.838780 0.622848 1.135000 2.531444 -0.014357
20  300.790233 690.854435 -0.142718 -2.039878 -3.191922 0.209375 -0.324198 -0.529113 0.032948 2.267519 4.945893 1.518000 -2.275202 0.027271

13 14 1535657114.148383
5  330.998638 641.294503 1.385053 0.042119 0.320914 0.014532 -0.008525 0.107698 -0.000722 2.139775 4.466262 1.723000 2.439216 0.010858
6  320.035829 663.919860 1.002096 -3.345196 0.879627 -0.027291 0.218124 -0.177358 0.001542 2.077535 4.876444 2.000000 2.749411 -0.042301
7  349.147277 634.541646 1.995179 0.595736 -0.267542 0.046831 0.279285 -0.110949 0.001015 2.049282 4.173420 1.563000 -2.324938 0.009354
8  285.465617 677.909209 1.446062 -3.956680 -1.543672 0.137054 -0.455690 0.281778 0.018913 3.176405 13.837894 3.606000 -2.759943 -0.228367
9  320.991201 668.422112 0.949030 -0.073571 0.081860 0.012134 -0.000662 0.005450 0.000275 2.202620 4.487060 2.347000 -0.589679 -0.026549
10  345.134115 628.599603 2.025412 0.100680 -0.078965 0.104252 0.015644 -0.056512 0.027256 1.762744 3.800468 1.555000 2.452080 -0.010015
11  348.347634 646.085055 1.913277 0.272052 -0.045871 0.089277 0.091173 -0.004703 0.004587 2.065006 5.687236 1.996000 2.902233 0.057555
13  330.321282 659.547495 1.883133 -5.005878 2.124123 -0.046685 -0.140686 0.231860 -0.009158 2.785149 8.740015 3.078000 2.819735 -0.000315
15  306.454398 693.474266 -0.049494 5.189849 7.392046 -0.223098 0.500248 0.891110 -0.022372 2.418679 5.292316 1.975000 0.878062 -0.033472
17  317.855886 671.816605 0.577691 0.069371 -0.128029 0.056640 0.029965 -0.063999 0.004864 0.480463 0.472562 1.312000 -1.836027 0.017841
18  319.417239 670.450287 0.121672 0.299847 0.414489 0.077672 0.112234 0.177798 0.020330 1.234219 0.588888 0.514000 -1.296267 0.034360
19  324.082227 664.619985 0.695328 0.039318 0.214839 0.092921 0.085309 0.053644 0.013508 0.825375 0.648569 1.135000 2.532834 -0.008818
20  299.003960 689.312197 -0.007527 -3.029307 -3.232588 0.252755 -0.575232 -0.461205 0.041113 2.260459 4.952615 1.518000 -2.296466 0.006248
22  290.857118 672.854634 0.558310 2.717020 3.959099 -0.063316 0.433656 0.630588 -0.010020 2.205250 4.956989 1.597000 0.843278 0.001097

14 14 1535657114.648261
5  331.017562 641.481832 1.392137 0.037857 0.374750 0.014171 -0.008525 0.107698 -0.000722 2.139775 4.466262 1.723000 2.444644 0.010858
6  318.927031 664.764664 0.988977 -2.634228 1.322556 -0.026357 0.443381 0.021574 0.001603 2.121787 4.826958 2.000000 2.764048 -0.018444
7  348.803694 634.618380 2.018120 -0.105850 -0.041256 0.046483 -0.035509 -0.005513 0.000695 2.063080 4.162305 1.563000 -2.239885 0.062942
8  283.077042 677.979506 1.527618 -4.535596 -0.490216 0.156349 -0.587089 0.623294 0.022595 3.185847 13.861378 3.606000 -2.964848 -0.288871
9  321.328775 668.363146 0.961026 0.369090 -0.035176 0.019205 0.165115 -0.039367 0.002870 2.181119 4.570533 2.347000 -0.583965 -0.013891
10  345.188352 628.546009 2.084336 0.108500 -0.107214 0.117876 0.015644 -0.056512 0.027256 1.762744 3.800468 1.555000 2.447074 -0.010015
11  348.053600 646.612506 1.921276 -0.217972 0.604180 0.046888 -0.109261 0.239440 -0.012134 2.079800 5.636695 1.996000 2.905164 0.040327
13  328.808638 659.596348 1.888805 -3.863580 0.972917 -0.014231 0.314040 -0.243297 0.004729 2.860644 8.701937 3.078000 2.818521 -0.001019
15  309.173691 697.392058 -0.166605 5.439912 7.837492 -0.234281 0.500248 0.891110 -0.022372 2.418679 5.292316 1.975000 0.861330 -0.033472
17  317.811441 672.061982 0.588151 -0.018313 0.225652 0.036469 -0.008913 0.082055 -0.003696 0.480578 0.450726 1.312000 -1.871970 -0.012062
18  319.262020 670.044697 0.160787 -0.040336 -0.278394 0.082136 -0.040664 -0.123826 0.018132 1.231503 0.571860 0.514000 -1.354739 -0.015940
19  324.165380 664.770469 0.740730 0.132115 0.276951 0.094415 0.104597 0.067218 0.011486 0.804113 0.688352 1.135000 2.536059 -0.003776
20  297.458202 687.355939 0.139310 -3.183803 -3.729927 0.285415 -0.526772 -0.558379 0.045524 2.268474 4.944202 1.518000 -2.349233 -0.029889
22  293.001085 675.603138 0.483439 3.751306 5.012710 -0.117461 0.681656 0.854587 -0.024926 2.193925 4.936472 1.597000 0.864267 0.013412

15 15 1535657115.148131
5  331.034355 641.696069 1.399040 0.033595 0.428585 0.013810 -0.008525 0.107698 -0.000722 2.139775 4.466262 1.723000 2.450072 0.010858
6  317.681274 665.329963 0.975171 -2.459628 1.213672 -0.026775 0.425809 -0.023135 0.001148 2.100472 4.861708 2.000000 2.657609 -0.083261
7  348.683897 634.585881 2.041132 -0.192201 -0.056427 0.046361 -0.061139 -0.010151 0.000519 1.963480 4.256287 1.563000 -2.320425 -0.011731
8  280.637141 678.236002 1.574189 -4.859806 0.230262 0.123620 -0.598575 0.776065 0.006148 3.179560 13.874560 3.606000 -3.142777 -0.311226
9  321.377428 668.190212 0.974479 0.242200 -0.226928 0.024347 0.086874 -0.103654 0.004255 2.192575 4.565685 2.347000 -0.556168 0.009271
10  345.246497 628.478295 2.150069 0.116320 -0.135463 0.131501 0.015644 -0.056512 0.027256 1.762744 3.800468 1.555000 2.442068 -0.010015
11  348.281426 646.412155 1.920519 0.157950 0.059067 0.015797 0.051589 -0.008931 -0.021484 2.110539 5.677822 1.996000 2.878727 0.009262
13  327.469447 660.305284 1.900990 -3.099109 1.186487 0.009560 0.541274 -0.117919 0.012744 2.877233 8.707411 3.078000 2.794223 -0.016879
15  312.017936 701.532445 -0.289305 5.689971 8.282931 -0.245464 0.500248 0.891110 -0.022372 2.418679 5.292316 1.975000 0.844599 -0.033472
17  317.895880 671.978739 0.599060 0.090679 0.010292 0.027047 0.033774 -0.014414 -0.006546 0.468387 0.484611 1.312000 -1.795376 0.043020
18  319.061538 670.002557 0.166558 -0.262709 -0.188349 0.043920 -0.117881 -0.065758 0.000063 1.250412 0.570701 0.514000 -1.387058 -0.032163
19  324.257556 664.925704 0.790795 0.184400 0.310551 0.100156 0.104597 0.067218 0.011486 0.804113 0.688352 1.135000 2.534171 -0.003776
20  295.765576 685.497176 0.287042 -3.410873 -3.836362 0.300665 -0.512832 -0.491970 0.042637 2.309895 4.948080 1.518000 -2.349918 -0.020470
22  295.079749 677.866272 0.402626 4.131362 4.899339 -0.148729 0.695976 0.657701 -0.031777 2.169265 4.991638 1.597000 0.974604 0.080419
23  304.620500 695.907980 0.245866 -2.700138 -3.750173 0.197946 -0.465318 -0.623292 0.031134 2.674160 7.133314 2.455000 -2.203918 0.037377

16 15 1535657115.648632
5  331.049034 641.937555 1.405771 0.029329 0.482489 0.013449 -0.008525 0.107698 -0.000722 2.139775 4.466262 1.723000 2.455506 0.010858
6  316.935210 665.807616 0.961151 -1.799339 1.055530 -0.027273 0.592751 -0.077851 0.000747 2.147047 4.831972 2.000000 2.665506 -0.050209
7  348.564834 634.874614 2.064094 -0.231088 0.289150 0.046213 -0.064146 0.117111 0.000371 1.905777 4.164332 1.563000 -2.288154 0.012362
8  278.480531 679.391949 1.611357 -4.656248 1.619007 0.095677 -0.410735 1.149515 -0.005433 3.147008 13.794562 3.606000 1.471171 2.869128
9  321.305352 668.280591 0.987962 0.031479 -0.007038 0.026750 -0.008027 -0.002195 0.004357 2.164840 4.548486 2.347000 -0.575140 -0.006474
10  345.308634 628.396340 2.222713 0.124150 -0.163747 0.145142 0.015644 -0.056512 0.027256 1.762744 3.800468 1.555000 2.437056 -0.010015
11  348.551408 645.958533 1.919576 0.394172 -0.513885 0.000946 0.130138 -0.221162 -0.023014 2.240562 5.567226 1.996000 2.885674 0.010803
13  326.377982 660.566826 1.913283 -2.445126 0.769568 0.021041 0.684389 -0.251630 0.014650 2.774967 8.704173 3.078000 2.835176 0.016061
15  314.991086 705.901286 -0.417765 5.940345 8.728933 -0.256661 0.500248 0.891110 -0.022372 2.418679 5.292316 1.975000 0.827846 -0.033472
17  317.981428 671.821858 0.610136 0.145081 -0.184306 0.022799 0.047833 -0.084664 -0.006910 0.434364 0.484636 1.312000 -1.842925 -0.003041
18  319.046007 670.121596 0.164044 -0.149312 0.051024 0.014906 -0.052586 0.037370 -0.010938 1.223913 0.560253 0.514000 -1.386033 -0.020748
19  324.376050 665.097974 0.843800 0.236751 0.344194 0.105905 0.104597 0.067218 0.011486 0.804113 0.688352 1.135000 2.532281 -0.003776
20  293.807032 683.147100 0.388754 -3.813735 -4.447349 0.251307 -0.569247 -0.632730 0.015354 2.318973 4.993416 1.518000 -2.313893 0.010301
22  297.544722 681.010624 0.326042 4.744621 5.855494 -0.157721 0.797889 0.898891 -0.029118 2.170450 5.057639 1.597000 0.958449 0.043148
23  302.710197 694.451302 0.373692 -3.466633 -3.366747 0.238808 -0.627265 -0.412245 0.038806 2.703748 7.084376 2.455000 -2.229875 0.010462

17 14 1535657116.148450
6  315.783283 666.283739 0.947101 -1.976659 0.978793 -0.027615 0.416078 -0.091962 0.000480 2.152028 4.793192 2.000000 2.725361 0.006414
7  348.798145 634.624125 2.074279 0.132798 -0.112761 0.032284 0.078949 -0.049294 -0.004730 1.822655 4.145869 1.563000 -2.297644 0.002695
8  276.257748 680.177195 1.647687 -4.616746 1.825797 0.080982 -0.319414 1.012322 -0.009902 3.200934 13.815856 3.606000 2.995550 2.929342
9  321.285312 668.439154 1.001203 -0.012447 0.184093 0.027489 -0.022917 0.069516 0.003820 2.176617 4.510225 2.347000 -0.557759 0.007268
11  348.507441 646.027892 1.920044 0.135950 -0.173542 -0.003767 0.009543 -0.052959 -0.020481 2.139032 5.516697 1.996000 2.832004 -0.028570
13  325.331800 660.995660 1.902203 -2.097189 0.770342 -0.001493 0.686579 -0.204402 0.003507 2.755789 8.747729 3.078000 2.847998 0.019257
17  318.151987 672.052863 0.622545 0.270794 0.180472 0.022585 0.085905 0.067577 -0.005699 0.436961 0.524901 1.312000 -1.823919 0.010641
18  319.062524 670.269183 0.161246 -0.052154 0.203165 0.000542 -0.006137 0.087590 -0.014286 1.264629 0.520912 0.514000 -1.351973 0.008865
19  324.520512 665.286801 0.899603 0.289030 0.377791 0.111646 0.104597 0.067218 0.011486 0.804113 0.688352 1.135000 2.530394 -0.003776
20  291.828234 680.718918 0.479393 -4.015647 -4.819692 0.212914 -0.537674 -0.654169 -0.002252 2.315661 4.986831 1.518000 -2.192486 0.087735
22  299.956020 684.352990 0.252014 4.953759 6.532080 -0.157910 0.724707 0.986598 -0.023575 2.160806 5.044155 1.597000 0.953061 0.025229
23  301.051917 692.429213 0.497816 -3.506306 -3.852844 0.252361 -0.527507 -0.514263 0.036678 2.705732 7.142499 2.455000 -2.234435 0.004134
25  330.513719 641.200457 1.426162 0.159067 -0.217514 0.016358 0.068637 -0.046864 0.002574 2.147889 4.480697 1.723000 2.427358 0.007365
26  309.865520 702.690366 -0.510221 1.867860 -0.672169 -0.148323 0.537824 0.016578 -0.037936 1.285327 2.835494 1.887300 -2.252734 0.010402

18 13 1535657116.649423
6  314.897455 666.751008 0.933387 -1.768215 0.932722 -0.027374 0.416078 -0.091962 0.000480 2.152028 4.793192 2.000000 2.728574 0.006414
7  348.730195 635.005852 2.081057 0.004198 0.353605 0.020969 0.018141 0.128286 -0.007965 1.931797 4.155765 1.563000 -2.343238 -0.026135
8  273.549935 681.315609 1.673102 -5.148695 2.297110 0.061052 -0.458159 0.998955 -0.015486 3.127159 13.824348 3.606000 3.334954 2.177173
9  321.101652 668.525715 1.014275 -0.226768 0.191612 0.027444 -0.098585 0.059330 0.003090 2.148067 4.469489 2.347000 -0.573555 -0.005692
11  348.007208 646.085163 1.921579 -0.533620 -0.013976 -0.003910 -0.242017 0.016462 -0.016707 2.038525 5.419810 1.996000 2.843750 -0.011195
13  323.700878 661.072510 1.884036 -2.642500 0.363362 -0.021358 0.354763 -0.318051 -0.004561 2.733365 8.790987 3.078000 2.920505 0.061168
17  317.988719 672.201798 0.634634 -0.064929 0.263446 0.022336 -0.055592 0.085927 -0.004725 0.419626 0.532860 1.312000 -1.837725 -0.002118
18  319.154845 670.257518 0.159706 0.086661 0.086899 -0.004517 0.047063 0.027546 -0.013499 1.238616 0.499362 0.514000 -1.368564 -0.005158
20  289.527871 678.090014 0.568758 -4.467083 -5.206872 0.191961 -0.606644 -0.676691 -0.009762 2.374634 4.977131 1.518000 -2.279859 0.000192
22  301.674351 687.381045 0.179024 4.195017 6.442503 -0.155438 0.295825 0.763389 -0.018115 2.186211 5.007611 1.597000 0.969657 0.027865
23  299.409950 690.301697 0.615029 -3.477062 -4.191616 0.248849 -0.414578 -0.545482 0.028257 2.707177 7.149263 2.455000 -2.276740 -0.025187
25  330.876830 640.775047 1.431545 0.514501 -0.608453 0.013477 0.166123 -0.158444 0.001308 2.065193 4.551848 1.723000 2.437117 0.011023
26  310.936247 702.357788 -0.594048 2.137295 -0.663864 -0.167328 0.537824 0.016578 -0.037936 1.285327 2.835494 1.887300 -2.247523 0.010402

19 13 1535657117.149304
6  314.117528 667.194278 0.919823 -1.560225 0.886752 -0.027134 0.416078 -0.091962 0.000480 2.152028 4.793192 2.000000 2.731780 0.006414
7  348.650780 634.915608 2.086710 -0.080769 0.090910 0.013885 -0.015835 0.010201 -0.009086 2.048213 4.222615 1.563000 -2.351540 -0.023209
8  270.704565 681.572935 1.697393 -5.563418 1.448697 0.050524 -0.527396 0.496440 -0.016525 3.156229 13.790164 3.606000 3.228124 1.380718
9  321.191525 668.553828 1.027252 -0.006790 0.123788 0.027200 0.001808 0.022984 0.002423 2.126947 4.416793 2.347000 -0.563933 0.002617
11  347.941331 645.539806 1.923637 -0.345779 -0.646779 -0.002587 -0.126874 -0.222545 -0.013100 2.084899 5.409070 1.996000 2.808030 -0.031269
13  321.613209 661.713537 1.866030 -3.475955 0.841143 -0.030952 -0.022167 -0.080597 -0.007288 2.794585 8.772670 3.078000 2.949653 0.060216
17  317.652097 671.982672 0.647518 -0.435770 -0.133579 0.023400 -0.183607 -0.078259 -0.003447 0.497196 0.506420 1.312000 -1.829278 0.004216
18  319.193690 670.509962 0.159155 0.090993 0.339622 -0.005259 0.039885 0.116905 -0.011253 1.212103 0.463230 0.514000 -1.387661 -0.016166
20  287.034194 675.180264 0.650888 -4.899424 -5.708268 0.173604 -0.655218 -0.738075 -0.014833 2.347380 4.983389 1.518000 -2.234786 0.030163
22  304.173275 689.971667 -0.001712 4.731517 5.851796 -0.281212 0.442991 0.395188 -0.062314 2.155114 5.002712 1.597000 0.937415 -0.002897
23  297.616690 688.298988 0.729751 -3.626690 -4.192112 0.243077 -0.392348 -0.440461 0.020579 2.706950 7.181438 2.455000 -2.178045 0.048780
25  331.175228 640.810714 1.436371 0.597185 -0.238166 0.011479 0.165992 0.005324 0.000342 2.077014 4.578221 1.723000 2.442361 0.010851
26  312.139032 702.030078 -0.687171 2.406143 -0.655577 -0.186291 0.537824 0.016578 -0.037936 1.285327 2.835494 1.887300 -2.242323 0.010402

20 14 1535657117.649169
6  313.441590 667.614556 0.906380 -1.352242 0.840784 -0.026894 0.416078 -0.091962 0.000480 2.152028 4.793192 2.000000 2.734987 0.006414
7  348.762259 634.688061 2.092677 0.081745 -0.205383 0.010761 0.045683 -0.098589 -0.008574 1.981317 4.182503 1.563000 -2.272558 0.032540
8  268.441400 682.348371 1.785800 -5.059256 1.610849 0.121790 -0.241222 0.464385 0.013116 3.206501 13.853528 3.606000 3.083679 0.824428
9  321.248243 668.641837 1.040207 0.064632 0.159376 0.026938 0.028092 0.031966 0.001874 2.105743 4.473929 2.347000 -0.591316 -0.016506
11  348.109793 646.162002 1.925868 0.031693 0.425278 -0.001100 0.037458 0.218500 -0.010105 2.053376 5.477581 1.996000 2.777064 -0.041491
13  319.440126 661.961282 1.848105 -3.995342 0.620510 -0.035342 -0.211643 -0.147822 -0.007567 2.782349 8.832313 3.078000 3.021367 0.087953
17  317.594394 671.948231 0.659765 -0.284038 -0.111365 0.023346 -0.092799 -0.055387 -0.002824 0.488438 0.557865 1.312000 -1.834771 -0.000849
18  319.180479 670.501883 0.159104 0.029750 0.153252 -0.004513 0.009574 0.025499 -0.008874 1.211194 0.489058 0.514000 -1.388937 -0.011631
20  284.841066 672.392121 0.733137 -4.730499 -5.781875 0.165215 -0.469180 -0.627402 -0.015198 2.391761 4.872950 1.518000 -2.239060 0.017265
22  306.306774 693.145987 -0.207731 4.547716 6.227466 -0.371410 0.290538 0.462202 -0.084529 2.176110 4.992320 1.597000 0.960475 0.013437
23  295.582210 685.957801 0.807977 -3.969549 -4.573329 0.195872 -0.448420 -0.502000 -0.001389 2.695883 7.191401 2.455000 -2.246927 -0.013337
25  330.831746 641.025763 1.440311 -0.132407 0.160120 0.009411 -0.146496 0.157469 -0.000519 2.060003 4.632835 1.723000 2.414184 -0.011343
26  313.476163 701.706520 -0.789770 2.674983 -0.647290 -0.205254 0.537824 0.016578 -0.037936 1.285327 2.835494 1.887300 -2.237124 0.010402
30  311.576640 694.664271 -0.199880 -0.111103 -0.732331 0.068338 -0.028297 -0.078186 0.004776 0.674918 0.625031 1.792880 -2.269159 0.026907

21 14 1535657118.149616
7  349.036807 634.833634 2.099185 0.347621 0.043906 0.010047 0.133371 0.009166 -0.007283 1.966094 4.243235 1.563000 -2.330684 -0.013308
8  265.006470 684.391967 1.790837 -6.175744 3.168157 0.058397 -0.612400 0.958252 -0.012960 3.235958 13.860328 3.606000 2.958181 0.465693
9  321.351110 668.454465 1.053165 0.153715 -0.149768 0.026702 0.056058 -0.089232 0.001436 2.080824 4.505558 2.347000 -0.626345 -0.034353
11  348.258389 646.040549 1.928115 0.196211 0.074922 0.000139 0.091795 0.047143 -0.007758 2.109227 5.507973 1.996000 2.789370 -0.019444
13  317.564098 662.497966 1.757758 -3.892756 0.857539 -0.122756 -0.133918 -0.031887 -0.038741 2.718084 8.819744 3.078000 2.981850 0.032262
17  317.792061 671.906122 0.666675 0.098579 -0.106590 0.017128 0.067183 -0.043271 -0.004616 0.479465 0.538429 1.312000 -1.844081 -0.006773
18  319.068215 670.284650 0.159234 -0.118579 -0.188939 -0.003504 -0.047562 -0.106949 -0.006841 1.208285 0.509956 0.514000 -1.357027 0.013524
20  282.415458 669.398391 0.815432 -4.895232 -6.028553 0.161653 -0.442979 -0.602235 -0.013686 2.357293 4.913904 1.518000 -2.311880 -0.037044
22  308.655430 696.378261 -0.414772 4.693115 6.458773 -0.413713 0.290538 0.462202 -0.084529 2.176110 4.992320 1.597000 0.967199 0.013437
23  293.749951 683.035845 0.878484 -3.878052 -5.425951 0.162983 -0.328798 -0.729727 -0.013580 2.702573 7.184045 2.455000 -2.219610 0.009320
25  330.416101 640.962104 1.444126 -0.577563 0.021036 0.008242 -0.289966 0.073400 -0.000870 2.067905 4.597967 1.723000 2.436566 0.007315
30  311.196114 693.975486 -0.187384 -0.508708 -1.136654 0.043101 -0.144667 -0.189018 -0.003608 0.714672 0.693530 1.820516 -2.224068 0.045965
31  313.634750 667.188752 0.893841 -0.736722 0.217873 -0.055598 -0.114444 0.056808 -0.008746 2.310102 4.771673 2.000000 2.638047 -0.045947
33  310.238075 694.526144 -0.245383 -0.768411 -0.507744 0.045301 -0.111211 -0.047453 0.007188 0.661533 0.569810 1.697000 -2.332871 0.011347

22 14 1535657118.649480
7  349.243895 634.857871 2.102388 0.414288 0.048488 0.006407 0.133371 0.009166 -0.007283 1.966094 4.243235 1.563000 -2.337336 -0.013308
8  261.432512 685.958503 1.777185 -6.876480 3.343963 0.005114 -0.759474 0.845253 -0.030404 3.180647 13.907373 3.606000 3.039271 0.364584
9  321.195745 668.647786 1.066124 -0.109238 0.148924 0.026538 -0.052388 0.038714 0.001107 2.115390 4.435396 2.347000 -0.631396 -0.026274
11  347.923890 645.674798 1.930321 -0.296239 -0.391946 0.001078 -0.108841 -0.135640 -0.005963 2.089583 5.660291 1.996000 2.761852 -0.031307
13  315.458506 663.537852 1.650096 -4.108940 1.573388 -0.185401 -0.189543 0.240858 -0.054871 2.724191 8.789574 3.078000 2.969487 0.013272
17  317.535149 672.124837 0.671440 -0.249547 0.206017 0.011696 -0.075105 0.081321 -0.005781 0.434252 0.514637 1.312000 -1.844733 -0.004951
18  318.822462 670.389974 0.159397 -0.348714 0.025299 -0.002640 -0.124520 -0.007117 -0.005243 1.191690 0.545947 0.514000 -1.382000 -0.007627
20  279.590086 666.416279 0.898118 -5.433172 -6.114644 0.161079 -0.561163 -0.521975 -0.011346 2.350407 4.880237 1.518000 -2.327541 -0.035140
22  311.073944 699.722258 -0.642693 4.838345 6.689811 -0.455966 0.290538 0.462202 -0.084529 2.176110 4.992320 1.597000 0.973916 0.013437
23  291.315230 679.914429 0.908901 -4.532529 -6.059228 0.099782 -0.513193 -0.830748 -0.034804 2.723322 7.119213 2.455000 -2.254727 -0.017190
25  330.761809 641.166843 1.448004 0.116639 0.266526 0.007778 0.030706 0.153191 -0.000881 2.047262 4.616316 1.723000 2.468125 0.025899
30  310.919933 693.264727 -0.176401 -0.564136 -1.344129 0.029851 -0.138515 -0.230179 -0.007778 0.742243 0.744794 1.839861 -2.226656 0.029439
31  313.615727 667.660274 0.891610 -0.338071 0.666640 -0.026494 0.023887 0.184371 0.001412 2.274107 4.773433 2.000000 2.686395 -0.002987
33  310.019734 693.687567 -0.216675 -0.590484 -1.222691 0.054043 -0.040349 -0.257208 0.008750 0.685440 0.609719 1.697000 -2.316233 0.017953

23 14 1535657119.149935
7  349.484631 634.884433 2.103770 0.481034 0.053075 0.002762 0.133371 0.009166 -0.007283 1.966094 4.243235 1.563000 -2.343997 -0.013308
8  258.080499 686.706257 1.752885 -6.949832 2.519022 -0.031217 -0.648333 0.393069 -0.038055 3.219329 13.854673 3.606000 2.965328 0.202652
9  321.306388 668.655910 1.079097 0.075397 0.078368 0.026400 0.026208 0.005192 0.000850 2.087416 4.447178 2.347000 -0.636627 -0.020995
11  347.919388 645.797052 1.931625 -0.148625 -0.043425 0.000761 -0.033514 0.019574 -0.004968 2.029661 5.716187 1.996000 2.794664 0.001013
13  312.584540 663.841912 1.543081 -5.113890 1.051466 -0.213438 -0.528787 0.001376 -0.055086 2.735095 8.754777 3.078000 2.869002 -0.058147
17  317.201017 672.375358 0.675978 -0.512174 0.396854 0.008960 -0.158998 0.137291 -0.005722 0.471391 0.528020 1.312000 -1.877224 -0.024960
18  319.077655 670.357793 0.159539 0.133640 -0.029149 -0.001983 0.078582 -0.026092 -0.004020 1.175490 0.553611 0.514000 -1.393982 -0.013070
20  277.383080 663.689125 0.981987 -4.942701 -5.827842 0.162608 -0.273338 -0.317471 -0.008657 2.315511 4.908495 1.518000 -2.268196 0.016148
22  313.568084 703.185967 -0.892054 4.983746 6.921122 -0.498269 0.290538 0.462202 -0.084529 2.176110 4.992320 1.597000 0.980640 0.013437
23  289.305378 677.085097 1.039228 -4.331624 -5.988743 0.187757 -0.341625 -0.648496 0.004699 2.718791 7.100871 2.455000 -2.253993 -0.010966
25  330.889027 641.208059 1.451954 0.204470 0.188514 0.007667 0.058147 0.094617 -0.000756 2.024325 4.597739 1.723000 2.388878 -0.035561
30  310.241196 692.705776 -0.165634 -1.063406 -1.255622 0.023315 -0.303908 -0.151820 -0.008795 0.785048 0.741328 1.853403 -2.193899 0.041347
31  313.859174 667.028799 0.897839 0.155687 -0.439251 -0.003117 0.199439 -0.252196 0.009672 2.234405 4.752705 2.000000 2.613353 -0.049249
33  309.661170 693.440317 -0.187920 -0.673410 -0.843048 0.057850 -0.063207 -0.071978 0.008542 0.701918 0.565986 1.697000 -2.267063 0.043936

24 14 1535657119.649820
7  349.758420 634.913255 2.103331 0.547705 0.057658 -0.000879 0.133371 0.009166 -0.007283 1.966094 4.243235 1.563000 -2.350649 -0.013308
8  253.226433 687.516675 1.766286 -8.595478 2.121949 -0.008448 -1.125459 0.178773 -0.022967 3.214432 13.870197 3.606000 2.894874 0.096686
9  321.288043 668.546852 1.092072 0.014537 -0.095751 0.026312 -0.001357 -0.060668 0.000658 2.081185 4.427532 2.347000 -0.571156 0.029638
11  348.825116 645.873237 1.933538 1.002711 0.076269 0.001556 0.401826 0.060536 -0.003746 2.069605 5.657684 1.996000 2.727765 -0.043914
13  310.860958 664.599940 1.578973 -4.237889 1.326417 -0.056198 -0.103786 0.103593 0.013780 2.751080 8.701054 3.078000 2.834384 -0.061847
17  317.276113 672.320159 0.681576 -0.153373 0.125255 0.009111 0.004358 0.010482 -0.004600 0.483400 0.508911 1.312000 -1.866354 -0.009399
18  319.066790 670.526495 0.159649 0.057921 0.182113 -0.001503 0.035712 0.057524 -0.003092 1.203750 0.463429 0.514000 -1.362232 0.012447
20  274.843994 660.696542 1.061109 -5.079338 -5.986541 0.158280 -0.273338 -0.317471 -0.008657 2.315511 4.908495 1.518000 -2.260123 0.016148
23  286.882897 674.130693 1.197489 -4.705536 -6.074862 0.264870 -0.417580 -0.559486 0.032655 2.657667 7.096852 2.455000 -2.258867 -0.010561
25  330.370891 641.224840 1.455943 -0.517946 0.116146 0.007697 -0.224587 0.049595 -0.000603 1.969890 4.593405 1.723000 2.397190 -0.018174
30  309.872592 692.168737 -0.135413 -0.931191 -1.178619 0.043612 -0.194280 -0.092827 0.000732 0.822883 0.748610 1.862882 -2.196975 0.025562
31  313.797881 667.018778 0.904966 0.030767 -0.241304 0.009169 0.113048 -0.127574 0.012538 2.182161 4.710134 2.000000 2.660919 -0.001570
33  309.481843 692.919193 -0.160415 -0.499244 -0.976160 0.057903 0.015932 -0.109336 0.006920 0.677944 0.562457 1.697000 -2.223380 0.058283
39  297.455331 687.389016 0.346254 -2.384348 -4.104609 0.164045 -0.512575 -0.622770 0.016208 1.477077 3.287851 1.921110 -2.245631 0.021493

25 14 1535657120.149686
8  249.064863 689.493142 1.794421 -8.704297 3.160959 0.021604 -0.961527 0.521856 -0.007962 3.165609 13.891406 3.606000 2.827967 0.025926
9  321.143708 668.823083 1.105056 -0.164933 0.274919 0.026246 -0.067986 0.088767 0.000511 2.076928 4.457577 2.347000 -0.600170 0.000421
11  348.179980 646.489098 1.935626 -0.270099 0.771534 0.002338 -0.147353 0.308358 -0.002757 2.119789 5.671737 1.996000 2.746157 -0.017021
13  309.118046 665.218105 1.651778 -3.815317 1.294573 0.065880 0.073025 0.072429 0.056707 2.730208 8.658057 3.078000 2.840636 -0.037071
17  317.930195 672.134500 0.686712 0.711267 -0.166058 0.008858 0.325776 -0.100036 -0.003837 0.530055 0.474663 1.312000 -1.819196 0.025169
18  319.398574 670.169244 0.159732 0.423179 -0.336003 -0.001149 0.165194 -0.146300 -0.002384 1.199956 0.493273 0.514000 -1.367453 0.004819
20  272.236708 657.624748 1.138065 -5.215971 -6.145234 0.153953 -0.273338 -0.317471 -0.008657 2.315511 4.908495 1.518000 -2.252051 0.016148
23  284.659113 671.479999 1.315715 -4.639144 -5.732940 0.254787 -0.314854 -0.327397 0.022795 2.638535 7.120582 2.455000 -2.292926 -0.029745
25  330.828511 641.058045 1.460806 0.283876 -0.139741 0.008776 0.117958 -0.055587 -0.000085 1.999253 4.592888 1.723000 2.423419 0.005366
30  309.270996 691.521755 -0.101041 -1.132293 -1.266145 0.058688 -0.234018 -0.108543 0.006354 0.799398 0.817171 1.869517 -2.193144 0.019603
31  313.778312 667.462485 0.911237 0.012109 0.404079 0.013718 0.084049 0.146013 0.011875 2.151487 4.707901 2.000000 2.662159 -0.000224
33  308.712494 692.306257 -0.132540 -1.114283 -1.146984 0.058034 -0.224419 -0.154154 0.005636 0.677981 0.558902 1.697000 -2.188731 0.061950
39  295.198215 684.531243 0.445856 -3.771514 -5.200791 0.188501 -0.855719 -0.860913 0.021170 1.612657 3.665469 1.944777 -2.283759 -0.007949
42  294.122271 687.203627 0.410536 -3.091325 -2.960237 0.184859 -0.520819 -0.489434 0.029076 0.844474 2.065482 1.839000 -2.293559 0.004725

26 15 1535657120.649535
8  244.473794 691.203529 1.803230 -9.184915 3.421808 0.017624 -0.961527 0.521856 -0.007962 3.165609 13.891406 3.606000 2.840926 0.025926
9  321.210571 668.443621 1.118043 -0.002352 -0.317907 0.026195 0.005265 -0.148687 0.000397 2.104531 4.471288 2.347000 -0.613544 -0.008635
11  348.099030 646.576804 1.937730 -0.236334 0.482411 0.002880 -0.107323 0.143177 -0.002042 2.158397 5.660036 1.996000 2.781944 0.012508
13  307.917252 665.455291 1.725559 -2.965510 0.824855 0.125765 0.376108 -0.116106 0.068460 2.806055 8.677516 3.078000 2.792631 -0.056721
17  317.679180 671.984071 0.691740 0.060925 -0.266217 0.008784 0.022734 -0.118727 -0.003150 0.533795 0.451407 1.312000 -1.817630 0.017826
18  319.011793 670.625073 0.159795 -0.250277 0.371428 -0.000884 -0.116565 0.144601 -0.001841 1.171588 0.472385 0.514000 -1.357823 0.009633
20  269.561217 654.473740 1.212856 -5.352599 -6.303922 0.149626 -0.273338 -0.317471 -0.008657 2.315511 4.908495 1.518000 -2.243980 0.016148
23  282.765997 668.704055 1.419816 -4.200162 -5.693878 0.231956 -0.092363 -0.251769 0.010026 2.699798 7.147853 2.455000 -2.275665 -0.008326
25  331.079794 640.861420 1.465024 0.437352 -0.301034 0.008559 0.153295 -0.105502 -0.000151 1.993789 4.570257 1.723000 2.391777 -0.017517
30  309.222211 691.378585 -0.066584 -0.566932 -0.707797 0.066053 0.024324 0.123398 0.007940 0.761726 0.806527 1.874162 -2.190827 0.014616
31  313.548659 667.782169 0.917574 -0.250689 0.573508 0.015514 -0.032428 0.182867 0.010293 2.075651 4.734655 2.000000 2.658040 -0.002893
33  308.323716 692.025931 -0.105452 -0.960166 -0.830408 0.056899 -0.122660 -0.003736 0.004126 0.683833 0.606612 1.697000 -2.116032 0.089751
39  292.672429 681.454787 0.551058 -4.705070 -5.941332 0.205827 -1.039952 -0.973900 0.023627 1.710991 3.949849 1.961344 -2.269547 0.003809
42  292.567154 684.889797 0.529887 -3.206593 -4.063972 0.223148 -0.476813 -0.750043 0.036282 0.837508 2.067397 1.839000 -2.271664 0.016493
45  349.163189 634.308250 2.078735 -0.193918 -0.912787 -0.019182 -0.010170 -0.253321 -0.002914 1.928165 4.048934 1.563000 -2.372763 0.027815

27 15 1535657121.149429
8  239.642028 693.044479 1.810050 -9.665577 3.682681 0.013643 -0.961527 0.521856 -0.007962 3.165609 13.891406 3.606000 2.853886 0.025926
9  321.126919 668.395672 1.131034 -0.098766 -0.217142 0.026153 -0.031647 -0.083434 0.000307 2.192772 4.414355 2.347000 -0.564472 0.026960
11  348.650336 646.215743 1.938094 0.533038 -0.200157 0.001191 0.199396 -0.137872 -0.002291 2.181409 5.664810 1.996000 2.852569 0.055425
13  306.982308 665.862881 1.609606 -2.241424 0.795496 -0.071611 0.575888 -0.105417 -0.017851 2.768107 8.723166 3.078000 2.763480 -0.057252
17  317.631488 671.938216 0.697621 -0.026801 -0.187392 0.009900 -0.014195 -0.067232 -0.002147 0.516119 0.494901 1.312000 -1.834204 0.000835
18  319.013527 670.083321 0.159842 -0.124176 -0.458861 -0.000682 -0.047852 -0.191781 -0.001423 1.235993 0.459347 0.514000 -1.373187 -0.003821
20  266.817179 651.243113 1.285490 -5.489239 -6.462623 0.145299 -0.273338 -0.317471 -0.008657 2.315511 4.908495 1.518000 -2.235907 0.016148
23  279.372910 666.036653 1.393145 -5.748136 -5.533827 0.065399 -0.652428 -0.145146 -0.053957 2.715126 7.139640 2.455000 -2.282548 -0.010140
25  330.666866 640.895227 1.469038 -0.278074 -0.104691 0.008215 -0.142456 -0.012496 -0.000251 2.001805 4.506233 1.723000 2.458550 0.032839
30  309.143780 690.386812 -0.042234 -0.319295 -1.437902 0.057409 0.112918 -0.174498 0.003194 0.777475 0.812118 1.877414 -2.158536 0.031272
31  313.528791 667.219570 0.922837 -0.132304 -0.395911 0.014656 0.018534 -0.218799 0.008020 2.016704 4.716641 2.000000 2.759979 0.066019
33  308.188350 691.293104 -0.077713 -0.576678 -1.207753 0.056904 0.045758 -0.145904 0.003347 0.652414 0.605026 1.697000 -2.094867 0.073953
39  290.564511 678.366333 0.656546 -4.625700 -6.279613 0.213704 -0.809501 -0.916765 0.022114 1.858853 4.149262 1.972941 -2.222526 0.033617
42  291.004125 683.160444 0.603737 -3.256415 -3.858623 0.185860 -0.408143 -0.538683 0.016094 0.893186 2.085970 1.839000 -2.245258 0.028236
45  348.576281 634.750834 2.064854 -0.744062 0.036529 -0.024624 -0.164308 0.050946 -0.004041 1.976867 4.154320 1.563000 -2.358941 0.027770

28 14 1535657121.649287
8  234.570368 695.015686 1.814881 -10.146204 3.943535 0.009663 -0.961527 0.521856 -0.007962 3.165609 13.891406 3.606000 2.866845 0.025926
9  321.217250 668.297928 1.144026 0.059896 -0.221443 0.026121 0.033380 -0.069494 0.000238 2.197998 4.399367 2.347000 -0.606764 -0.010221
11  348.606388 646.452321 1.938017 0.206915 0.169561 -0.000073 0.040708 0.025602 -0.002335 2.175618 5.585575 1.996000 2.913283 0.077433
13  306.697366 666.550608 1.488463 -1.136095 1.116843 -0.176148 0.880549 0.033984 -0.053485 2.783551 8.750485 3.078000 2.847437 0.017802
17  317.688656 672.171035 0.692574 0.053708 0.184788 -0.002354 0.018454 0.084001 -0.006314 0.539099 0.504360 1.312000 -1.833020 0.001346
18  318.904427 670.193079 0.159878 -0.189554 -0.097215 -0.000528 -0.063303 -0.021267 -0.001100 1.245437 0.464577 0.514000 -1.393698 -0.016222
23  277.499862 662.829052 1.335748 -4.699174 -6.085391 -0.052131 -0.139741 -0.323741 -0.087721 2.699200 7.116643 2.455000 -2.251575 0.013889
25  330.521041 641.219040 1.473012 -0.315272 0.337459 0.008007 -0.129766 0.154809 -0.000282 1.971612 4.546429 1.723000 2.483589 0.038589
30  307.964880 690.447466 -0.044695 -1.502198 -0.551407 0.021199 -0.351562 0.190431 -0.010975 0.716093 0.765894 1.823289 -2.136972 0.035227
31  313.661629 667.183659 0.927735 0.107047 -0.248772 0.013417 0.105103 -0.122289 0.006046 2.026051 4.722512 2.000000 2.691087 -0.001908
33  308.203050 690.169795 -0.026616 -0.208660 -1.852700 0.084407 0.175617 -0.361122 0.013065 0.696904 0.689437 1.753400 -2.122403 0.030952
39  287.876102 675.521286 0.742361 -5.237258 -6.115839 0.193198 -0.889334 -0.676777 0.009937 1.889545 4.284808 1.981059 -2.237102 0.012751
42  289.834941 681.613575 0.664900 -2.793960 -3.513793 0.151385 -0.151823 -0.302505 -0.000259 0.881891 1.981139 1.839000 -2.276190 -0.001525
45  348.731090 634.551445 2.069538 -0.203136 -0.190808 -0.006890 0.049200 -0.035683 0.002728 1.971687 4.185757 1.563000 -2.393877 -0.001241

29 14 1535657122.149177
8  229.258105 697.117427 1.817721 -10.626862 4.204406 0.005683 -0.961527 0.521856 -0.007962 3.165609 13.891406 3.606000 2.879805 0.025926
9  321.029427 668.811264 1.157020 -0.190689 0.501991 0.026095 -0.066233 0.213080 0.000184 2.146259 4.401280 2.347000 -0.573820 0.015150
11  348.109169 646.021638 1.937914 -0.494769 -0.434491 -0.000629 -0.228397 -0.204301 -0.002107 2.225927 5.661921 1.996000 2.844320 0.005647
13  306.104538 666.481271 1.375003 -0.985458 0.381890 -0.217116 0.772636 -0.246268 -0.058789 2.741228 8.746328 3.078000 2.781389 -0.032166
17  317.592021 672.060007 0.683973 -0.088483 -0.038468 -0.012422 -0.037979 -0.014858 -0.008890 0.495547 0.534003 1.312000 -1.821663 0.008469
18  319.094375 670.290250 0.159906 0.134039 0.070742 -0.000408 0.069097 0.045295 -0.000851 1.262014 0.466228 0.514000 -1.390593 -0.008745
23  275.115872 659.706125 1.287768 -4.769030 -6.247226 -0.095981 -0.139741 -0.323741 -0.087721 2.699200 7.116643 2.455000 -2.244632 0.013889
25  330.894436 641.089465 1.476992 0.285934 0.016504 0.007923 0.118653 0.006243 -0.000261 1.994723 4.526097 1.723000 2.433784 -0.007478
30  307.286477 690.259811 -0.035262 -1.488259 -0.408431 0.017579 -0.280634 0.208298 -0.010277 0.724696 0.674887 1.785403 -2.101877 0.046885
31  313.514093 667.217435 0.932563 -0.109354 -0.086653 0.012429 0.004305 -0.038617 0.004543 2.104291 4.748413 2.000000 2.744183 0.034127
33  308.423066 689.759168 0.000968 0.210926 -1.316526 0.069789 0.299972 -0.092509 0.005139 0.747230 0.696506 1.792880 -2.137973 0.010255
39  285.308674 672.820621 0.865101 -5.357832 -5.829935 0.226282 -0.765509 -0.438213 0.020683 1.875364 4.387736 1.986741 -2.234720 0.010092
42  288.297049 679.789647 0.724613 -2.992706 -3.655288 0.132344 -0.199224 -0.298753 -0.007555 0.878360 1.988717 1.839000 -2.278672 -0.002669
45  348.930357 634.687813 2.080582 0.139094 0.056311 0.009674 0.166184 0.061900 0.008326 1.972575 4.165015 1.563000 -2.383599 0.005409

30 13 1535657122.649085
9  321.120733 668.714608 1.166587 0.016375 0.134681 0.022020 0.023284 0.036476 -0.001369 2.116992 4.424584 2.347000 -0.646419 -0.038302
11  348.586092 645.844731 1.937868 0.314634 -0.428637 -0.000743 0.115837 -0.164053 -0.001757 2.096241 5.713483 1.996000 2.748613 -0.060044
13  306.577122 666.330267 1.362564 0.313486 -0.072632 -0.115546 1.112814 -0.369791 -0.009979 2.684632 8.715932 3.078000 2.771496 -0.028041
17  317.654064 672.531195 0.675935 0.029374 0.538191 -0.016401 0.013024 0.202841 -0.008717 0.483938 0.523111 1.312000 -1.857979 -0.018566
18  318.978699 670.178895 0.159927 -0.067770 -0.093424 -0.000316 -0.018996 -0.024333 -0.000658 1.244924 0.450316 0.514000 -1.345694 0.024104
23  272.696874 656.502182 1.217864 -4.838887 -6.409066 -0.139834 -0.139741 -0.323741 -0.087721 2.699200 7.116643 2.455000 -2.237688 0.013889
25  330.879020 640.898445 1.480984 0.122999 -0.217781 0.007907 0.035783 -0.082279 -0.000218 2.033998 4.468808 1.723000 2.502757 0.041000
30  307.224625 690.040101 -0.021289 -0.739054 -0.384217 0.021609 0.051541 0.178454 -0.006853 0.717476 0.599105 1.758882 -2.134927 0.009224
31  313.773470 667.155743 0.937415 0.262934 -0.116273 0.011747 0.142716 -0.042474 0.003439 2.061021 4.723677 2.000000 2.724140 0.009390
33  307.766169 688.788044 0.022442 -0.629370 -1.705584 0.054976 -0.070327 -0.220701 -0.001361 0.712347 0.722353 1.820516 -2.163938 -0.010474
39  283.126083 669.665834 0.955593 -4.926052 -6.204090 0.203675 -0.457092 -0.496941 0.008207 1.911591 4.442650 1.990719 -2.169562 0.050161
42  286.783099 678.128660 0.785549 -3.054405 -3.518500 0.124607 -0.184740 -0.189392 -0.009069 0.903859 2.015708 1.839000 -2.258924 0.011377
45  348.826361 634.663098 2.092716 -0.014942 0.011913 0.019589 0.077684 0.033779 0.010474 1.931239 4.150175 1.563000 -2.342377 0.029100

31 13 1535657123.148366
9  321.134713 668.790944 1.177240 0.028000 0.152893 0.021337 0.023284 0.036476 -0.001369 2.116992 4.424584 2.347000 -0.665543 -0.038302
11  348.481725 645.893112 1.937866 0.029186 -0.151948 -0.000666 -0.012082 -0.030427 -0.001402 2.049349 5.758319 1.996000 2.747488 -0.040809
13  306.019936 666.400849 1.377481 -0.302765 -0.021937 -0.031738 0.676139 -0.282100 0.023108 2.744895 8.719653 3.078000 2.733752 -0.043869
17  317.337175 672.096282 0.668510 -0.359984 -0.252262 -0.017280 -0.134487 -0.129448 -0.007423 0.474410 0.559799 1.312000 -1.850854 -0.007637
18  319.212132 670.181921 0.159944 0.244357 -0.039672 -0.000244 0.100849 0.000224 -0.000509 1.228223 0.470094 0.514000 -1.352443 0.011582
23  270.246075 653.221555 1.126180 -4.908657 -6.570704 -0.183631 -0.139741 -0.323741 -0.087721 2.699200 7.116643 2.455000 -2.230754 0.013889
25  330.782818 640.889008 1.484982 -0.056047 -0.117199 0.007922 -0.037612 -0.029477 -0.000172 2.085728 4.563908 1.723000 2.522434 0.040471
30  306.819858 689.220567 -0.006030 -0.770818 -1.090039 0.025495 0.030091 -0.118104 -0.004127 0.692357 0.625079 1.740317 -2.113337 0.020546
31  313.435241 667.409302 0.938019 -0.263191 0.243598 0.006228 -0.080322 0.099805 0.000737 1.997045 4.775991 2.000000 2.764687 0.033295
33  307.861147 688.072782 0.042221 -0.159760 -1.589495 0.045626 0.118116 -0.136217 -0.004598 0.755919 0.712029 1.839861 -2.137928 0.010352
39  280.814417 666.799529 0.950986 -4.844277 -6.031608 0.079466 -0.340475 -0.338716 -0.040061 1.918374 4.482237 1.993503 -2.213150 0.004411
42  285.567111 676.452441 0.818474 -2.725660 -3.461639 0.088034 -0.025356 -0.132064 -0.021201 0.889077 2.009361 1.839000 -2.192647 0.051764
45  348.898735 634.364022 2.104219 0.090411 -0.316275 0.023840 0.102366 -0.094163 0.010111 1.840388 4.048737 1.563000 -2.338568 0.022494

32 13 1535657123.648262
9  321.154529 668.876490 1.187564 0.039640 0.171127 0.020652 0.023284 0.036476 -0.001369 2.116992 4.424584 2.347000 -0.684690 -0.038302
11  348.392349 645.877938 1.937883 -0.096203 -0.086303 -0.000538 -0.056563 -0.000293 -0.001093 1.991523 5.850470 1.996000 2.774959 -0.008886
13  306.565624 666.053528 1.393634 0.659578 -0.477283 0.010841 0.908828 -0.399247 0.034672 2.800277 8.698057 3.078000 2.731013 -0.031072
17  317.930395 671.935803 0.661432 0.526647 -0.319368 -0.016954 0.221011 -0.130341 -0.005918 0.474146 0.516571 1.312000 -1.884154 -0.027297
18  318.976182 669.962513 0.159956 -0.158412 -0.275585 -0.000189 -0.068050 -0.087741 -0.000393 1.206850 0.488168 0.514000 -1.322267 0.027844
23  267.757335 649.855985 1.012463 -4.978513 -6.732540 -0.227482 -0.139741 -0.323741 -0.087721 2.699200 7.116643 2.455000 -2.223810 0.013889
25  330.498397 641.027316 1.489843 -0.366889 0.109570 0.008952 -0.146469 0.060543 0.000244 2.095316 4.578527 1.723000 2.476896 -0.003388
30  306.903294 687.973481 0.054826 -0.210385 -1.944460 0.081539 0.233494 -0.414741 0.017544 0.737641 0.625002 1.783722 -2.142367 -0.005662
31  313.483974 667.325571 0.937615 -0.066398 0.020984 0.002220 0.008088 -0.001873 -0.000896 2.044552 4.768576 2.000000 2.769254 0.025241
33  306.986861 688.500004 0.017683 -1.075038 -0.172530 -0.011302 -0.245428 0.417894 -0.024982 0.690028 0.652447 1.797003 -2.134721 0.009040
39  278.307699 663.699708 0.980700 -5.014479 -6.200931 0.059439 -0.340475 -0.338716 -0.040061 1.918374 4.482237 1.993503 -2.210946 0.004411
42  284.340883 674.565892 0.845016 -2.569405 -3.673415 0.063026 0.038204 -0.186906 -0.026623 0.922946 2.029787 1.839000 -2.246146 -0.001165
45  348.790864 634.390651 2.114924 -0.054619 -0.134617 0.024788 0.030287 -0.010134 0.008602 1.876846 4.043350 1.563000 -2.170647 0.119121

33 13 1535657124.148113
9  321.180161 668.971142 1.197545 0.051278 0.189360 0.019968 0.023284 0.036476 -0.001369 2.116992 4.424584 2.347000 -0.703835 -0.038302
11  348.365315 646.209496 1.937906 -0.082883 0.356577 -0.000417 -0.041060 0.164838 -0.000844 2.053110 5.829045 1.996000 2.832977 0.032762
13  306.122693 666.611174 1.407102 -0.067911 0.382304 0.027447 0.468344 -0.004467 0.034401 2.836851 8.619589 3.078000 2.747841 -0.009495
17  317.836286 672.041139 0.654498 0.149403 -0.032790 -0.016343 0.039223 0.000760 -0.004588 0.402244 0.525667 1.312000 -1.882337 -0.016988
18  318.718117 670.357838 0.159966 -0.383791 0.336639 -0.000146 -0.139378 0.156803 -0.000304 1.236206 0.536423 0.514000 -1.359141 -0.006024
25  331.010521 641.105732 1.487195 0.425358 0.149905 0.000582 0.176145 0.064298 -0.002921 2.102008 4.607132 1.723000 2.440498 -0.026529
30  306.778844 687.175755 0.086278 -0.185445 -1.823306 0.074125 0.199274 -0.292262 0.011509 0.747525 0.650471 1.814105 -2.121216 0.010328
31  314.010885 667.316823 0.937214 0.597439 -0.002142 0.000250 0.254184 -0.010150 -0.001464 2.130659 4.758580 2.000000 2.790678 0.031114
33  304.682187 690.397058 -0.023180 -3.214643 2.257680 -0.058041 -0.997721 1.246426 -0.037758 1.091135 1.798545 1.722002 0.141723 1.523950
39  275.716138 660.515537 1.000401 -5.184666 -6.370239 0.039415 -0.340475 -0.338716 -0.040061 1.918374 4.482237 1.993503 -2.208741 0.004411
42  282.863352 673.033425 0.871696 -2.790211 -3.352255 0.051882 -0.051717 -0.031509 -0.025812 0.899701 2.016315 1.839000 -2.262264 -0.011524
45  348.952318 634.813180 2.117072 0.159154 0.400073 0.015504 0.102741 0.186746 0.003647 1.954448 4.132764 1.563000 -2.275223 0.017903
77  321.013754 668.273304 1.192246 -0.399067 -0.128583 0.014723 -0.085433 0.015100 0.002316 2.101962 4.539873 2.347000 -0.611816 0.002390

34 13 1535657124.648599
9  321.211657 669.075050 1.207196 0.062931 0.207615 0.019283 0.023284 0.036476 -0.001369 2.116992 4.424584 2.347000 -0.723005 -0.038302
11  348.042542 645.996806 1.937927 -0.423701 -0.071971 -0.000318 -0.160468 -0.025700 -0.000650 2.029035 5.792263 1.996000 2.847475 0.031496
13  306.058856 666.775840 1.417917 -0.007425 0.349871 0.031028 0.403502 -0.015725 0.029317 2.744596 8.648718 3.078000 2.714193 -0.028764
17  317.935491 671.985884 0.647597 0.186294 -0.078540 -0.015770 0.045658 -0.016439 -0.003518 0.420827 0.542558 1.312000 -1.843808 0.014374
18  319.248456 670.539025 0.159974 0.441450 0.383713 -0.000113 0.194312 0.145094 -0.000235 1.245445 0.507930 0.514000 -1.385085 -0.021313
25  330.952502 641.390272 1.482677 0.141223 0.410653 -0.005699 0.037332 0.149521 -0.004718 2.112624 4.599688 1.723000 2.393410 -0.049075
30  306.287189 687.188155 0.116604 -0.616062 -0.789949 0.068474 0.001490 0.147658 0.007254 0.644616 0.556719 1.778974 -2.128254 0.002189
31  313.853692 667.532647 0.936996 0.110243 0.252121 -0.000455 0.025014 0.086583 -0.001453 2.127581 4.768812 2.000000 2.707981 -0.034414
33  302.823388 691.839207 -0.061687 -3.713989 2.881498 -0.076938 -0.997721 1.246426 -0.037758 1.091135 1.798545 1.722002 0.904438 1.523950
39  273.036002 657.242479 1.010093 -5.355068 -6.539762 0.019365 -0.340475 -0.338716 -0.040061 1.918374 4.482237 1.993503 -2.206533 0.004411
42  281.627279 671.636834 0.914186 -2.611136 -3.026243 0.066146 0.024951 0.096340 -0.015644 0.995679 2.062754 1.839000 -2.267291 -0.011030
45  349.422376 635.000380 2.116335 0.609861 0.428051 0.007026 0.247750 0.162964 -0.000094 1.950993 4.127913 1.563000 -2.254817 0.024962
77  321.199406 668.247200 1.201754 0.048911 -0.079443 0.017763 0.063501 0.027720 0.002887 2.168081 4.488073 2.347000 -0.602486 0.007292

35 12 1535657125.148970
11  347.968186 646.312188 1.937944 -0.293877 0.337971 -0.000243 -0.082126 0.131941 -0.000500 2.014712 5.694190 1.996000 2.835810 0.013214
13  306.183517 666.798085 1.426392 0.226793 0.166085 0.028694 0.415552 -0.081316 0.022977 2.821996 8.680333 3.078000 2.772171 0.019481
17  317.223681 671.826910 0.646692 -0.755566 -0.223307 -0.008235 -0.314033 -0.067348 -0.000052 0.397177 0.552885 1.312000 -1.816301 0.027916
18  319.006564 670.450969 0.159980 -0.065617 0.082484 -0.000087 -0.030999 0.005712 -0.000182 1.275454 0.543689 0.514000 -1.330211 0.022377
25  330.913303 641.071214 1.478949 0.019047 -0.178548 -0.007699 -0.015187 -0.098065 -0.004584 2.054400 4.551830 1.723000 2.382972 -0.039663
30  306.072879 686.609026 0.151240 -0.504747 -0.976999 0.070399 0.042722 0.050354 0.006618 0.688115 0.581759 1.810782 -2.148505 -0.012042
31  313.886658 667.386350 0.936915 0.089131 -0.052104 -0.000579 0.012472 -0.043032 -0.001228 2.061608 4.847797 2.000000 2.745285 0.001933
33  301.794322 694.075827 0.126727 -3.213210 3.952523 0.123209 -0.661945 1.396633 0.035790 1.513240 2.955836 1.845301 -1.751613 -0.429354
42  279.664660 669.961210 0.961061 -3.381485 -3.197288 0.079232 -0.267496 0.014434 -0.007831 0.953718 2.059007 1.839000 -2.256343 -0.000053
45  348.972463 634.254348 2.115160 -0.160225 -0.585700 0.001872 -0.076088 -0.233767 -0.001944 1.871994 4.292654 1.563000 -2.354219 -0.044028
77  320.977815 668.246219 1.211052 -0.229647 -0.027867 0.018837 -0.049579 0.041460 0.002751 2.140478 4.544014 2.347000 -0.685819 -0.048944
89  305.662906 687.047110 0.163209 -1.159381 -0.505304 0.083517 -0.299630 -0.055822 0.012713 0.619696 0.630508 1.736480 -2.097765 -0.002036

36 12 1535657125.649405
11  347.800553 646.514364 1.937697 -0.334975 0.403999 -0.000494 -0.082126 0.131941 -0.000500 2.014712 5.694190 1.996000 2.842423 0.013214
13  306.317510 666.503150 1.434925 0.336009 -0.297223 0.026509 0.378738 -0.238879 0.017876 2.821862 8.677101 3.078000 2.845983 0.062183
17  317.710066 671.902533 0.647224 0.201629 -0.015696 -0.002748 0.101427 0.022621 0.002003 0.406382 0.507458 1.312000 -1.818246 0.017308
18  318.765835 670.640195 0.159984 -0.317587 0.258456 -0.000067 -0.119157 0.070254 -0.000140 1.242861 0.519079 0.514000 -1.346664 0.003946
25  331.182945 640.482624 1.474850 0.323269 -0.788472 -0.008928 0.101071 -0.307169 -0.004187 1.992394 4.596099 1.723000 2.413438 -0.006126
30  305.861388 685.714764 0.184588 -0.447445 -1.445624 0.069529 0.056116 -0.133773 0.005059 0.699370 0.645254 1.833047 -2.147253 -0.007190
31  313.925741 667.298539 0.936903 0.085158 -0.133850 -0.000502 0.008664 -0.065484 -0.000971 2.046829 4.851680 2.000000 2.747857 0.003002
33  300.020544 696.403574 0.197348 -3.544471 4.651447 0.141119 -0.661945 1.396633 0.035790 1.513240 2.955836 1.845301 -1.966477 -0.429354
42  278.596601 668.229486 1.008397 -2.698592 -3.349959 0.086713 0.037365 -0.045248 -0.003576 0.985850 2.069171 1.839000 -2.260448 -0.002771
45  349.159360 634.541963 2.114321 0.114683 -0.003433 -0.000511 0.037103 0.019118 -0.002454 1.824497 4.195215 1.563000 -2.306637 -0.001110
77  321.147123 668.395074 1.220165 0.098087 0.174019 0.019023 0.086047 0.111145 0.002293 2.108676 4.485703 2.347000 -0.623194 0.008602
89  305.433929 686.894383 0.188163 -0.795204 -0.395589 0.065727 -0.143531 -0.014028 0.005380 0.612884 0.650080 1.724636 -2.127258 -0.019192

37 12 1535657126.149278
11  347.612587 646.749280 1.937325 -0.376028 0.469953 -0.000744 -0.082126 0.131941 -0.000500 2.014712 5.694190 1.996000 2.849028 0.013214
13  306.060074 666.038144 1.443519 -0.089239 -0.720048 0.024663 0.149681 -0.351965 0.013857 2.762735 8.701122 3.078000 2.816925 0.022101
17  317.813084 671.980474 0.647765 0.225013 0.090314 -0.000076 0.091246 0.057917 0.002626 0.381202 0.473400 1.312000 -1.846733 -0.007443
18  318.768595 670.204705 0.159988 -0.151090 -0.394508 -0.000052 -0.034902 -0.186203 -0.000108 1.189217 0.514647 0.514000 -1.345547 0.003376
25  330.897519 641.110706 1.471621 -0.184337 0.356734 -0.008327 -0.106952 0.176896 -0.003183 1.974124 4.555398 1.723000 2.362704 -0.037897
30  305.615667 684.944286 0.232089 -0.462030 -1.529539 0.085626 0.040224 -0.140127 0.010116 0.702221 0.634879 1.848633 -2.145082 -0.003348
31  313.328365 667.078517 0.936916 -0.669357 -0.328198 -0.000389 -0.274192 -0.125725 -0.000748 2.032764 4.875160 2.000000 2.744107 -0.000497
33  298.083357 699.077687 0.276833 -3.875359 5.349586 0.159010 -0.661945 1.396633 0.035790 1.513240 2.955836 1.845301 -2.181100 -0.429354
42  277.256985 666.543626 1.050849 -2.679914 -3.372577 0.084926 0.037365 -0.045248 -0.003576 0.985850 2.069171 1.839000 -2.261833 -0.002771
45  348.351418 634.964098 2.113891 -0.823426 0.464546 -0.001258 -0.308485 0.184721 -0.002281 1.976939 4.176498 1.563000 -2.316309 -0.006730
77  321.394180 668.169107 1.229176 0.351026 -0.175622 0.018895 0.167040 -0.045187 0.001802 2.101510 4.521480 2.347000 -0.577256 0.036279
89  304.651823 685.678315 0.205750 -1.280167 -1.605041 0.048732 -0.294069 -0.452089 -0.001791 0.592066 0.628035 1.716345 -2.109993 -0.001831

38 13 1535657126.649732
11  347.403833 647.017516 1.936827 -0.417128 0.535984 -0.000994 -0.082126 0.131941 -0.000500 2.014712 5.694190 1.996000 2.855641 0.013214
13  305.913866 666.244559 1.451330 -0.178628 -0.122283 0.022141 0.088442 -0.063505 0.010333 2.763857 8.698196 3.078000 2.793385 -0.000965
17  317.772959 671.860107 0.648055 0.063190 -0.093488 0.000849 0.013909 -0.021396 0.002481 0.438506 0.471220 1.312000 -1.909332 -0.046691
18  319.175100 669.959396 0.159991 0.411485 -0.489160 -0.000040 0.181299 -0.186749 -0.000084 1.165377 0.524164 0.514000 -1.383599 -0.023118
25  330.851643 641.330625 1.467809 -0.151406 0.441818 -0.008558 -0.074727 0.175612 -0.002675 1.967778 4.579491 1.723000 2.445172 0.029723
30  304.999396 684.662843 0.283070 -0.908810 -0.986230 0.097301 -0.133814 0.088528 0.012581 0.766059 0.703454 1.859543 -2.130864 0.007247
31  313.355623 667.278443 0.936934 -0.297369 0.076436 -0.000291 -0.084383 0.048557 -0.000571 2.107512 4.832791 2.000000 2.681810 -0.041860
33  295.978130 702.104703 0.365374 -4.206633 6.048537 0.176921 -0.661945 1.396633 0.035790 1.513240 2.955836 1.845301 -2.395972 -0.429354
42  275.925169 664.844472 1.092455 -2.661214 -3.395222 0.083136 0.037365 -0.045248 -0.003576 0.985850 2.069171 1.839000 -2.263220 -0.002771
45  348.865029 634.886423 2.113739 0.119179 0.167153 -0.001252 0.087608 0.043961 -0.001867 1.946221 4.137191 1.563000 -2.308445 0.000195
77  321.099689 668.246643 1.238153 -0.173124 0.011561 0.018692 -0.065233 0.034994 0.001380 2.109780 4.555696 2.347000 -0.638835 -0.016835
89  304.449536 685.174017 0.222229 -0.818737 -1.341374 0.038968 -0.059978 -0.263647 -0.005202 0.595780 0.605173 1.710542 -2.124140 -0.010572
108  347.682701 645.852897 1.938000 -0.302212 -0.224337 0.000000 -0.050211 -0.073826 0.000000 1.958820 5.584515 1.996000 2.737294 -0.021045

39 11 1535657127.150180
13  305.820882 666.571565 1.459855 -0.164779 0.323383 0.021235 0.077106 0.114464 0.008067 2.767826 8.630925 3.078000 2.822607 0.018836
17  317.623054 671.820298 0.648157 -0.148440 -0.089621 0.000975 -0.067571 -0.015963 0.002065 0.441553 0.519665 1.312000 -1.886462 -0.015871
18  319.239685 670.319699 0.159993 0.281576 0.187562 -0.000031 0.099055 0.100336 -0.000065 1.165382 0.492727 0.514000 -1.431327 -0.047220
25  330.920558 641.223442 1.464694 0.004254 0.089868 -0.007724 -0.002765 0.011663 -0.001865 2.061628 4.546031 1.723000 2.481775 0.044207
30  304.826811 684.395184 0.334130 -0.602732 -0.701226 0.102670 0.005241 0.178251 0.012235 0.818769 0.728361 1.867180 -2.121707 0.010933
31  314.023850 667.402794 0.936949 0.650704 0.188092 -0.000217 0.284765 0.081120 -0.000437 2.045863 4.781003 2.000000 2.655280 -0.045581
42  274.602728 663.134008 1.133165 -2.642515 -3.417866 0.081346 0.037365 -0.045248 -0.003576 0.985850 2.069171 1.839000 -2.264607 -0.002771
45  348.901751 634.878792 2.113730 0.113965 0.077295 -0.001000 0.069900 0.003583 -0.001438 2.081904 4.120389 1.563000 -2.183124 0.077396
77  320.906242 668.395063 1.208496 -0.312952 0.187674 -0.027245 -0.105821 0.095055 -0.016278 2.077173 4.504975 2.347000 -0.584778 0.024804
89  304.489088 684.902607 0.239201 -0.296725 -0.919388 0.034907 0.153030 -0.049905 -0.005764 0.596776 0.602440 1.706479 -2.167107 -0.035620
108  347.648073 645.870656 1.938000 -0.171523 -0.082153 0.000000 -0.002907 -0.019445 0.000000 1.964114 5.573564 1.996000 2.746647 -0.009064

40 11 1535657127.650049
13  305.757781 666.761815 1.472486 -0.126236 0.380600 0.025268 0.077106 0.114464 0.008067 2.767826 8.630925 3.078000 2.832023 0.018836
17  317.736935 672.044176 0.648166 0.060003 0.224624 0.000832 0.022697 0.104120 0.001627 0.437960 0.483736 1.312000 -1.839307 0.020843
18  319.182030 670.030002 0.159994 0.067374 -0.245059 -0.000024 0.000776 -0.079580 -0.000050 1.156187 0.427983 0.514000 -1.371368 0.008471
25  330.593004 641.346652 1.460910 -0.385913 0.184771 -0.008016 -0.147654 0.044858 -0.001626 2.042056 4.519410 1.723000 2.441735 0.002795
30  304.306733 683.853066 0.363212 -0.860219 -0.891180 0.078891 -0.091694 0.074254 0.001094 0.831979 0.683134 1.872526 -2.142875 -0.006816
31  313.676353 667.280369 0.936962 -0.086083 -0.051100 -0.000164 -0.042868 -0.023133 -0.000336 2.086462 4.820756 2.000000 2.713156 0.008176
45  349.086628 633.939977 2.113775 0.269698 -0.990928 -0.000730 0.113488 -0.382536 -0.001081 2.032114 4.198343 1.563000 -2.265793 0.002589
77  321.090958 668.520524 1.170386 0.069243 0.244536 -0.059555 0.057866 0.098571 -0.025372 2.156093 4.522645 2.347000 -0.608355 0.000830
89  304.379002 684.430564 0.255210 -0.220230 -0.944334 0.032025 0.153030 -0.049905 -0.005764 0.596776 0.602440 1.706479 -2.184913 -0.035620
108  347.747150 646.542689 1.938000 0.046869 0.758820 0.000000 0.077187 0.290479 0.000000 1.999036 5.531805 1.996000 2.804506 0.031265
115  301.122379 692.191029 0.173863 -3.155212 -3.809312 0.217557 -0.534926 -0.600319 0.034237 2.082689 4.404624 1.682000 -2.259321 -0.003975

41 11 1535657128.149910
13  305.713946 666.980663 1.487132 -0.087694 0.437817 0.029301 0.077106 0.114464 0.008067 2.767826 8.630925 3.078000 2.841438 0.018836
17  317.282215 672.036314 0.648141 -0.508281 0.103912 0.000644 -0.193289 0.039746 0.001254 0.445659 0.468171 1.312000 -1.843346 0.011206
18  318.908713 670.450441 0.159996 -0.295333 0.380407 -0.000019 -0.134523 0.168309 -0.000039 1.202923 0.432247 0.514000 -1.388073 -0.005487
25  330.705939 640.776436 1.457785 -0.054616 -0.589213 -0.007305 0.003300 -0.251906 -0.001059 1.992521 4.561407 1.723000 2.432278 -0.004440
30  303.879973 683.182622 0.386700 -0.875155 -1.141915 0.060266 -0.080180 -0.033008 -0.006050 0.805971 0.666742 1.876268 -2.169436 -0.022250
31  313.739005 667.137682 0.936971 0.030064 -0.194294 -0.000125 0.008397 -0.072183 -0.000259 2.086404 4.727022 2.000000 2.783120 0.052087
45  349.627249 634.426764 2.113828 0.739321 -0.003254 -0.000517 0.262453 0.042786 -0.000810 2.082070 4.168102 1.563000 -2.355525 -0.053530
77  321.244485 668.701635 1.132324 0.221746 0.334325 -0.074549 0.104172 0.113754 -0.026238 2.162162 4.474719 2.347000 -0.607149 0.001357
89  304.307154 683.946059 0.269778 -0.143736 -0.969280 0.029144 0.153030 -0.049905 -0.005764 0.596776 0.602440 1.706479 -2.202718 -0.035620
108  348.454214 646.893093 1.938000 0.875317 0.783366 0.000000 0.380948 0.244079 0.000000 1.970773 5.500611 1.996000 2.771089 -0.001133
115  299.461703 689.849594 0.202953 -3.362084 -4.456105 0.128220 -0.516565 -0.705516 0.001938 2.078728 4.423944 1.682000 -2.294947 -0.024241

