1 0 1538448744.447639

2 0 1538448745.047596

3 6 1538448745.547460
5  1864.913436 2482.387251 1.196893 -1.201243 1.061755 0.304499 -0.243818 0.154700 0.050140 0.836808 0.715654 1.658000 2.270548 -0.004458
7  1854.657622 2494.455231 0.621788 -1.032729 0.926040 0.284258 -0.186748 0.146160 0.046786 0.903481 0.719480 1.658000 2.260856 -0.001745
8  1887.392949 2455.188033 2.276962 0.678248 0.429683 0.172828 0.085717 0.040709 0.014775 1.673499 0.632099 0.994000 0.828789 -0.012378
14  1876.929531 2506.456617 0.482150 -0.301769 -0.567163 0.345478 -0.010887 -0.129845 0.056869 1.804411 4.389718 1.704000 -0.650893 0.046355
19  1859.575472 2489.945961 0.832583 -0.337391 1.101143 0.232947 -0.040468 0.202404 0.048694 0.818631 0.726667 1.658000 2.290858 0.020537
20  1858.488323 2489.036258 0.902399 -0.574190 0.878735 0.340667 -0.080362 0.082105 0.056042 0.776230 0.726513 1.658000 2.242497 -0.010816

4 10 1538448746.047898
5  1864.251227 2482.957337 1.361832 -1.323259 1.139173 0.329591 -0.243818 0.154700 0.050140 0.836808 0.715654 1.658000 2.268317 -0.004458
7  1854.039611 2494.943646 0.797506 -1.191514 0.985243 0.333775 -0.207119 0.141813 0.054926 0.919867 0.677232 1.658000 2.235961 -0.016102
8  1886.691948 2454.794637 2.317089 -0.553505 -0.292513 0.120129 -0.311748 -0.190840 -0.003963 1.779834 0.699100 0.994000 0.826084 -0.010292
14  1877.197243 2506.829983 0.695747 0.198681 0.195763 0.405705 0.146864 0.128315 0.066775 1.834816 4.386178 1.704000 -0.586957 0.070703
19  1858.867000 2490.701955 1.030835 -0.993226 1.387590 0.340718 -0.238657 0.260140 0.074701 0.854430 0.757238 1.658000 2.261817 -0.002962
20  1857.939304 2489.682297 1.112835 -0.904349 1.142759 0.399824 -0.170773 0.151621 0.065743 0.734681 0.768797 1.658000 2.240180 -0.008965
22  1901.751052 2499.958436 1.560045 0.398084 0.249265 0.273084 0.137446 0.039556 0.042958 2.100948 4.353571 1.617000 -0.832466 0.002915
31  1872.371350 2516.394279 1.315000 -0.574613 0.990837 0.000000 -0.092202 0.134793 0.000000 0.396173 0.323862 2.000000 2.381313 -0.026053
33  1812.666212 2566.166711 -0.598370 -1.646513 -0.222358 0.308280 -0.253894 0.010443 0.043909 1.371831 4.464282 1.800000 -1.615220 -0.037226
35  1861.705421 2530.754854 -0.025505 -0.895512 0.386365 0.321656 -0.127662 0.024299 0.050660 0.329565 0.433883 1.784000 2.490395 0.004230

5 12 1538448746.548329
5  1863.527967 2483.566156 1.539326 -1.445274 1.216590 0.354682 -0.243818 0.154700 0.050140 0.836808 0.715654 1.658000 2.266086 -0.004458
7  1853.464569 2495.213652 0.969463 -1.208648 0.750197 0.350812 -0.175681 0.030610 0.051129 0.914573 0.700395 1.658000 2.228673 -0.015606
8  1886.336885 2454.600462 2.376213 -0.709513 -0.388015 0.118145 -0.311748 -0.190840 -0.003963 1.779834 0.699100 0.994000 0.820934 -0.010292
14  1876.995957 2506.873948 0.904777 -0.127263 0.158030 0.426433 0.001711 0.091269 0.062164 1.823017 4.336446 1.704000 -0.591566 0.044957
19  1858.080296 2491.550977 1.228585 -1.384752 1.623679 0.388204 -0.337534 0.298626 0.078372 0.797214 0.729727 1.658000 2.237543 -0.017635
20  1857.663535 2490.473554 1.318761 -0.729946 1.433349 0.420151 -0.076340 0.229646 0.061175 0.743761 0.741319 1.658000 2.210679 -0.025070
22  1901.207561 2500.098703 1.736425 -0.470457 0.275839 0.329514 -0.147103 0.041614 0.053563 2.155157 4.229571 1.617000 -0.892508 -0.034140
31  1871.510110 2516.895830 1.315000 -1.284851 1.024458 0.000000 -0.293806 0.124522 0.000000 0.403589 0.363584 2.000000 2.397272 -0.008581
33  1813.517050 2565.139623 -0.412849 0.169376 -1.243632 0.352888 0.295925 -0.280038 0.050315 1.520705 4.654044 1.800000 -1.587175 -0.011647
35  1860.930865 2531.754555 0.181700 -1.314539 1.363760 0.387476 -0.235474 0.317321 0.062946 0.371733 0.439786 1.784000 2.407226 -0.047157
38  1867.474339 2478.240979 1.919783 -1.075716 1.187218 0.342691 -0.116334 0.231382 0.055478 0.806179 0.732081 1.715000 2.279992 0.003366
41  1884.485509 2497.965231 2.694848 4.184431 -3.291400 0.511782 0.683208 -0.529893 0.080550 2.834157 12.930484 4.581000 -0.602886 0.016262

6 15 1538448747.047643
5  1862.745534 2484.212185 1.728924 -1.567016 1.293834 0.379718 -0.243818 0.154700 0.050140 0.836808 0.715654 1.658000 2.263860 -0.004458
7  1853.161195 2495.805728 1.148475 -0.888092 1.014611 0.365776 -0.020223 0.125470 0.047106 0.904996 0.694582 1.658000 2.263759 0.012661
8  1885.904892 2454.359141 2.434216 -0.865173 -0.483304 0.116166 -0.311748 -0.190840 -0.003963 1.779834 0.699100 0.994000 0.815795 -0.010292
14  1877.343062 2506.731852 1.109010 0.360576 -0.085768 0.428757 0.187138 -0.018913 0.051230 1.835967 4.310079 1.704000 -0.615880 0.014130
19  1857.126840 2492.138598 1.420549 -1.764450 1.419551 0.401919 -0.417938 0.164126 0.068694 0.768948 0.687366 1.658000 2.278987 0.015492
20  1857.189088 2490.863695 1.520811 -0.876023 1.093579 0.423406 -0.117448 0.056613 0.050783 0.802852 0.827995 1.658000 2.248223 0.007933
22  1900.935980 2500.246808 1.914310 -0.543908 0.296618 0.356259 -0.147103 0.041614 0.053563 2.155157 4.229571 1.617000 -0.909554 -0.034140
31  1870.994716 2517.479114 1.315000 -1.195227 1.134886 0.000000 -0.207733 0.142096 0.000000 0.413396 0.352378 2.000000 2.388185 -0.011685
33  1812.692241 2564.974670 -0.236838 -0.761704 -0.806459 0.364037 -0.073777 -0.082309 0.045526 1.457068 4.688157 1.800000 -1.587800 -0.008563
35  1860.360660 2532.133918 0.384119 -1.260417 1.071010 0.410909 -0.172939 0.152990 0.060033 0.342687 0.402143 1.784000 2.416191 -0.026145
38  1867.440038 2479.091995 2.105826 -0.491981 1.544762 0.371721 0.078383 0.304804 0.055881 0.807028 0.764997 1.715000 2.216841 -0.035679
41  1886.429153 2496.195255 2.938989 4.144166 -3.549255 0.514009 0.567499 -0.527852 0.069023 2.814534 12.974875 4.581000 -0.621215 0.000333
47  1816.198628 2540.972878 0.278572 -0.890790 0.334116 0.187324 -0.167622 0.044338 0.029314 0.710243 2.201415 1.619000 2.809808 -0.048605
48  1863.814294 2483.945652 1.731807 -0.982734 0.904133 0.293589 -0.187401 0.129453 0.046317 0.761925 0.756866 1.658000 2.311074 0.012657
50  1852.777377 2563.446095 -0.653711 0.045887 -0.525271 -0.054516 0.024315 0.013388 0.010454 2.191279 4.268458 1.816000 2.670944 0.005387

7 14 1538448747.547529
7  1852.942534 2496.765696 1.328419 -0.624597 1.577920 0.371893 0.084407 0.316903 0.040440 0.908903 0.705321 1.658000 2.263655 0.008386
8  1885.394503 2454.069856 2.491296 -1.021012 -0.578703 0.114185 -0.311748 -0.190840 -0.003963 1.779834 0.699100 0.994000 0.810650 -0.010292
14  1877.769438 2506.637217 1.311983 0.690939 -0.151092 0.425670 0.277699 -0.040278 0.040256 1.868286 4.310492 1.704000 -0.687259 -0.037999
19  1856.910213 2492.661025 1.634655 -1.058927 1.230529 0.431538 -0.068240 0.060466 0.066889 0.794994 0.736475 1.658000 2.230575 -0.021827
20  1856.130063 2491.482667 1.678062 -1.637659 1.190964 0.369095 -0.386257 0.083032 0.020306 0.813936 0.758346 1.658000 2.240356 0.000070
22  1900.627329 2500.405482 2.105783 -0.617442 0.317420 0.383034 -0.147103 0.041614 0.053563 2.155157 4.229571 1.617000 -0.926621 -0.034140
31  1870.693642 2517.607660 1.315000 -0.884876 0.641937 0.000000 -0.048457 -0.074780 0.000000 0.415620 0.360500 2.000000 2.403243 0.002123
33  1813.096771 2564.871874 -0.066341 0.086386 -0.494258 0.361628 0.252127 0.047816 0.036258 1.507627 4.629548 1.800000 -1.476185 0.062160
35  1859.636845 2532.737595 0.497634 -1.406960 1.183238 0.313807 -0.196048 0.166737 0.011153 0.308915 0.423848 1.784000 2.431305 -0.007524
38  1866.806113 2479.578304 2.040809 -0.935911 1.267968 0.085781 -0.097565 0.148505 -0.058430 0.885744 0.758774 1.715000 2.196813 -0.037096
41  1888.584428 2493.629566 3.155537 4.358928 -4.594919 0.480184 0.542397 -0.812580 0.044138 2.908839 12.964531 4.581000 -0.736088 -0.074053
47  1815.021260 2541.158057 0.487090 -1.816855 0.364919 0.333229 -0.422947 0.046957 0.069101 0.791618 2.140301 1.619000 2.706908 -0.095218
48  1863.508027 2484.732871 1.964278 -0.796605 1.334460 0.406226 -0.102530 0.240352 0.073459 0.759947 0.729270 1.658000 2.207791 -0.053386
50  1852.715460 2563.623021 -0.511946 -0.043659 -0.030764 0.136823 -0.004443 0.151326 0.063081 2.111730 4.354187 1.816000 2.680294 0.009035

8 14 1538448748.047387
7  1852.651414 2497.633612 1.524417 -0.582405 1.736326 0.392108 0.084407 0.316903 0.040440 0.908903 0.705321 1.658000 2.267846 0.008386
8  1884.806249 2453.732904 2.547382 -1.176841 -0.674096 0.112204 -0.311748 -0.190840 -0.003963 1.779834 0.699100 0.994000 0.805506 -0.010292
14  1877.424351 2506.947663 1.514375 -0.071554 0.298538 0.421546 -0.064663 0.138163 0.031046 1.874730 4.301305 1.704000 -0.688547 -0.026205
19  1856.371334 2493.578910 1.852420 -1.084160 1.602000 0.447589 -0.064868 0.190090 0.060286 0.812379 0.734659 1.658000 2.277681 0.016818
20  1856.066022 2492.090729 1.824175 -0.821226 1.222983 0.327699 -0.002793 0.079429 0.000726 0.809356 0.697474 1.658000 2.275230 0.023276
22  1900.281941 2500.574545 2.310629 -0.690973 0.338221 0.409808 -0.147103 0.041614 0.053563 2.155157 4.229571 1.617000 -0.943686 -0.034140
31  1870.084269 2517.882148 1.315000 -1.093420 0.571602 0.000000 -0.119567 -0.087494 0.000000 0.431248 0.310624 2.000000 2.372814 -0.018818
33  1813.042501 2564.512381 0.102230 0.035506 -0.607499 0.356320 0.186106 -0.003365 0.027513 1.583185 4.650521 1.800000 -1.563549 -0.010688
35  1859.250923 2533.204699 0.759242 -1.069179 1.069111 0.440671 -0.027927 0.090554 0.057946 0.320863 0.406229 1.784000 2.431603 -0.004825
38  1866.313913 2480.249213 2.069088 -0.984680 1.342199 0.056575 -0.097565 0.148505 -0.058430 0.885744 0.758774 1.715000 2.178270 -0.037096
41  1890.892598 2492.263237 3.408402 4.622682 -3.653350 0.504402 0.539564 -0.294296 0.044967 2.889848 13.068101 4.581000 -0.759586 -0.065121
47  1814.325228 2541.071959 0.712260 -1.648628 0.053637 0.417149 -0.285634 -0.074121 0.086961 0.842056 2.067056 1.619000 2.601613 -0.132615
48  1863.196444 2485.465961 2.010058 -0.714847 1.461708 0.234790 -0.054089 0.242940 -0.002350 0.819590 0.685282 1.658000 2.195214 -0.044263
50  1851.802655 2563.563424 -0.374660 -1.111581 -0.053360 0.231986 -0.390334 0.115754 0.086122 2.076804 4.263368 1.816000 2.746244 0.048249

9 14 1538448748.547277
7  1852.381368 2498.580775 1.730534 -0.540211 1.894743 0.412323 0.084407 0.316903 0.040440 0.908903 0.705321 1.658000 2.272038 0.008386
14  1876.994868 2506.539269 1.716679 -0.551113 -0.333835 0.417898 -0.233379 -0.126450 0.023816 1.832858 4.414047 1.704000 -0.581268 0.054033
19  1856.034878 2494.062191 2.070441 -0.853955 1.264609 0.453100 0.034208 0.026964 0.050996 0.754855 0.733585 1.658000 2.231247 -0.019736
20  1856.161982 2492.517771 1.970007 -0.221840 1.020846 0.306547 0.223848 -0.011804 -0.007390 0.817660 0.695230 1.658000 2.217250 -0.023126
22  1899.899771 2500.754017 2.528873 -0.764508 0.359023 0.436583 -0.147103 0.041614 0.053563 2.155157 4.229571 1.617000 -0.960753 -0.034140
31  1869.141457 2518.333161 1.315000 -1.588187 0.750073 0.000000 -0.285814 -0.002571 0.000000 0.452478 0.328960 2.000000 2.468444 0.051162
33  1812.923368 2564.758156 0.267436 -0.073294 -0.003535 0.348293 0.111261 0.221225 0.019437 1.614312 4.582410 1.800000 -1.540552 0.006779
35  1858.716166 2533.569539 0.975971 -1.075191 0.886129 0.448218 -0.024889 0.003322 0.049760 0.310387 0.451301 1.784000 2.447165 0.007150
38  1865.797301 2480.957275 2.082768 -1.033451 1.416435 0.027366 -0.097565 0.148505 -0.058430 0.885744 0.758774 1.715000 2.159726 -0.037096
41  1891.941027 2491.408153 3.671957 3.349272 -2.646646 0.527071 -0.038470 0.137907 0.045038 3.055862 12.897993 4.581000 -0.744103 -0.034868
47  1813.374126 2541.767847 0.892253 -1.857593 0.835129 0.400781 -0.310977 0.239330 0.064046 0.799408 2.060739 1.619000 2.503024 -0.154022
48  1862.141547 2485.782507 2.134703 -1.555187 1.018560 0.242964 -0.366880 0.025801 0.001245 0.775500 0.659062 1.658000 2.260889 0.013749
50  1851.754013 2564.138587 -0.240465 -0.582332 0.690949 0.271091 -0.112597 0.378950 0.084609 2.001971 4.214590 1.816000 2.763251 0.043528
85  1826.229088 2593.672731 0.756665 0.393276 -0.346807 -0.069733 -0.009834 0.032708 -0.010754 1.963766 4.216164 1.550000 -1.951082 -0.023290

10 15 1538448749.047731
7  1852.132157 2499.608376 1.947011 -0.497969 2.053338 0.432562 0.084407 0.316903 0.040440 0.908903 0.705321 1.658000 2.276235 0.008386
14  1877.257168 2505.695685 1.919100 0.037932 -1.160091 0.414812 0.031669 -0.412951 0.018181 1.893431 4.397049 1.704000 -0.638901 -0.002421
19  1855.655218 2494.427835 2.287690 -0.790528 0.953924 0.452261 0.051597 -0.094767 0.041097 0.766708 0.772406 1.658000 2.251153 0.000121
20  1855.863637 2492.808814 2.117649 -0.397788 0.758320 0.298211 0.115712 -0.108166 -0.009132 0.802418 0.714581 1.658000 2.264227 0.015911
31  1868.451019 2519.195066 1.315000 -1.522710 1.326088 0.000000 -0.206838 0.216084 0.000000 0.448288 0.336897 2.000000 2.432796 0.010328
33  1812.881188 2564.812011 0.385009 -0.057505 0.107437 0.284372 0.096146 0.221323 -0.008468 1.703661 4.586521 1.800000 -1.469774 0.051248
35  1857.895117 2533.991603 1.175196 -1.415576 0.861442 0.428624 -0.149093 -0.006658 0.032906 0.324112 0.472385 1.784000 2.432288 -0.005153
38  1865.255671 2481.703329 2.081829 -1.082278 1.490755 -0.001876 -0.097565 0.148505 -0.058430 0.885744 0.758774 1.715000 2.141161 -0.037096
41  1894.127273 2489.691625 3.937395 3.896781 -3.042776 0.539124 0.171476 -0.034397 0.041154 3.058155 12.908652 4.581000 -0.690538 0.008924
47  1812.663969 2542.688123 1.058294 -1.659604 1.480978 0.372694 -0.174676 0.442104 0.040866 0.734482 2.080862 1.619000 2.493699 -0.108885
48  1861.580346 2486.159126 2.282502 -1.371350 0.865477 0.274382 -0.225075 -0.038260 0.013130 0.825140 0.766351 1.658000 2.293600 0.030927
50  1852.501471 2564.214305 -0.089103 0.632477 0.445818 0.306885 0.377175 0.211432 0.082085 1.999041 4.243818 1.816000 2.761183 0.027595
85  1825.907070 2593.251373 0.707718 -0.188905 -0.616612 -0.087809 -0.173143 -0.048251 -0.014345 1.895823 4.465247 1.550000 -1.957175 -0.020242
90  1824.346780 2570.562471 0.300310 -0.030576 0.234007 0.170061 -0.126267 0.036475 0.026753 0.748744 0.623082 1.739000 -0.897023 0.040408
93  1851.401414 2498.452387 1.848043 -0.932786 1.312499 0.292702 -0.174783 0.236345 0.046045 0.840000 0.800774 1.658000 2.244459 -0.011756

11 13 1538448749.547584
14  1877.499074 2505.795684 2.121990 0.308073 -0.440419 0.413258 0.126866 -0.066285 0.014198 1.956795 4.453485 1.704000 -0.642376 -0.003931
19  1854.209316 2495.155787 2.504280 -2.022673 1.231560 0.449455 -0.419293 0.026894 0.032357 0.750211 0.819493 1.658000 2.295399 0.029573
20  1855.322401 2494.224402 2.265776 -0.779086 1.962093 0.295240 -0.048673 0.362688 -0.008535 0.846344 0.731707 1.658000 2.270624 0.014874
31  1868.173755 2519.827462 1.315000 -0.992162 1.334142 0.000000 0.031711 0.178471 0.000000 0.406401 0.332217 2.000000 2.441270 0.012535
33  1812.518686 2564.570975 0.490623 -0.436173 -0.199425 0.239092 -0.064332 0.064319 -0.023905 1.683342 4.664161 1.800000 -1.480973 0.026577
35  1857.587788 2535.186437 1.317320 -0.972220 1.764730 0.349964 0.045785 0.334500 -0.002883 0.365024 0.429686 1.784000 2.430581 -0.004574
41  1895.300631 2488.928394 4.201024 3.088736 -2.221982 0.542050 -0.156934 0.273520 0.034670 3.062906 12.937709 4.581000 -0.570442 0.079913
47  1812.097896 2543.391777 1.091843 -1.382293 1.527354 0.199663 -0.035297 0.375358 -0.033084 0.775149 2.085067 1.619000 2.368506 -0.156055
48  1861.230894 2487.085277 2.440569 -1.051425 1.400975 0.300386 -0.064328 0.167909 0.020357 0.843577 0.725136 1.658000 2.240711 -0.012200
50  1852.313242 2564.275495 0.150234 0.110185 0.296818 0.425611 0.105560 0.114113 0.111774 1.991854 4.220925 1.816000 2.733323 -0.000212
85  1826.257999 2594.194299 0.660048 0.260617 0.745146 -0.095193 0.010588 0.426739 -0.014418 1.879825 4.379730 1.550000 -1.910884 0.013276
90  1825.269001 2570.361684 0.410995 1.075477 -0.142132 0.206351 0.228522 -0.083199 0.033707 0.729275 0.701722 1.739000 -0.877452 0.040031
93  1850.951924 2498.801922 2.037063 -0.947235 0.989570 0.353369 -0.152656 0.102502 0.057471 0.846034 0.788603 1.658000 2.243637 -0.008711

12 14 1538448750.047463
14  1877.684774 2505.558965 2.332117 0.371491 -0.473553 0.420356 0.126866 -0.066285 0.014198 1.956795 4.453485 1.704000 -0.644341 -0.003931
19  1853.817771 2495.944395 2.722001 -1.375760 1.441603 0.447847 -0.099268 0.100351 0.025713 0.726385 0.753950 1.658000 2.312926 0.031402
20  1854.752498 2494.821378 2.414809 -1.002422 1.582344 0.295208 -0.123029 0.153058 -0.006953 0.907858 0.716550 1.658000 2.333540 0.051859
31  1867.699166 2520.838178 1.315000 -0.960400 1.777351 0.000000 0.037674 0.311146 0.000000 0.399253 0.336511 2.000000 2.417712 -0.007346
33  1812.823002 2564.688332 0.525061 0.169807 0.070919 0.133387 0.174559 0.153487 -0.059003 1.686463 4.633901 1.800000 -1.541425 -0.022807
35  1856.903470 2535.545346 1.436190 -1.197508 1.214002 0.283040 -0.047230 0.065423 -0.027425 0.372205 0.432760 1.784000 2.408139 -0.018010
41  1896.805411 2487.886019 4.480647 3.010288 -2.085255 0.559380 -0.156934 0.273520 0.034670 3.062906 12.937709 4.581000 -0.530495 0.079913
47  1811.441896 2543.680785 0.983101 -1.348019 1.041372 -0.054283 -0.015630 0.120187 -0.123016 0.734888 2.078731 1.619000 2.329887 -0.129795
48  1860.627753 2487.827917 2.599162 -1.150509 1.485307 0.314208 -0.088896 0.168055 0.021695 0.640980 0.758997 1.658000 2.278987 0.015174
50  1852.393905 2564.081872 0.408152 0.162011 -0.085328 0.501913 0.105203 -0.052234 0.119511 1.960784 4.080657 1.816000 2.711471 -0.014719
85  1826.035879 2594.629914 0.613781 -0.124950 0.910574 -0.096983 -0.133368 0.409101 -0.012423 1.916097 4.395780 1.550000 -1.922802 0.001955
90  1825.538589 2569.905525 0.518649 0.804402 -0.615483 0.218556 0.088170 -0.240472 0.032015 0.701411 0.720947 1.739000 -0.880480 0.025136
93  1850.662665 2499.251414 2.222861 -0.759988 0.956918 0.375930 -0.056654 0.071944 0.055224 0.824169 0.811170 1.658000 2.211541 -0.026647
118  1792.585451 2568.132004 0.255333 0.976685 -1.231164 -0.067333 0.116168 -0.250414 -0.010487 0.350786 0.983672 1.674000 -0.770388 0.053538

13 15 1538448750.547877
14  1877.902442 2505.305394 2.546024 0.434976 -0.506723 0.427460 0.126866 -0.066285 0.014198 1.956795 4.453485 1.704000 -0.646308 -0.003931
19  1853.430672 2496.952162 2.917810 -1.067423 1.778528 0.422589 0.030660 0.204402 0.011877 0.768767 0.711770 1.658000 2.361624 0.052236
20  1854.220064 2495.651533 2.560794 -1.063987 1.658936 0.291729 -0.123029 0.153058 -0.006953 0.907858 0.716550 1.658000 2.359491 0.051859
31  1867.089611 2520.640074 1.315000 -1.105179 0.555061 0.000000 -0.023523 -0.204210 0.000000 0.285348 0.239721 2.000000 2.461568 0.024345
33  1812.890466 2564.767422 0.544408 0.184757 0.153835 0.065277 0.147495 0.155771 -0.073426 1.738746 4.630433 1.800000 -1.520234 -0.001018
35  1856.310628 2535.983408 1.552983 -1.199582 1.027024 0.248061 -0.039166 -0.016749 -0.035375 0.335627 0.436704 1.784000 2.461140 0.023336
41  1897.048159 2487.859962 4.726360 1.850323 -1.110205 0.538846 -0.513686 0.550025 0.022173 2.589844 12.825005 4.581000 -0.548734 0.048569
47  1810.879328 2544.580405 0.934457 -1.218632 1.513928 -0.104803 0.036021 0.275436 -0.118861 0.718201 2.110130 1.619000 2.259138 -0.133661
48  1860.825245 2488.359134 2.756365 -0.326360 1.291900 0.319099 0.228172 0.066761 0.019517 0.709986 0.656580 1.658000 2.179939 -0.050315
50  1852.501322 2564.026092 0.689244 0.214657 -0.111467 0.561718 0.105203 -0.052234 0.119511 1.960784 4.080657 1.816000 2.704105 -0.014719
85  1826.205486 2593.327526 0.568449 0.101007 -0.935537 -0.096244 -0.024114 -0.356412 -0.009827 1.798401 4.456467 1.550000 -1.864989 0.036912
90  1825.866608 2568.917928 0.462574 0.733704 -1.472064 0.028389 0.044004 -0.523674 -0.047297 0.751851 0.774273 1.739000 -0.918632 -0.008383
93  1850.027047 2499.664151 2.406901 -1.074955 0.892913 0.382276 -0.166903 0.033475 0.047035 0.856606 0.868037 1.658000 2.265693 0.017943
118  1792.882445 2567.747506 0.254438 0.765432 -0.997485 -0.029369 0.034466 -0.141535 0.002619 0.434859 0.987913 1.674000 -0.969188 -0.080262
127  1807.899482 2533.523360 1.945224 -0.460424 -0.272766 -0.254330 -0.062816 -0.032769 -0.049258 0.624124 0.655419 1.762000 -0.987329 0.018091

14 17 1538448751.048300
14  1878.151884 2505.035220 2.763490 0.498463 -0.539893 0.434565 0.126866 -0.066285 0.014198 1.956795 4.453485 1.704000 -0.648275 -0.003931
19  1853.441842 2497.533716 3.107286 -0.468704 1.490583 0.401438 0.241523 0.063352 0.002083 0.744990 0.769355 1.658000 2.399877 0.059709
20  1853.656811 2496.520032 2.705041 -1.125553 1.735530 0.288250 -0.123029 0.153058 -0.006953 0.907858 0.716550 1.658000 2.385442 0.051859
31  1866.289056 2521.195542 1.315000 -1.402509 0.841531 0.000000 -0.130184 -0.059038 0.000000 0.369922 0.364187 2.000000 2.503214 0.043986
33  1812.981823 2564.634211 0.564101 0.213611 -0.062751 0.034932 0.130704 0.045761 -0.071035 1.772739 4.643481 1.800000 -1.509273 0.006636
35  1855.640187 2536.163790 1.695480 -1.290492 0.629357 0.262530 -0.065802 -0.162154 -0.023358 0.286309 0.381824 1.784000 2.430428 -0.004922
41  1897.158613 2488.653396 4.989064 0.861697 0.455161 0.536628 -0.776501 1.013500 0.017390 2.474444 12.676651 4.581000 -0.693200 -0.049360
47  1810.358413 2545.053623 0.997002 -1.106116 1.233855 0.006913 0.071451 0.118737 -0.054669 0.716299 2.083527 1.619000 2.195365 -0.131585
48  1859.902785 2488.360711 2.912181 -1.105091 0.601557 0.319287 -0.096308 -0.196247 0.016037 0.689332 0.638436 1.658000 2.183510 -0.032645
50  1852.635087 2563.957231 1.000269 0.267303 -0.137606 0.621524 0.105203 -0.052234 0.119511 1.960784 4.080657 1.816000 2.696740 -0.014719
85  1826.309578 2594.179754 0.524215 0.154490 0.436872 -0.094133 0.000198 0.218758 -0.007220 1.856260 4.438900 1.550000 -1.855739 0.031229
90  1825.969757 2568.703244 0.581816 0.428717 -0.957587 0.143688 -0.082191 -0.224003 0.006332 0.775400 0.789554 1.739000 -0.901869 0.005551
93  1849.447318 2500.119368 2.609979 -1.158477 0.909664 0.405813 -0.166903 0.033475 0.047035 0.856606 0.868037 1.658000 2.274672 0.017943
118  1792.792229 2567.586458 0.264995 0.207326 -0.622297 0.001311 -0.173740 0.019867 0.013247 0.562053 0.897228 1.674000 -1.049904 -0.106543
127  1807.653344 2533.378655 1.805616 -0.491859 -0.289165 -0.278980 -0.062816 -0.032769 -0.049258 0.624124 0.655419 1.762000 -0.978276 0.018091
140  1877.248865 2507.075401 2.697994 -0.592230 0.630537 0.314460 -0.094689 0.102289 0.048528 1.713001 4.251668 1.704000 -0.578155 0.018186
143  1792.266980 2566.896605 0.245650 0.433371 -0.588967 0.057511 -0.002842 -0.030054 0.012135 0.630030 0.536042 1.674000 -1.029354 -0.003365

15 17 1538448751.548178
19  1853.267899 2498.294656 3.308477 -0.347972 1.522251 0.402479 0.241523 0.063352 0.002083 0.744990 0.769355 1.658000 2.429724 0.059709
20  1853.063430 2497.425831 2.847393 -1.187053 1.812040 0.284774 -0.123029 0.153058 -0.006953 0.907858 0.716550 1.658000 2.411365 0.051859
31  1865.758799 2522.181976 1.315000 -1.244420 1.449090 0.000000 -0.049228 0.172065 0.000000 0.423681 0.335448 2.000000 2.431752 -0.015021
33  1812.914815 2564.828092 0.667712 0.034922 0.212858 0.122235 0.039640 0.140075 -0.025205 1.797267 4.633121 1.800000 -1.506957 0.005968
35  1855.084593 2537.078874 1.846703 -1.198166 1.305964 0.281381 -0.019078 0.120561 -0.011967 0.350617 0.369011 1.784000 2.427585 -0.005177
41  1895.063110 2488.883920 5.251500 -2.116374 0.683883 0.534041 -1.714601 0.912839 0.013304 2.608077 12.857535 4.581000 -0.658589 -0.013213
47  1809.860247 2545.196324 1.131882 -1.026765 0.697563 0.151139 0.087769 -0.104026 0.009490 0.712141 2.001409 1.619000 2.224056 -0.068624
48  1860.282315 2488.753219 3.066352 -0.107101 0.657576 0.316974 0.282599 -0.140426 0.012295 0.773638 0.594229 1.658000 2.237330 0.010520
50  1852.794994 2563.875393 1.340819 0.319892 -0.163716 0.681266 0.105203 -0.052234 0.119511 1.960784 4.080657 1.816000 2.689382 -0.014719
85  1826.383239 2594.156622 0.479350 0.150267 0.192098 -0.092966 -0.001439 0.084613 -0.005411 1.731531 4.469164 1.550000 -1.916452 -0.019115
90  1826.353827 2568.840616 0.752049 0.613541 -0.271792 0.261795 0.004146 0.080884 0.050260 0.773205 0.801181 1.739000 -0.930911 -0.015638
93  1848.826516 2500.582454 2.824589 -1.241908 0.926398 0.429325 -0.166903 0.033475 0.047035 0.856606 0.868037 1.658000 2.283641 0.017943
118  1793.203506 2566.767243 0.426177 0.538290 -1.223051 0.195048 -0.013730 -0.214008 0.084906 0.598810 0.783155 1.674000 -0.999724 -0.038006
127  1807.391779 2533.225920 1.653852 -0.523260 -0.305546 -0.303603 -0.062816 -0.032769 -0.049258 0.624124 0.655419 1.762000 -0.969233 0.018091
140  1878.071745 2507.005043 2.918681 0.637762 0.222079 0.396146 0.266706 -0.027743 0.064776 1.779000 4.412488 1.704000 -0.554133 0.026367
143  1792.191015 2566.715378 0.384983 0.079796 -0.458376 0.193336 -0.109722 0.014140 0.051517 0.683678 0.549984 1.674000 -0.992350 0.019939
149  1779.404499 2603.823318 0.413368 -0.865797 0.502912 0.099808 -0.164334 0.106150 0.023560 1.889181 5.095483 1.560000 2.270852 0.044049

16 15 1538448752.048628
19  1853.154246 2499.072333 3.510420 -0.227102 1.553956 0.403522 0.241523 0.063352 0.002083 0.744990 0.769355 1.658000 2.459605 0.059709
31  1865.773965 2522.752554 1.315000 -0.563437 1.320657 0.000000 0.205738 0.094543 0.000000 0.503704 0.524431 2.000000 2.398674 -0.030792
33  1813.034975 2564.952173 0.793257 0.164383 0.262246 0.193159 0.080533 0.132348 0.005957 1.801388 4.584470 1.800000 -1.453320 0.039738
35  1854.458893 2537.649290 1.998653 -1.232887 1.232342 0.292091 -0.028467 0.070596 -0.005738 0.305541 0.440575 1.784000 2.452712 0.013301
41  1893.574548 2489.454790 5.522093 -2.974447 1.140713 0.540699 -1.714601 0.912839 0.013304 2.608077 12.857535 4.581000 -0.665201 -0.013213
47  1809.672138 2545.384042 1.301749 -0.623782 0.485541 0.264464 0.221875 -0.163770 0.050042 0.658234 2.041895 1.619000 2.286783 -0.003912
48  1859.299427 2489.487470 3.220806 -1.059737 1.069023 0.315189 -0.112976 0.033749 0.009425 0.567310 0.634153 1.658000 2.229402 0.002392
85  1826.115980 2593.881867 0.434505 -0.258424 -0.233133 -0.092054 -0.154860 -0.091224 -0.004050 1.764042 4.543720 1.550000 -1.868577 0.019382
90  1826.764271 2568.263724 0.928568 0.736905 -0.777725 0.325951 0.050077 -0.126036 0.065030 0.789793 0.761869 1.739000 -0.942413 -0.018088
93  1848.163203 2501.054454 3.051225 -1.325434 0.943151 0.452864 -0.166903 0.033475 0.047035 0.856606 0.868037 1.658000 2.292621 0.017943
118  1793.810107 2566.459250 0.622325 0.936490 -0.904832 0.329423 0.142383 -0.050092 0.120318 0.645011 0.755198 1.674000 -0.960985 0.000464
127  1807.114181 2533.064802 1.489577 -0.554696 -0.321945 -0.328254 -0.062816 -0.032769 -0.049258 0.624124 0.655419 1.762000 -0.960179 0.018091
140  1878.457710 2507.109235 3.133155 0.771235 0.208195 0.428563 0.266706 -0.027743 0.064776 1.779000 4.412488 1.704000 -0.540938 0.026367
143  1792.889129 2566.186549 0.543867 0.837253 -0.810264 0.277441 0.186272 -0.116652 0.072768 0.630932 0.593314 1.674000 -0.983118 0.019456
149  1778.908793 2603.659436 0.553759 -0.971804 0.061768 0.206105 -0.171059 -0.033708 0.050302 1.803425 4.991731 1.560000 2.305750 0.051093

17 13 1538448752.549040
19  1853.101082 2499.865815 3.712869 -0.106241 1.585657 0.404565 0.241523 0.063352 0.002083 0.744990 0.769355 1.658000 2.489484 0.059709
31  1865.831176 2522.560904 1.315000 -0.147002 0.413063 0.000000 0.319063 -0.250659 0.000000 0.408553 0.544161 2.000000 2.404623 -0.017679
33  1813.259784 2564.419614 0.921070 0.349291 -0.495023 0.231189 0.134461 -0.174757 0.019028 1.781271 4.591810 1.800000 -1.503903 -0.007236
35  1853.439040 2538.390845 2.149850 -1.714773 1.394332 0.296863 -0.202854 0.117829 -0.002888 0.215157 0.319009 1.784000 2.480845 0.027617
41  1891.656742 2490.254203 5.795997 -3.832454 1.597509 0.547356 -1.714601 0.912839 0.013304 2.608077 12.857535 4.581000 -0.671813 -0.013213
47  1809.632979 2545.491682 1.472672 -0.255809 0.292126 0.320291 0.317767 -0.205368 0.061531 0.677025 2.040339 1.619000 2.330947 0.026831
48  1857.483036 2489.761625 3.375373 -2.491865 0.791447 0.313872 -0.609884 -0.072621 0.007246 0.472293 0.754067 1.658000 2.329509 0.063354
85  1826.520625 2593.983376 0.389636 0.342595 0.006741 -0.091463 0.099175 0.015676 -0.003069 1.884140 4.497463 1.550000 -1.909239 -0.014344
90  1826.936521 2567.559677 1.101989 0.514583 -1.176051 0.351424 -0.043013 -0.252193 0.062370 0.812361 0.829101 1.739000 -0.898818 0.017003
118  1794.055239 2565.716973 0.732885 0.700161 -1.258593 0.289441 0.024808 -0.175738 0.082019 0.660923 0.749050 1.674000 -0.983264 -0.014541
140  1878.910431 2507.206471 3.363834 0.904697 0.194312 0.460977 0.266706 -0.027743 0.064776 1.779000 4.412488 1.704000 -0.527743 0.026367
143  1793.348909 2565.511655 0.701848 0.923530 -1.154121 0.314953 0.183604 -0.226469 0.073190 0.655306 0.617366 1.674000 -0.954858 0.031693
149  1779.290227 2604.309514 0.699557 -0.058629 0.733304 0.264253 0.171353 0.202299 0.061607 1.811561 4.952768 1.560000 2.346465 0.060095

18 12 1538448753.048377
31  1865.748332 2522.919621 1.315000 -0.084972 0.522893 0.000000 0.283924 -0.165785 0.000000 0.392318 0.570209 2.000000 2.427131 0.001575
33  1813.180742 2564.869952 1.044465 0.077187 0.293771 0.244484 0.008023 0.151753 0.020442 1.777443 4.570010 1.800000 -1.502977 -0.004211
35  1853.156898 2538.398036 2.247653 -1.130485 0.664706 0.240863 0.045547 -0.167847 -0.022655 0.368365 0.309655 1.784000 2.472934 0.013915
41  1889.315542 2491.279503 6.072629 -4.688618 2.053324 0.553999 -1.714601 0.912839 0.013304 2.608077 12.857535 4.581000 -0.678411 -0.013213
47  1809.652303 2545.744741 1.638564 -0.016951 0.376832 0.339923 0.347665 -0.135548 0.057395 0.716410 2.128480 1.619000 2.329434 0.016895
48  1856.086689 2490.138717 3.533908 -2.796403 0.755185 0.317490 -0.609884 -0.072621 0.007246 0.472293 0.754067 1.658000 2.361144 0.063354
85  1826.127973 2593.487799 0.436485 -0.303964 -0.580257 0.017353 -0.160906 -0.206572 0.038161 1.839230 4.472963 1.550000 -1.913886 -0.012664
90  1827.083169 2567.081203 1.271568 0.375292 -1.098892 0.357189 -0.087156 -0.176099 0.052861 0.835678 0.807283 1.739000 -0.910870 0.003313
118  1793.506275 2564.907716 0.772720 -0.359954 -1.508717 0.182051 -0.381348 -0.237228 0.025841 0.595324 0.708073 1.674000 -0.911782 0.037937
140  1879.428679 2507.296581 3.610168 1.037873 0.180459 0.493322 0.266706 -0.027743 0.064776 1.779000 4.412488 1.704000 -0.514578 0.026367
143  1793.826583 2565.089364 0.812655 0.980407 -1.016847 0.274527 0.170180 -0.129899 0.043500 0.665457 0.668243 1.674000 -0.972861 0.009209
149  1778.043073 2603.943997 0.766914 -1.360855 -0.026715 0.206994 -0.339711 -0.114784 0.029192 1.788466 4.760808 1.560000 2.232630 -0.027650

19 12 1538448753.547684
31  1865.776690 2523.139374 1.315000 0.056793 0.440115 0.000000 0.283924 -0.165785 0.000000 0.392318 0.570209 2.000000 2.427917 0.001575
33  1813.086911 2564.897847 1.165948 -0.077706 0.184333 0.247967 -0.051181 0.082745 0.017936 1.878037 4.626366 1.800000 -1.562929 -0.042777
35  1853.052118 2539.090912 2.327725 -0.620993 1.018256 0.192046 0.221240 -0.009982 -0.036193 0.472729 0.304812 1.784000 2.511037 0.033140
41  1886.547020 2492.532320 6.352561 -5.544730 2.509111 0.560642 -1.714601 0.912839 0.013304 2.608077 12.857535 4.581000 -0.685008 -0.013213
47  1809.793653 2545.755743 1.629227 0.231307 0.139617 0.139902 0.375493 -0.198732 -0.027831 0.702960 2.128846 1.619000 2.286684 -0.017228
48  1854.538377 2490.497681 3.694240 -3.100922 0.718925 0.321108 -0.609884 -0.072621 0.007246 0.472293 0.754067 1.658000 2.392777 0.063354
85  1826.108143 2593.771244 0.506387 -0.180783 0.055514 0.097589 -0.084944 0.069218 0.060996 1.845516 4.436838 1.550000 -1.932335 -0.020755
90  1827.677240 2566.833567 1.438152 0.838643 -0.778698 0.354073 0.102290 -0.023561 0.041832 0.854055 0.786468 1.739000 -0.909078 0.003405
118  1793.980744 2564.365820 0.854571 0.337113 -1.306701 0.176606 -0.047472 -0.116666 0.018939 0.587887 0.687412 1.674000 -0.979075 -0.019554
140  1880.013388 2507.379768 3.872636 1.171041 0.166607 0.525665 0.266706 -0.027743 0.064776 1.779000 4.412488 1.704000 -0.501413 0.026367
143  1794.333333 2564.821177 0.895701 1.035444 -0.758711 0.219188 0.158744 -0.006513 0.014063 0.725217 0.697418 1.674000 -0.829964 0.101336
149  1778.507440 2604.455410 0.816837 -0.054243 0.580906 0.148622 0.230027 0.141841 0.001039 1.832381 4.703245 1.560000 2.271956 0.007325

20 10 1538448754.047572
31  1865.876029 2523.317955 1.315000 0.198724 0.357242 0.000000 0.283924 -0.165785 0.000000 0.392318 0.570209 2.000000 2.428705 0.001575
33  1813.128158 2564.816068 1.269192 0.006523 -0.004386 0.227145 -0.010258 -0.002998 0.006836 1.880280 4.587865 1.800000 -1.509568 0.007070
35  1851.544656 2539.854136 2.405346 -1.876027 1.293196 0.163773 -0.272111 0.091146 -0.039871 0.390966 0.231489 1.784000 2.386721 -0.053401
47  1809.720322 2545.735197 1.704890 0.084654 -0.007823 0.140984 0.250870 -0.216658 -0.022242 0.710255 2.135147 1.619000 2.294707 -0.006134
48  1852.835861 2490.838915 3.856568 -3.405796 0.682622 0.324730 -0.609884 -0.072621 0.007246 0.472293 0.754067 1.658000 2.424447 0.063354
85  1826.541241 2593.613522 0.576061 0.420879 -0.149667 0.134760 0.155372 -0.020243 0.063488 1.808588 4.389295 1.550000 -1.919446 -0.005235
90  1828.139309 2566.330584 1.603649 0.910214 -0.918007 0.349022 0.109920 -0.071175 0.032139 0.894223 0.858338 1.739000 -0.931392 -0.012611
118  1794.377928 2563.992367 0.951372 0.598029 -0.999456 0.190553 0.059212 0.020346 0.020617 0.718101 0.665219 1.674000 -0.932229 0.018206
143  1794.780815 2564.435968 1.017551 0.984634 -0.767078 0.236612 0.109466 -0.008447 0.017998 0.685959 0.658099 1.674000 -0.849205 0.054732
149  1778.055847 2604.112264 0.861796 -0.516329 -0.149192 0.113706 0.009352 -0.164465 -0.012512 1.910996 4.613114 1.560000 2.235184 -0.019768

21 10 1538448754.547448
31  1866.046312 2523.455105 1.315000 0.340650 0.274370 0.000000 0.283924 -0.165785 0.000000 0.392318 0.570209 2.000000 2.429492 0.001575
33  1813.159522 2564.814160 1.367774 0.037647 -0.004663 0.210856 0.003254 -0.002543 -0.000509 1.862205 4.636098 1.800000 -1.530946 -0.009542
35  1850.547687 2540.450464 2.485049 -2.002422 1.259076 0.152370 -0.268634 0.062367 -0.036791 0.239891 0.224672 1.784000 2.377975 -0.042367
47  1809.633548 2545.710326 1.811125 -0.016648 -0.076906 0.178709 0.166362 -0.202039 -0.004035 0.732730 2.112623 1.619000 2.251160 -0.033127
48  1850.980990 2491.161996 4.020703 -3.710662 0.646321 0.328352 -0.609884 -0.072621 0.007246 0.472293 0.754067 1.658000 2.456116 0.063354
85  1826.192618 2594.254168 0.642751 -0.208246 0.692050 0.146945 -0.108258 0.297488 0.056196 1.772646 4.411510 1.550000 -1.922425 -0.005477
90  1828.224293 2565.797083 1.769731 0.495215 -1.020773 0.345677 -0.065433 -0.096245 0.024896 0.858775 0.859769 1.739000 -0.889080 0.019807
118  1794.768730 2563.491365 1.051968 0.718777 -0.996952 0.201086 0.093301 0.017479 0.020702 0.712149 0.659512 1.674000 -0.876019 0.049620
143  1795.420013 2563.871673 1.064556 1.181016 -0.982926 0.155899 0.162768 -0.088075 -0.015756 0.671778 0.653813 1.674000 -0.841764 0.041451
149  1778.285757 2604.432382 0.908200 0.065208 0.286210 0.098771 0.227720 0.031475 -0.015798 1.996079 4.617007 1.560000 2.264865 0.006732

22 13 1538448755.047865
31  1866.287879 2523.550889 1.315000 0.482731 0.191408 0.000000 0.283924 -0.165785 0.000000 0.392318 0.570209 2.000000 2.430280 0.001575
33  1812.980906 2564.889049 1.380412 -0.195040 0.086079 0.100988 -0.084106 0.031763 -0.041377 1.870910 4.614197 1.800000 -1.496379 0.016692
35  1850.304176 2541.441016 2.567227 -1.233675 1.667467 0.150519 0.057428 0.198537 -0.030812 0.170515 0.377198 1.784000 2.493736 0.041960
47  1809.094669 2545.669018 1.829619 -0.609640 -0.121552 0.094052 -0.085776 -0.180989 -0.034847 0.756378 2.119819 1.619000 2.333020 0.032512
85  1826.061299 2594.674978 0.730357 -0.262420 0.840919 0.175066 -0.108258 0.297488 0.056196 1.772646 4.411510 1.550000 -1.925166 -0.005477
90  1828.227143 2565.431611 1.936129 0.192309 -0.868668 0.342985 -0.166224 -0.021530 0.019244 0.831430 0.759267 1.739000 -0.892356 0.011013
118  1795.303957 2562.797665 1.153680 0.945364 -1.223677 0.206600 0.160505 -0.070487 0.018892 0.698592 0.661964 1.674000 -0.865130 0.040323
143  1795.997248 2563.589337 1.136373 1.197972 -0.753057 0.145351 0.138588 0.014629 -0.016755 0.672043 0.638955 1.674000 -0.866304 0.011256
149  1777.956254 2604.870583 0.902462 -0.317122 0.641881 0.030234 0.040957 0.159395 -0.038615 2.006401 4.678589 1.560000 2.322031 0.042688
211  1773.846287 2610.534990 1.042867 -0.282456 -0.085621 0.040397 -0.049269 -0.027234 0.006416 1.924226 4.394912 1.614000 2.171511 -0.027665
212  1823.291762 2595.063029 1.090000 0.749778 0.519006 0.000000 0.153910 0.087885 0.000000 1.968174 4.598906 1.550000 -1.986488 -0.015532
215  1787.195216 2627.647402 1.254669 0.776528 0.776131 0.120797 0.136213 0.103393 0.025477 1.827303 4.510928 1.614000 -2.426025 0.056601
219  1862.680637 2525.083427 1.419719 -1.084946 -0.474482 0.056357 -0.233372 -0.170951 0.008649 0.748240 -0.040509 2.000000 2.347830 -0.084467

23 12 1538448755.548316
33  1812.796623 2564.626897 1.372921 -0.314654 -0.268073 0.023960 -0.113011 -0.106213 -0.062377 1.866004 4.607678 1.800000 -1.479302 0.022508
35  1849.664240 2541.179619 2.650980 -1.245313 0.514099 0.152751 0.042855 -0.253600 -0.024442 0.192142 0.362260 1.784000 2.388921 -0.035559
47  1808.768091 2545.562859 1.867959 -0.652567 -0.212128 0.076612 -0.085776 -0.180989 -0.034847 0.756378 2.119819 1.619000 2.349290 0.032512
85  1825.902857 2595.170323 0.832044 -0.316598 0.989797 0.203190 -0.108258 0.297488 0.056196 1.772646 4.411510 1.550000 -1.927907 -0.005477
90  1828.951950 2564.750953 2.103142 0.901049 -1.163673 0.341444 0.129169 -0.127550 0.015077 0.888410 0.810406 1.739000 -0.865535 0.025219
118  1796.189027 2562.486503 1.225097 1.465031 -0.882103 0.172674 0.324511 0.070191 0.002698 0.694029 0.697528 1.674000 -0.837259 0.045451
143  1795.663092 2562.495804 1.246157 0.122517 -1.597292 0.185717 -0.289662 -0.303921 0.001482 0.651525 0.616669 1.674000 -0.884742 -0.004791
149  1777.609078 2604.904189 0.883970 -0.531657 0.334273 -0.017418 -0.047174 0.014138 -0.049237 2.020848 4.631381 1.560000 2.322965 0.029055
211  1773.153706 2612.162598 1.069276 -0.957084 1.923778 0.049138 -0.246586 0.586912 0.008095 1.915143 4.428591 1.614000 2.109150 -0.056898
212  1822.906845 2594.908160 1.090000 -0.136529 0.036368 0.000000 -0.138536 -0.071985 0.000000 1.992677 4.591232 1.550000 -1.901801 0.040179
215  1786.529215 2627.845808 1.236436 -0.468462 0.567463 0.030946 -0.262433 0.024338 -0.005671 1.898557 4.555484 1.614000 -2.371966 0.072106
219  1862.079226 2524.803157 1.450089 -1.201738 -0.560035 0.060686 -0.233372 -0.170951 0.008649 0.748240 -0.040509 2.000000 2.305558 -0.084467

24 13 1538448756.050426
33  1812.610140 2564.465517 1.369226 -0.371398 -0.321404 -0.007360 -0.113011 -0.106213 -0.062377 1.866004 4.607678 1.800000 -1.468001 0.022508
35  1849.049760 2541.373817 2.721515 -1.223795 0.386764 0.140479 0.042855 -0.253600 -0.024442 0.192142 0.362260 1.784000 2.371066 -0.035559
47  1808.418805 2545.410717 1.897642 -0.695636 -0.303004 0.059115 -0.085776 -0.180989 -0.034847 0.756378 2.119819 1.619000 2.365615 0.032512
85  1825.716597 2595.742311 0.948235 -0.370955 1.139169 0.231406 -0.108258 0.297488 0.056196 1.772646 4.411510 1.550000 -1.930657 -0.005477
90  1829.436941 2564.134503 2.278385 0.965906 -1.227717 0.349014 0.129169 -0.127550 0.015077 0.888410 0.810406 1.739000 -0.852873 0.025219
118  1796.756303 2562.346396 1.304345 1.332616 -0.510221 0.164425 0.214247 0.195868 -0.000887 0.669508 0.733276 1.674000 -0.884337 -0.001154
143  1795.786877 2562.160491 1.351125 0.136855 -1.108244 0.199858 -0.229938 -0.064081 0.006490 0.662193 0.685157 1.674000 -0.894089 -0.009419
149  1777.299285 2605.639419 0.865548 -0.591903 1.007388 -0.038907 -0.060860 0.263454 -0.048026 1.990898 4.535595 1.560000 2.306114 0.008086
211  1772.714736 2614.088885 1.094281 -0.958079 3.180054 0.051180 -0.201791 0.937627 0.007358 1.893318 4.475477 1.614000 2.000442 -0.108726
212  1822.803365 2594.908273 1.090000 -0.206089 0.000224 0.000000 -0.138536 -0.071985 0.000000 1.992677 4.591232 1.550000 -1.881627 0.040179
215  1786.025778 2626.881914 1.189106 -0.839399 -0.905780 -0.044626 -0.349663 -0.517450 -0.032195 1.884333 4.472809 1.614000 -2.403529 0.028278
219  1861.416985 2524.478858 1.482741 -1.318916 -0.645871 0.065028 -0.233372 -0.170951 0.008649 0.748240 -0.040509 2.000000 2.263147 -0.084467
235  1775.639235 2627.934810 1.006968 4.331788 -0.091889 0.041309 0.663822 -0.049301 0.006443 1.865899 4.365071 1.638000 0.106550 0.113851

25 12 1538448756.547528
33  1812.397592 2564.279500 1.350153 -0.427576 -0.374202 -0.038368 -0.113011 -0.106213 -0.062377 1.866004 4.607678 1.800000 -1.456812 0.022508
35  1848.451998 2541.503411 2.785308 -1.202492 0.260699 0.128329 0.042855 -0.253600 -0.024442 0.192142 0.362260 1.784000 2.353389 -0.035559
47  1808.051807 2545.215369 1.918417 -0.738275 -0.392974 0.041793 -0.085776 -0.180989 -0.034847 0.756378 2.119819 1.619000 2.381777 0.032512
90  1829.949014 2563.492684 2.455606 1.030117 -1.291123 0.356509 0.129169 -0.127550 0.015077 0.888410 0.810406 1.739000 -0.840336 0.025219
118  1796.922816 2561.730480 1.278946 0.790000 -0.898544 0.037542 -0.027587 0.014920 -0.047994 0.753312 0.835005 1.674000 -0.896356 -0.008773
143  1796.679242 2561.324979 1.452868 1.064754 -1.457987 0.204018 0.158625 -0.182599 0.006838 0.635335 0.697681 1.674000 -0.879085 0.003687
149  1776.798144 2606.451279 0.868303 -0.849122 1.429336 -0.022604 -0.145555 0.372038 -0.033034 2.039289 4.521790 1.560000 2.291595 -0.004256
211  1772.375918 2615.580597 1.119363 -0.835588 3.264567 0.052247 -0.116168 0.790984 0.006362 1.904840 4.433416 1.614000 1.731541 -0.250463
212  1822.666684 2594.890596 1.090000 -0.274956 -0.035560 0.000000 -0.138536 -0.071985 0.000000 1.992677 4.591232 1.550000 -1.861654 0.040179
215  1784.686909 2626.038267 1.038971 -2.006674 -1.478832 -0.203363 -0.731449 -0.638822 -0.087047 1.857775 4.516708 1.614000 -2.352197 0.052868
219  1860.703680 2524.115551 1.517204 -1.434926 -0.730852 0.069327 -0.233372 -0.170951 0.008649 0.748240 -0.040509 2.000000 2.221158 -0.084467
235  1778.580163 2629.721399 1.033325 5.414659 2.110622 0.049619 0.892079 0.625879 0.007991 1.949054 4.435143 1.638000 0.367682 0.236884

26 11 1538448757.048500
33  1812.155025 2564.065379 1.315277 -0.484192 -0.427412 -0.069617 -0.113011 -0.106213 -0.062377 1.866004 4.607678 1.800000 -1.445537 0.022508
35  1847.860339 2541.570367 2.843463 -1.181023 0.133653 0.116084 0.042855 -0.253600 -0.024442 0.192142 0.362260 1.784000 2.335575 -0.035559
90  1830.497492 2562.813856 2.637991 1.094827 -1.355021 0.364062 0.129169 -0.127550 0.015077 0.888410 0.810406 1.739000 -0.827702 0.025219
118  1796.921673 2561.395021 1.228488 0.315045 -0.759887 -0.054161 -0.199462 0.063815 -0.073212 0.710476 0.818674 1.674000 -0.937405 -0.033225
143  1797.252465 2560.548741 1.556791 1.144221 -1.549464 0.207443 0.158625 -0.182599 0.006838 0.635335 0.697681 1.674000 -0.877238 0.003687
149  1776.004036 2607.978877 0.877264 -1.314897 2.465036 -0.005359 -0.292122 0.688902 -0.020426 1.985937 4.508716 1.560000 2.212107 -0.055864
211  1772.526886 2617.176050 1.122959 -0.181400 3.377031 0.026670 0.158633 0.681510 -0.004734 1.841116 4.411685 1.614000 1.515199 -0.310923
212  1822.494170 2594.854715 1.090000 -0.344358 -0.071623 0.000000 -0.138536 -0.071985 0.000000 1.992677 4.591232 1.550000 -1.841525 0.040179
215  1782.760005 2624.554446 0.865196 -3.251252 -2.492107 -0.306521 -1.070190 -0.906239 -0.110019 1.843800 4.484111 1.614000 -2.358732 0.030898
235  1781.483127 2631.090595 1.059168 5.821831 2.607635 0.052413 0.877606 0.692705 0.007550 2.031025 4.467494 1.638000 0.532333 0.266634
244  1792.301965 2636.104639 1.589919 -0.744946 -0.137708 -0.037612 -0.113381 -0.005883 -0.005902 2.159385 4.394409 1.638000 -2.504196 -0.061163

27 9 1538448757.548354
118  1797.664602 2560.893288 1.178529 0.966137 -0.890897 -0.096186 0.080378 0.003095 -0.075236 0.744314 0.809011 1.674000 -1.020394 -0.077482
143  1797.864041 2559.728613 1.662190 1.223510 -1.640737 0.210861 0.158625 -0.182599 0.006838 0.635335 0.697681 1.674000 -0.875395 0.003687
149  1774.684568 2609.815486 0.887930 -2.157332 3.320363 0.006236 -0.551843 0.879466 -0.012294 2.064994 4.574208 1.560000 2.092516 -0.116979
211  1773.117496 2619.607496 0.949559 0.659606 4.398078 -0.195963 0.449712 0.941513 -0.088906 1.867155 4.429014 1.614000 1.439669 -0.257703
215  1781.034993 2622.932249 0.694373 -3.587313 -3.123257 -0.349785 -0.994192 -0.974322 -0.105536 1.862195 4.510469 1.614000 -2.237299 0.101508
235  1786.235810 2630.884691 1.105062 8.190183 0.953991 0.077356 1.619712 -0.076405 0.015692 2.031936 4.479327 1.638000 -1.660927 -1.270493
244  1793.271324 2636.194929 1.566498 0.851231 0.053094 -0.044358 0.387904 0.052877 -0.007054 2.114666 4.438050 1.638000 -2.446305 -0.007867
257  1804.780305 2577.636415 1.180000 1.391066 -1.901474 0.000000 0.206292 -0.270901 0.000000 1.892429 4.312524 1.530000 -0.974274 -0.020472
259  1797.936235 2642.037099 1.900861 -0.363683 0.711918 -0.114495 -0.017231 0.171454 -0.018027 2.134395 4.383087 1.638000 -2.385545 0.035885

28 9 1538448758.048230
118  1798.167635 2560.448723 1.111649 1.006316 -0.889350 -0.133794 0.080378 0.003095 -0.075236 0.744314 0.809011 1.674000 -1.059125 -0.077482
143  1798.515281 2558.862820 1.769303 1.302803 -1.732014 0.214279 0.158625 -0.182599 0.006838 0.635335 0.697681 1.674000 -0.873552 0.003687
149  1773.514548 2611.476358 0.897427 -2.378490 3.501520 0.011263 -0.531450 0.783093 -0.008128 2.082701 4.645967 1.560000 2.002485 -0.138017
211  1774.097681 2622.104042 0.863381 1.522177 4.943141 -0.200114 0.691206 0.969694 -0.073649 1.823288 4.438385 1.614000 1.239703 -0.305124
215  1779.966833 2620.709506 0.686964 -2.930476 -4.105780 -0.172826 -0.557298 -1.161938 -0.018554 1.873583 4.517010 1.614000 -2.114666 0.149425
235  1790.734613 2631.342476 1.147651 8.999839 0.915798 0.085200 1.619712 -0.076405 0.015692 2.031936 4.479327 1.638000 -2.296016 -1.270493
244  1793.062795 2636.332380 1.542938 0.178863 0.195309 -0.047438 0.072317 0.095057 -0.006891 2.133499 4.455239 1.638000 -2.490053 -0.033609
257  1805.879980 2576.519194 1.180760 1.919880 -2.156391 0.000917 0.335472 -0.307164 0.000278 1.931815 4.316967 1.530000 -0.910682 0.024002
259  1798.102094 2641.672498 2.114448 0.052425 -0.123487 0.208735 0.111654 -0.108064 0.082794 2.098505 4.374158 1.638000 -2.437849 -0.006430

29 9 1538448758.547578
118  1798.690179 2560.005400 1.026079 1.046453 -0.887805 -0.171363 0.080378 0.003095 -0.075236 0.744314 0.809011 1.674000 -1.097815 -0.077482
149  1772.263034 2613.547254 0.906146 -2.562642 4.042902 0.013260 -0.501174 0.839131 -0.005871 2.070760 4.601581 1.560000 1.868573 -0.181343
211  1775.542354 2624.319244 0.894243 2.473914 4.841243 -0.060261 0.919392 0.749209 -0.007205 1.850827 4.447181 1.614000 1.020817 -0.349468
215  1779.068601 2618.066720 0.692061 -2.375007 -5.044624 -0.068377 -0.243654 -1.296849 0.024223 1.855360 4.507826 1.614000 -1.934794 0.219588
235  1795.632539 2631.780727 1.194108 9.808639 0.877645 0.093035 1.619712 -0.076405 0.015692 2.031936 4.479327 1.638000 -2.930435 -1.270493
244  1793.127989 2636.410819 1.519650 0.164842 0.191884 -0.048360 0.053037 0.075485 -0.005922 2.095179 4.425955 1.638000 -2.473996 -0.011915
257  1807.050498 2574.119490 1.181058 2.228220 -3.679033 0.000804 0.384235 -0.781295 0.000191 1.845554 4.406990 1.530000 -0.972886 -0.021282
259  1798.297201 2641.696154 2.116374 0.275428 -0.044367 0.104330 0.172553 -0.059606 0.029724 2.068492 4.493508 1.638000 -2.446021 -0.009638
270  1812.859266 2564.117646 1.466378 -0.240607 0.164116 -0.013364 -0.145671 0.101336 -0.002105 2.034682 4.928402 1.800000 -1.456144 -0.005420

30 10 1538448759.047433
118  1799.233337 2559.562399 0.921624 1.086631 -0.886258 -0.208970 0.080378 0.003095 -0.075236 0.744314 0.809011 1.674000 -1.136545 -0.077482
149  1772.076064 2616.321027 0.829596 -1.371670 5.104641 -0.086284 0.036118 1.078537 -0.041881 2.045725 4.630795 1.560000 1.636248 -0.275819
211  1777.618023 2627.193969 0.825167 3.654569 5.532423 -0.107829 1.189633 0.867891 -0.023682 1.891278 4.484913 1.614000 0.907143 -0.308786
215  1779.181685 2615.077178 0.692293 -0.886095 -5.863193 -0.022712 0.359982 -1.360684 0.036799 1.837401 4.469743 1.614000 -1.609759 0.363137
235  1800.940127 2632.200332 1.244533 10.618259 0.839454 0.100879 1.619712 -0.076405 0.015692 2.031936 4.479327 1.638000 -3.565497 -1.270493
244  1793.096250 2635.912644 1.436455 0.039791 -0.499652 -0.119782 -0.005445 -0.205909 -0.032339 2.077846 4.457341 1.638000 -2.443037 0.012636
257  1809.032886 2571.992013 1.181102 3.263610 -4.171390 0.000457 0.695479 -0.818875 0.000028 1.773355 4.612174 1.530000 -1.017160 -0.041832
259  1798.117601 2641.632921 1.968261 -0.066886 -0.105274 -0.127793 0.007761 -0.071569 -0.065245 2.168130 4.496966 1.638000 -2.437095 -0.000556
270  1812.981392 2563.912554 1.463873 -0.001596 -0.134698 -0.009158 -0.057515 0.002539 -0.000618 1.847612 4.797897 1.800000 -1.402457 0.025485
277  1786.614475 2631.044852 1.064283 -0.173165 0.315527 -0.122706 -0.002336 0.073671 -0.019290 2.124007 4.408701 1.638000 -2.403556 0.005002

31 10 1538448759.546758
118  1799.795959 2559.120640 0.798522 1.126765 -0.884712 -0.246537 0.080378 0.003095 -0.075236 0.744314 0.809011 1.674000 -1.175233 -0.077482
149  1772.666045 2619.111162 0.731438 0.143191 5.610491 -0.159971 0.593958 1.066354 -0.061549 2.022964 4.595666 1.560000 1.395408 -0.344571
211  1779.654188 2629.796053 0.825072 4.147719 5.520037 -0.049084 1.151922 0.701238 0.002702 1.888989 4.455195 1.614000 0.709814 -0.337551
215  1779.643597 2612.196150 0.686589 0.257367 -6.086124 -0.008523 0.720290 -1.190013 0.035234 1.900042 4.444653 1.614000 -1.383219 0.393284
235  1806.645925 2632.600443 1.298817 11.427022 0.801303 0.108714 1.619712 -0.076405 0.015692 2.031936 4.479327 1.638000 -4.199886 -1.270493
244  1792.712509 2636.067589 1.338896 -0.440714 -0.061110 -0.171190 -0.188037 0.000978 -0.045814 2.113768 4.540566 1.638000 -2.368527 0.058074
257  1810.835889 2569.704967 1.181337 3.610880 -4.580275 0.000470 0.695479 -0.818875 0.000028 1.773355 4.612174 1.530000 -1.038048 -0.041832
259  1798.099886 2641.714865 1.841658 -0.046652 0.040267 -0.215729 0.014071 -0.001643 -0.086599 2.154237 4.364413 1.638000 -2.427157 0.006237
270  1812.019634 2564.950338 1.463836 -1.069363 1.078811 -0.004319 -0.413447 0.417799 0.001145 1.741622 4.834242 1.800000 -1.398151 0.020482
277  1786.742571 2630.705463 0.985079 0.085386 -0.269757 -0.148181 0.076407 -0.114933 -0.024094 2.104201 4.410368 1.638000 -2.377053 0.019462

32 9 1538448760.047738
149  1774.226873 2622.281091 0.653991 2.024302 6.252901 -0.169366 1.184456 1.106697 -0.053554 2.017726 4.640066 1.560000 1.206858 -0.355195
211  1783.220589 2632.779441 0.844772 6.142566 5.920945 0.003823 1.681596 0.719769 0.021962 1.941750 4.508718 1.614000 0.747548 -0.199587
215  1781.232141 2610.008187 0.720189 2.129908 -5.311387 0.043441 1.285056 -0.677842 0.048053 1.885789 4.443356 1.614000 -1.112805 0.442233
244  1792.444526 2636.037220 1.241634 -0.534917 -0.060621 -0.194142 -0.188037 0.000978 -0.045814 2.113768 4.540566 1.638000 -2.339433 0.058074
257  1812.819420 2567.204818 1.181579 3.959301 -4.990515 0.000484 0.695479 -0.818875 0.000028 1.773355 4.612174 1.530000 -1.059005 -0.041832
259  1797.567108 2641.393875 1.816777 -0.648482 -0.365041 -0.134557 -0.218720 -0.156289 -0.038977 2.104065 4.376890 1.638000 -2.426998 0.004261
270  1811.671453 2564.213485 1.464398 -0.955853 -0.233177 -0.001061 -0.295322 -0.142654 0.002134 1.830604 4.707990 1.800000 -1.443089 -0.013215
277  1787.099515 2630.878389 0.965062 0.473166 0.071838 -0.088849 0.203758 0.030517 0.001924 2.126093 4.396417 1.638000 -2.338273 0.038241
295  1704.159836 2709.522345 2.812501 -1.939551 0.311267 -0.124338 -0.254078 0.122421 -0.024911 3.896691 9.878009 3.094000 -0.728607 0.038265

33 11 1538448760.548179
149  1775.536553 2625.687460 0.555821 2.617051 6.806737 -0.196167 1.184456 1.106697 -0.053554 2.017726 4.640066 1.560000 1.029104 -0.355195
211  1786.715721 2635.922783 0.852185 6.984105 6.281147 0.014813 1.681596 0.719769 0.021962 1.941750 4.508718 1.614000 0.647667 -0.199587
215  1783.556512 2607.495329 0.741132 3.879743 -5.278478 0.052327 1.698228 -0.538918 0.042393 1.863407 4.452885 1.614000 -0.905612 0.432822
244  1792.129740 2636.007127 1.133004 -0.629019 -0.060131 -0.217070 -0.188037 0.000978 -0.045814 2.113768 4.540566 1.638000 -2.310371 0.058074
257  1814.974992 2564.502281 1.181829 4.307347 -5.400314 0.000498 0.695479 -0.818875 0.000028 1.773355 4.612174 1.530000 -1.079939 -0.041832
259  1797.187804 2641.172052 1.739678 -0.757939 -0.443255 -0.154063 -0.218720 -0.156289 -0.038977 2.104065 4.376890 1.638000 -2.424866 0.004261
270  1811.119145 2564.061067 1.464401 -1.103644 -0.304567 0.000007 -0.295322 -0.142654 0.002134 1.830604 4.707990 1.800000 -1.449702 -0.013215
277  1786.799433 2630.450469 0.959646 -0.123458 -0.473181 -0.042059 -0.065039 -0.185065 0.019557 2.096651 4.387125 1.638000 -2.467889 -0.060023
295  1705.051197 2710.461686 2.674622 0.085107 1.213880 -0.214375 0.354901 0.360530 -0.046864 3.889053 10.046441 3.094000 -0.800799 -0.011790
301  1750.419886 2647.021324 1.151470 3.395790 -3.947854 -0.108390 0.544450 -0.685475 -0.017006 1.878215 5.023898 2.272000 -0.851847 0.008662
305  1799.174125 2556.796135 0.932206 0.038836 -0.734283 -0.065054 0.065597 -0.101812 -0.010044 0.524679 0.854859 1.674000 -1.107706 0.042155

34 10 1538448761.048087
149  1777.140843 2629.366775 0.444372 3.209170 7.359983 -0.222939 1.184456 1.106697 -0.053554 2.017726 4.640066 1.560000 0.851539 -0.355195
211  1790.627375 2639.242655 0.865079 7.824748 6.640965 0.025793 1.681596 0.719769 0.021962 1.941750 4.508718 1.614000 0.547892 -0.199587
215  1786.120126 2603.480903 0.759214 4.964720 -7.014592 0.051453 1.786270 -1.086040 0.034162 1.871460 4.319430 1.614000 -0.851076 0.324969
244  1791.768296 2635.977312 1.013040 -0.723020 -0.059643 -0.239972 -0.188037 0.000978 -0.045814 2.113768 4.540566 1.638000 -2.281339 0.058074
259  1796.754245 2640.911408 1.652920 -0.867278 -0.521385 -0.173548 -0.218720 -0.156289 -0.038977 2.104065 4.376890 1.638000 -2.422736 0.004261
270  1810.493621 2563.873161 1.464938 -1.251278 -0.375881 0.001073 -0.295322 -0.142654 0.002134 1.830604 4.707990 1.800000 -1.456308 -0.013215
277  1786.968948 2630.757156 0.955954 0.138335 0.135311 -0.017482 0.048529 0.085442 0.025268 2.133393 4.403366 1.638000 -2.469827 -0.041366
295  1704.461000 2710.244561 2.534313 -0.528894 0.391390 -0.261311 0.083597 0.016789 -0.054923 3.711852 9.764895 3.094000 -0.918859 -0.078429
301  1752.410067 2644.733423 1.080917 3.856811 -4.463083 -0.131511 0.601777 -0.737857 -0.021444 1.896333 5.051652 2.272000 -0.805008 0.034268
305  1799.209933 2556.403618 0.897175 0.071629 -0.785180 -0.070075 0.065597 -0.101812 -0.010044 0.524679 0.854859 1.674000 -1.086633 0.042155

35 9 1538448761.548500
149  1779.043357 2633.326939 0.319400 3.801887 7.913789 -0.249738 1.184456 1.106697 -0.053554 2.017726 4.640066 1.560000 0.673795 -0.355195
211  1794.964076 2642.746121 0.883486 8.666241 7.001148 0.036783 1.681596 0.719769 0.021962 1.941750 4.508718 1.614000 0.448016 -0.199587
215  1788.839758 2600.568303 0.772367 5.625887 -6.603958 0.045342 1.701910 -0.740165 0.025749 1.830012 4.369782 1.614000 -0.773759 0.271101
259  1796.265477 2640.611363 1.556314 -0.976729 -0.599594 -0.193053 -0.218720 -0.156289 -0.038977 2.104065 4.376890 1.638000 -2.420604 0.004261
270  1809.793513 2563.649342 1.466009 -1.399061 -0.447268 0.002141 -0.295322 -0.142654 0.002134 1.830604 4.707990 1.800000 -1.462921 -0.013215
277  1787.050325 2630.846263 0.953533 0.162620 0.178067 -0.004837 0.048529 0.085442 0.025268 2.133393 4.403366 1.638000 -2.490527 -0.041366
295  1704.217268 2710.444622 2.389797 -0.487061 0.399791 -0.288795 0.083597 0.016789 -0.054923 3.711852 9.764895 3.094000 -0.958105 -0.078429
301  1754.189533 2642.685835 0.983359 3.801057 -4.393270 -0.173495 0.471743 -0.577889 -0.032832 1.922022 5.027230 2.272000 -0.873097 -0.020843
305  1799.262203 2555.985208 0.859593 0.104454 -0.836128 -0.075101 0.065597 -0.101812 -0.010044 0.524679 0.854859 1.674000 -1.065538 0.042155

36 5 1538448762.048350
215  1791.236212 2596.930099 0.745193 5.564124 -7.139181 -0.002851 1.372404 -0.799840 0.003698 1.735303 4.611985 1.614000 -0.896128 0.112007
277  1787.143735 2630.956618 0.957429 0.186877 0.220775 0.007793 0.048529 0.085442 0.025268 2.133393 4.403366 1.638000 -2.511204 -0.041366
295  1703.994697 2710.648652 2.231720 -0.445276 0.408183 -0.316248 0.083597 0.016789 -0.054923 3.711852 9.764895 3.094000 -0.997308 -0.078429
301  1755.712749 2641.232037 0.880336 3.448899 -3.628237 -0.199532 0.245634 -0.172599 -0.036533 1.906825 5.055839 2.272000 -0.893690 -0.027563
305  1799.330804 2555.541832 0.819545 0.137243 -0.887019 -0.080122 0.065597 -0.101812 -0.010044 0.524679 0.854859 1.674000 -1.044467 0.042155

37 6 1538448762.547686
215  1794.356769 2593.165819 0.744691 6.249415 -7.538570 -0.001004 1.372404 -0.799840 0.003698 1.735303 4.611985 1.614000 -0.840199 0.112007
277  1787.249150 2631.088163 0.967621 0.211109 0.263439 0.020411 0.048529 0.085442 0.025268 2.133393 4.403366 1.638000 -2.531860 -0.041366
295  1703.793199 2710.856659 2.060112 -0.403533 0.416566 -0.343673 0.083597 0.016789 -0.054923 3.711852 9.764895 3.094000 -1.036470 -0.078429
301  1756.832278 2639.736823 0.777953 2.781719 -3.286676 -0.210209 -0.058990 -0.007626 -0.033615 1.875427 5.013728 2.272000 -0.885836 -0.013192
305  1799.415690 2555.073526 0.777033 0.169998 -0.937858 -0.085137 0.065597 -0.101812 -0.010044 0.524679 0.854859 1.674000 -1.023417 0.042155
328  1707.749279 2707.573964 2.160331 -0.239414 -1.448314 -0.200921 -0.098280 -0.264391 -0.031022 3.951872 9.513943 3.094000 -1.026480 -0.020286

38 5 1538448763.047541
215  1797.823471 2589.197785 0.745114 6.935417 -7.938374 0.000845 1.372404 -0.799840 0.003698 1.735303 4.611985 1.614000 -0.784211 0.112007
277  1787.366799 2631.241192 0.984136 0.235367 0.306148 0.033041 0.048529 0.085442 0.025268 2.133393 4.403366 1.638000 -2.552537 -0.041366
295  1703.612378 2711.069076 1.874602 -0.361747 0.424959 -0.371127 0.083597 0.016789 -0.054923 3.711852 9.764895 3.094000 -1.075673 -0.078429
301  1757.958747 2637.787551 0.676947 2.456227 -3.652119 -0.212206 -0.172090 -0.145800 -0.027958 1.930702 5.119434 2.272000 -0.898490 -0.017230
328  1708.964620 2705.992447 2.019763 1.232136 -2.465775 -0.252651 0.331620 -0.514669 -0.041263 3.886234 9.507807 3.094000 -1.024572 -0.013683

39 3 1538448763.547987
215  1801.637987 2585.024740 0.746462 7.622232 -8.338651 0.002695 1.372404 -0.799840 0.003698 1.735303 4.611985 1.614000 -0.728158 0.112007
301  1758.832796 2636.545531 0.576840 2.000298 -2.987768 -0.210682 -0.312141 0.133431 -0.022083 1.838538 5.084567 2.272000 -0.882462 -0.000795
328  1709.518050 2704.565690 1.908806 1.237648 -2.793416 -0.244979 0.276630 -0.538687 -0.031556 3.817350 9.426056 3.094000 -0.956435 0.030888

40 3 1538448764.047314
215  1805.786151 2580.661605 0.748730 8.307510 -8.738032 0.004542 1.372404 -0.799840 0.003698 1.735303 4.611985 1.614000 -0.672230 0.112007
301  1760.433373 2634.981707 0.475793 2.649089 -3.045723 -0.210273 -0.009414 0.086561 -0.017780 1.826824 5.194589 2.272000 -0.781148 0.066996
328  1710.523460 2703.162769 1.893328 1.758082 -2.910871 -0.123018 0.423320 -0.480546 0.021286 3.741922 9.427364 3.094000 -1.013841 -0.016707

