1 0 1542800367.947576

2 0 1542800368.447460

3 2 1542800368.948430
6  595.518974 2024.511967 1.371680 0.013700 1.199720 0.096869 0.008148 0.272483 0.002890 2.216414 5.232345 2.121000 -0.027245 0.007646
11  608.100835 2021.122852 0.613166 0.468466 -0.238880 0.134578 0.099808 -0.068222 0.028399 1.885697 4.081984 1.544000 -2.144991 0.006104

4 4 1542800369.448339
6  595.527859 2025.179813 1.420828 0.017773 1.335936 0.098313 0.008148 0.272483 0.002890 2.216414 5.232345 2.121000 -0.023423 0.007646
11  607.561344 2020.709999 0.737150 -0.444950 -0.606365 0.208615 -0.192607 -0.169420 0.046563 1.845925 4.039530 1.544000 -2.138939 0.007911
20  597.357357 2007.842808 1.242802 0.123886 4.529566 0.187828 0.107642 0.721367 0.026493 1.906840 5.092089 1.595000 1.499708 -0.072501
23  589.113710 2026.151091 1.733672 0.421383 -0.266291 0.164043 0.115312 -0.085910 0.025766 2.128031 4.487581 1.718000 -0.557680 -0.033317

5 5 1542800369.949334
6  595.538809 2025.917503 1.470808 0.021855 1.472449 0.099761 0.008148 0.272483 0.002890 2.216414 5.232345 2.121000 -0.019592 0.007646
11  607.534024 2021.232037 0.859917 -0.252507 0.337275 0.239719 -0.087291 0.205468 0.049398 1.857877 3.964598 1.544000 -2.121482 0.016636
20  598.316617 2010.439893 1.261880 1.227222 5.067926 0.102606 0.426360 0.775111 -0.003422 1.977682 5.088636 1.595000 1.384417 -0.120093
23  589.165709 2026.027223 1.796131 0.252365 -0.271819 0.145363 0.046433 -0.074517 0.016173 2.126764 4.482131 1.718000 -0.552475 -0.020121
31  610.436055 2024.947891 0.565304 -0.826978 -0.447574 0.404637 -0.176774 -0.104961 0.074596 2.108133 4.544279 1.636000 -2.120033 0.018561

6 6 1542800370.450291
11  605.382167 2022.005197 1.079645 -2.676180 1.096693 0.368102 -1.003065 0.458076 0.089276 1.868864 4.098336 1.550000 0.242648 1.572613
20  600.080238 2014.374294 1.257984 2.674452 6.878410 0.036432 0.876073 1.293556 -0.026920 1.946819 5.066408 1.595000 1.144116 -0.236549
23  588.473179 2026.072149 1.910769 -0.707897 -0.072570 0.198175 -0.312101 0.011726 0.032471 2.111185 4.472999 1.718000 -0.467069 0.041608
31  610.505103 2025.225058 0.796464 -0.279391 0.136026 0.453741 0.016479 0.088304 0.078161 2.133207 4.503104 1.636000 -2.102146 0.023736
48  595.559432 2024.013623 1.750281 -0.088224 -0.023298 0.234180 -0.024139 0.056568 0.038488 2.169575 5.179456 2.121000 0.017557 -0.026117
53  642.319306 1956.900104 0.692372 -1.698433 1.302198 0.258527 -0.237588 0.082574 0.048363 2.052174 4.782244 1.592000 2.391730 -0.002480

7 6 1542800370.949037
11  603.797922 2022.666114 1.285441 -3.176455 1.325157 0.412628 -1.003065 0.458076 0.089276 1.868864 4.098336 1.550000 1.026983 1.572613
20  601.249632 2017.592771 1.267349 2.656704 6.888775 0.020498 0.701270 1.049512 -0.027884 1.975720 5.044756 1.595000 1.031612 -0.232936
23  589.125611 2026.480806 2.038545 0.424316 0.458753 0.239174 0.183019 0.213743 0.042007 1.945355 4.458114 1.718000 -0.467195 0.027827
31  610.080756 2025.515385 0.874804 -0.613822 0.417729 0.294312 -0.108312 0.174859 0.005900 2.075559 4.515946 1.636000 -2.144181 -0.011068
48  595.710336 2024.194586 1.864871 0.142215 0.220361 0.239158 0.049428 0.121934 0.034174 2.220606 5.221510 2.121000 -0.043113 -0.054800
53  639.558834 1958.988179 0.831319 -4.079721 3.073856 0.280181 -0.923723 0.607297 0.047614 2.055843 4.739374 1.592000 2.396884 0.001307

8 8 1542800371.448359
11  601.961762 2023.442002 1.513733 -3.677308 1.553884 0.457205 -1.003065 0.458076 0.089276 1.868864 4.098336 1.550000 1.812224 1.572613
20  604.101091 2020.878173 1.196244 4.613613 6.917749 -0.081956 1.320809 0.858620 -0.062020 1.923238 5.062275 1.595000 0.941219 -0.215703
23  589.754054 2025.843682 2.148549 0.957170 -0.528818 0.236472 0.353242 -0.208202 0.032878 1.928038 4.519956 1.718000 -0.529927 -0.023124
31  609.747257 2025.767563 1.023232 -0.667905 0.505040 0.297258 -0.108312 0.174859 0.005900 2.075559 4.515946 1.636000 -2.149707 -0.011068
48  595.222150 2024.068657 1.924344 -0.510823 -0.034610 0.175036 -0.197299 0.006945 0.004618 2.230514 5.167752 2.121000 0.007847 -0.004159
53  636.166698 1961.883693 0.909083 -5.885250 4.822405 0.215501 -1.409767 1.129865 0.015633 2.065031 4.820431 1.592000 2.375596 -0.012913
72  564.389651 2045.591713 3.155877 3.459736 -1.258092 0.231005 0.517191 -0.308041 0.035582 2.315557 5.092352 1.844000 -0.511774 0.094036
79  608.046204 2020.966335 1.113860 0.216398 -0.110490 0.075895 0.010960 0.009267 0.005839 1.741445 3.946010 1.544000 -2.161007 -0.005258

9 8 1542800371.948272
11  599.872749 2024.333289 1.764607 -4.178753 1.782883 0.501835 -1.003065 0.458076 0.089276 1.868864 4.098336 1.550000 2.598394 1.572613
20  606.737583 2024.551026 1.139774 5.273903 7.346984 -0.112961 1.320809 0.858620 -0.062020 1.923238 5.062275 1.595000 0.833387 -0.215703
23  589.418146 2025.570764 2.248621 0.138178 -0.584950 0.223835 -0.016681 -0.190385 0.022075 1.972376 4.543998 1.718000 -0.552334 -0.029972
31  609.386294 2026.063738 1.173309 -0.722051 0.592454 0.300207 -0.108312 0.174859 0.005900 2.075559 4.515946 1.636000 -2.155240 -0.011068
48  595.865244 2023.568032 1.975401 0.517655 -0.607982 0.132630 0.236070 -0.214848 -0.012574 2.193785 5.119660 2.121000 -0.004829 -0.011162
53  633.377023 1964.745066 1.000344 -5.988995 5.587542 0.199053 -1.179674 1.206549 0.006344 2.055440 4.861757 1.592000 2.415534 0.017847
72  566.248470 2044.885793 3.280251 3.718287 -1.412086 0.248793 0.517191 -0.308041 0.035582 2.315557 5.092352 1.844000 -0.464764 0.094036
79  607.993045 2021.166342 1.303287 0.023818 0.199451 0.259911 -0.049086 0.101828 0.060742 1.685694 4.025045 1.544000 -2.165200 -0.006200

10 8 1542800372.397808
20  609.375305 2028.027273 1.076460 5.867654 7.732965 -0.140841 1.320809 0.858620 -0.062020 1.923238 5.062275 1.595000 0.736421 -0.215703
23  589.614350 2026.051706 2.310350 0.283003 0.196441 0.185717 0.038361 0.122898 0.004715 1.983750 4.449066 1.718000 -0.616739 -0.061188
31  609.039818 2026.365403 1.309456 -0.770741 0.671059 0.302860 -0.108312 0.174859 0.005900 2.075559 4.515946 1.636000 -2.160216 -0.011068
48  596.211035 2022.377028 2.003345 0.697427 -1.689418 0.094155 0.263253 -0.578342 -0.024688 2.374275 5.234427 2.121000 0.041782 0.021150
53  631.060046 1966.982179 1.011992 -5.774473 5.500614 0.105882 -0.898128 0.968666 -0.029953 2.040571 4.841788 1.592000 2.350931 -0.029962
72  568.024490 2044.188760 3.399283 3.950783 -1.550562 0.264788 0.517191 -0.308041 0.035582 2.315557 5.092352 1.844000 -0.422492 0.094036
79  607.678576 2020.836249 1.432064 -0.379425 -0.287178 0.286810 -0.184171 -0.086850 0.060598 1.643536 4.050642 1.544000 -2.156142 0.001342
99  596.607823 2005.988779 1.736922 -0.867039 3.613132 0.155881 -0.143804 0.520925 0.013903 2.380719 4.898818 1.749000 1.959717 -0.022297

11 8 1542800372.948008
20  613.003524 2032.541872 0.980195 6.594363 8.205378 -0.174965 1.320809 0.858620 -0.062020 1.923238 5.062275 1.595000 0.617741 -0.215703
23  588.918268 2026.292833 2.374578 -0.633759 0.368167 0.145534 -0.306502 0.161179 -0.011015 2.163640 4.487110 1.718000 -0.635650 -0.051950
48  595.800201 2021.679742 2.036439 -0.106264 -1.565707 0.068380 -0.090701 -0.413438 -0.029238 2.358175 5.129363 2.121000 0.050957 0.019603
53  627.924326 1969.699703 1.158387 -5.900085 5.325206 0.203755 -0.755860 0.695213 0.014191 1.989839 4.912700 1.592000 2.440358 0.042366
72  570.354774 2043.242391 3.555741 4.235341 -1.720046 0.284365 0.517191 -0.308041 0.035582 2.315557 5.092352 1.844000 -0.370753 0.094036
79  608.136297 2021.072620 1.570568 0.369817 0.160457 0.275819 0.145876 0.105387 0.043396 1.627685 4.232326 1.544000 -2.151500 0.003984
99  597.151781 2009.472978 1.859339 0.325597 5.498869 0.202288 0.243793 1.008296 0.025715 2.495560 4.972902 1.749000 1.855917 -0.078916
112  663.175655 1935.783004 0.932637 -3.225890 3.588194 0.241731 -0.531270 0.593828 0.037514 2.119762 4.357423 1.582000 2.349637 0.078881

12 6 1542800373.447883
23  590.366440 2026.502732 2.431304 1.200864 0.433179 0.125704 0.420638 0.155488 -0.016254 1.935247 4.620235 1.718000 -0.510377 0.040556
48  595.724419 2020.793776 2.063315 -0.151603 -1.772374 0.053765 -0.090701 -0.413438 -0.029238 2.358175 5.129363 2.121000 0.060755 0.019603
53  624.973466 1972.198384 1.320537 -6.058941 5.278791 0.277194 -0.672200 0.544713 0.039538 2.074163 4.901141 1.592000 2.428185 0.020292
79  608.329805 2020.922381 1.685447 0.412515 -0.065967 0.260729 0.134488 0.000213 0.029535 1.723119 4.237474 1.544000 -2.182949 -0.016969
99  597.346056 2013.216784 1.948592 0.415701 6.805687 0.195382 0.232760 1.287169 0.018851 2.384842 5.012969 1.749000 1.739749 -0.125496
112  660.788775 1937.922116 1.003500 -4.262472 4.121872 0.189166 -0.767696 0.666453 0.015645 2.071773 4.331380 1.582000 2.272193 0.010007

13 7 1542800373.947765
23  591.071841 2026.758124 2.490080 1.411134 0.510905 0.117579 0.420638 0.155488 -0.016254 1.935247 4.620235 1.718000 -0.490104 0.040556
48  595.625971 2019.804487 2.082885 -0.196943 -1.979045 0.039150 -0.090701 -0.413438 -0.029238 2.358175 5.129363 2.121000 0.070554 0.019603
53  621.417442 1975.207681 1.486136 -6.819317 5.827936 0.317220 -0.832477 0.649278 0.047191 2.022309 4.923730 1.592000 2.379496 -0.018669
79  607.945463 2020.125850 1.799060 -0.198413 -0.895532 0.249308 -0.117566 -0.308155 0.019803 1.672510 4.248622 1.544000 -2.242953 -0.048519
99  598.852828 2017.710951 2.164338 1.880919 8.286703 0.328046 0.732342 1.597386 0.064496 2.418949 5.069973 1.749000 1.640535 -0.147623
112  658.041476 1940.451191 1.052185 -5.152372 4.815013 0.137658 -0.952027 0.797558 -0.005962 2.047946 4.341761 1.582000 2.289996 0.018255
154  597.059797 2001.698273 1.951375 -1.620707 3.556439 0.226246 -0.287702 0.566953 0.034891 2.239009 4.541646 1.641000 2.258748 -0.005705

14 7 1542800374.447637
23  591.882333 2027.052363 2.544793 1.621399 0.588629 0.109454 0.420638 0.155488 -0.016254 1.935247 4.620235 1.718000 -0.469831 0.040556
48  595.504861 2018.711912 2.095149 -0.242281 -2.185711 0.024535 -0.090701 -0.413438 -0.029238 2.358175 5.129363 2.121000 0.080353 0.019603
53  618.397207 1978.063224 1.648354 -6.529811 5.892368 0.331177 -0.568152 0.551839 0.043583 1.935839 4.956747 1.592000 2.379410 -0.012525
79  607.816906 2019.601199 1.928630 -0.257181 -1.049570 0.259206 -0.117566 -0.308155 0.019803 1.672510 4.248622 1.544000 -2.267207 -0.048519
99  599.976038 2022.252384 2.344435 2.246996 9.085192 0.360286 0.732342 1.597386 0.064496 2.418949 5.069973 1.749000 1.566743 -0.147623
112  655.661811 1942.733737 1.054660 -5.111947 4.828451 0.057487 -0.754165 0.649928 -0.035543 2.069202 4.314972 1.582000 2.287695 0.010703
154  596.727034 2004.649595 2.110141 -1.150309 4.993736 0.285009 -0.114008 0.893264 0.046576 2.228938 4.678187 1.641000 2.144141 -0.066943

15 6 1542800374.947539
23  592.797992 2027.385477 2.595447 1.831677 0.666358 0.101328 0.420638 0.155488 -0.016254 1.935247 4.620235 1.718000 -0.449557 0.040556
53  615.391208 1981.552799 1.651771 -6.340595 6.648343 0.148381 -0.391526 0.731030 -0.032774 1.943297 4.960875 1.592000 2.410524 0.012361
79  607.658961 2018.999508 2.063157 -0.315952 -1.203618 0.269106 -0.117566 -0.308155 0.019803 1.672510 4.248622 1.544000 -2.291462 -0.048519
99  601.282330 2027.193280 2.540661 2.613096 9.883728 0.392528 0.732342 1.597386 0.064496 2.418949 5.069973 1.749000 1.492945 -0.147623
112  652.935789 1945.824792 1.048307 -5.467648 5.765667 0.008550 -0.745966 0.885553 -0.047537 2.097092 4.301651 1.582000 2.285677 0.005801
154  596.123501 2007.369202 2.264257 -1.207302 5.440281 0.308293 -0.114008 0.893264 0.046576 2.228938 4.678187 1.641000 2.110676 -0.066943

16 6 1542800375.447384
53  612.011646 1983.644825 1.741197 -6.669197 5.342536 0.159715 -0.441070 0.108009 -0.022442 2.080920 4.956920 1.592000 2.422742 0.016385
79  607.471661 2018.320895 2.202616 -0.374716 -1.357647 0.279004 -0.117566 -0.308155 0.019803 1.672510 4.248622 1.544000 -2.315714 -0.048519
99  602.771445 2032.532711 2.752977 2.979153 10.682174 0.424766 0.732342 1.597386 0.064496 2.418949 5.069973 1.749000 1.419157 -0.147623
112  650.328412 1948.242394 1.086460 -5.470166 5.394438 0.039107 -0.604631 0.574960 -0.026808 2.124607 4.378185 1.582000 2.291098 0.007481
154  595.491552 2010.311677 2.429992 -1.264289 5.886775 0.331574 -0.114008 0.893264 0.046576 2.228938 4.678187 1.641000 2.077215 -0.066943
197  589.593184 2028.384281 2.441365 -0.261468 0.235470 0.005613 -0.031599 0.123889 0.000910 2.187426 4.546601 1.718000 -0.747456 -0.062776

17 4 1542800375.947245
53  608.567770 1986.342336 1.815425 -6.889671 5.396525 0.148498 -0.441070 0.108009 -0.022442 2.080920 4.956920 1.592000 2.430932 0.016385
112  647.332856 1951.634418 1.223472 -5.902960 6.335936 0.172862 -0.654034 0.822462 0.028873 2.151419 4.436230 1.582000 2.337356 0.035826
154  594.831098 2013.477437 2.607371 -1.321277 6.333283 0.354855 -0.114008 0.893264 0.046576 2.228938 4.678187 1.641000 2.043753 -0.066943
197  590.257838 2026.415320 2.509413 0.620969 -2.070634 0.078770 0.222409 -0.545759 0.021469 2.264608 4.410521 1.718000 -0.274368 0.213654

18 3 1542800376.447154
53  605.013333 1989.067101 1.884052 -7.110166 5.450520 0.137279 -0.441070 0.108009 -0.022442 2.080920 4.956920 1.592000 2.439123 0.016385
112  644.353399 1954.584566 1.383067 -6.070171 6.246573 0.265388 -0.593949 0.634202 0.058246 2.147605 4.508614 1.582000 2.346076 0.029699
197  589.947067 2026.301308 2.598106 -0.010499 -1.183029 0.137731 -0.032085 -0.148098 0.037996 2.157372 4.486918 1.718000 -0.722490 -0.116140

19 4 1542800376.947003
53  601.349124 1991.818523 1.947064 -7.330634 5.504508 0.126062 -0.441070 0.108009 -0.022442 2.080920 4.956920 1.592000 2.447314 0.016385
112  640.980422 1958.074749 1.542045 -6.592334 6.811305 0.308430 -0.678367 0.727031 0.063465 2.145458 4.472059 1.582000 2.307596 -0.005853
197  591.115314 2027.605229 2.688913 1.274215 0.870210 0.170450 0.446975 0.635363 0.043052 2.488009 4.256805 1.718000 -0.560634 0.018054
238  708.278982 1916.572743 0.597000 -0.388965 -0.330342 0.000000 -0.101775 -0.006469 0.000000 2.066631 0.898245 0.899000 0.641227 -0.024661

20 3 1542800377.447456
112  638.492687 1960.225277 1.739488 -5.771542 5.472184 0.372343 -0.244443 0.090154 0.075489 2.099354 4.492012 1.582000 2.243964 -0.046329
197  590.037727 2027.645013 2.915846 -0.516251 0.576570 0.336231 -0.304899 0.407053 0.096894 2.244251 4.103307 1.718000 -0.489074 0.056513
238  707.930409 1916.244381 0.597000 -0.596550 -0.530478 0.000000 -0.149287 -0.066188 0.000000 2.105728 0.824969 0.899000 0.730389 0.035543

21 4 1542800377.898133
112  635.841936 1962.709776 1.922627 -5.881707 5.512814 0.406365 -0.244443 0.090154 0.075489 2.099354 4.492012 1.582000 2.223084 -0.046329
197  590.286521 2027.270014 3.158110 -0.044906 -0.043822 0.459499 -0.082351 0.113186 0.125994 2.532952 4.237527 1.718000 -0.303412 0.154513
238  708.124915 1916.335978 0.597000 -0.061983 -0.140795 0.000000 0.062851 0.081681 0.000000 2.125649 0.837860 0.899000 0.673500 -0.010984
284  707.260508 1896.115682 0.985000 -1.758149 1.524991 0.000000 -0.248118 0.205956 0.000000 1.866899 4.905800 1.566000 2.356158 -0.069353

22 5 1542800378.397983
112  632.840890 1965.487882 2.144610 -6.003892 5.557877 0.444098 -0.244443 0.090154 0.075489 2.099354 4.492012 1.582000 2.199927 -0.046329
197  589.607514 2026.739153 3.431098 -0.796935 -0.587737 0.535698 -0.341987 -0.106136 0.130823 2.525167 4.403892 1.718000 -0.307984 0.103255
238  708.138636 1916.485512 0.597000 0.004547 0.141603 0.000000 0.076175 0.173343 0.000000 2.153325 0.833578 0.899000 0.645545 -0.026132
284  705.203670 1897.793934 0.985000 -3.269121 2.702327 0.000000 -0.656572 0.522361 0.000000 1.875003 4.881036 1.566000 2.361493 -0.045406
295  713.348446 1877.514176 2.268000 -0.806556 0.876783 0.000000 -0.321629 0.162960 0.000000 2.658359 12.535139 4.464000 2.694802 -0.022676

23 6 1542800378.897841
112  629.778721 1968.288556 2.385457 -6.126079 5.602942 0.481832 -0.244443 0.090154 0.075489 2.099354 4.492012 1.582000 2.176769 -0.046329
197  589.123712 2026.418849 3.731558 -0.967880 -0.640790 0.601090 -0.341987 -0.106136 0.130823 2.525167 4.403892 1.718000 -0.256371 0.103255
238  708.113566 1916.443917 0.597000 -0.012744 0.042373 0.000000 0.054782 0.101525 0.000000 2.170293 0.814800 0.899000 0.688392 0.011541
284  702.534019 1899.941510 0.985000 -4.641194 3.761499 0.000000 -1.031240 0.808802 0.000000 1.884855 4.851763 1.566000 2.417802 0.006209
295  712.864921 1877.993160 2.268000 -0.967325 0.958240 0.000000 -0.321629 0.162960 0.000000 2.658359 12.535139 4.464000 2.683467 -0.022676
308  709.650486 1917.572464 0.597000 -0.607091 0.023087 0.000000 -0.151231 -0.032771 0.000000 2.206032 0.688040 0.899000 0.748904 0.013913

24 5 1542800379.397716
197  588.554439 2026.072013 4.064717 -1.138830 -0.693845 0.666485 -0.341987 -0.106136 0.130823 2.525167 4.403892 1.718000 -0.204757 0.103255
238  708.054919 1916.667584 0.597000 -0.063802 0.303741 0.000000 0.024567 0.182653 0.000000 2.243625 0.820154 0.899000 0.709384 0.021743
284  699.819030 1902.277756 0.985000 -5.320245 4.468239 0.000000 -1.094105 0.925046 0.000000 1.913533 4.866269 1.566000 2.441835 0.020134
295  712.301013 1878.512880 2.268000 -1.128099 1.039699 0.000000 -0.321629 0.162960 0.000000 2.658359 12.535139 4.464000 2.672132 -0.022676
308  709.884155 1917.422201 0.597000 0.011129 -0.178676 0.000000 0.059242 -0.089008 0.000000 2.169634 0.710726 0.899000 0.724115 -0.005212

25 6 1542800379.897591
197  587.899712 2025.698656 4.430566 -1.309781 -0.746900 0.731880 -0.341987 -0.106136 0.130823 2.525167 4.403892 1.718000 -0.153142 0.103255
238  708.154521 1916.459802 0.597000 0.097258 -0.085933 0.000000 0.081347 -0.000906 0.000000 2.214974 0.762275 0.899000 0.665213 -0.015030
284  696.688371 1904.653495 0.985000 -6.102685 4.824717 0.000000 -1.185412 0.883980 0.000000 1.898225 4.853911 1.566000 2.383656 -0.025392
295  711.656737 1879.073319 2.268000 -1.288873 1.121159 0.000000 -0.321629 0.162960 0.000000 2.658359 12.535139 4.464000 2.660797 -0.022676
308  710.059628 1917.863322 0.597000 0.224569 0.431839 0.000000 0.126197 0.149566 0.000000 2.159072 0.778555 0.899000 0.686031 -0.028152
340  708.788351 1880.351017 2.311643 -0.412197 1.272338 0.057533 -0.069615 0.179871 0.012128 2.791756 12.772078 4.464000 2.543069 0.005332

26 4 1542800380.398024
238  707.976483 1916.249300 0.597000 -0.154774 -0.284570 0.000000 -0.029453 -0.075916 0.000000 2.185729 0.788986 0.899000 0.606769 -0.049009
284  693.512297 1907.665337 1.016784 -6.488245 5.713849 0.037764 -1.105635 1.055613 0.014508 1.939802 4.865330 1.566000 2.428425 0.012952
308  709.810388 1917.520087 0.597000 -0.179696 -0.202714 0.000000 -0.053609 -0.123326 0.000000 2.156036 0.821529 0.899000 0.723451 0.005883
340  708.916384 1879.913498 2.365518 -0.022685 0.012024 0.090200 0.059168 -0.229930 0.020200 2.888164 12.729619 4.464000 2.533027 -0.002327

27 4 1542800380.947696
238  707.882508 1916.069942 0.597000 -0.170964 -0.326299 0.000000 -0.029453 -0.075916 0.000000 2.185729 0.788986 0.899000 0.579830 -0.049009
284  689.966066 1910.939254 1.090964 -6.686246 6.079214 0.102462 -0.947355 0.972607 0.036420 1.973583 4.835766 1.566000 2.456291 0.026860
308  710.089582 1917.780609 0.597000 0.248056 0.204169 0.000000 0.125655 0.062781 0.000000 2.193058 0.864365 0.899000 0.740371 0.015034
340  708.515838 1879.920282 2.337109 -0.459449 -0.033851 0.004091 -0.115777 -0.199917 -0.016040 2.866232 12.704659 4.464000 2.517251 -0.011780

28 4 1542800381.448102
238  707.789582 1915.887651 0.597000 -0.185702 -0.364288 0.000000 -0.029453 -0.075916 0.000000 2.185729 0.788986 0.899000 0.555306 -0.049009
284  686.485401 1913.528923 1.251180 -7.041138 5.755956 0.236862 -0.902208 0.665757 0.080433 1.980262 4.732725 1.566000 2.435840 0.004684
308  710.031716 1917.667388 0.597000 0.061893 -0.034048 0.000000 0.030088 -0.040688 0.000000 2.182771 0.850792 0.899000 0.724988 0.000058
340  708.766928 1880.253526 2.291348 0.078702 0.333920 -0.055121 0.115013 -0.018792 -0.035858 2.934642 12.659315 4.464000 2.548407 0.012263

29 5 1542800381.897652
238  707.700147 1915.708543 0.597000 -0.198943 -0.398416 0.000000 -0.029453 -0.075916 0.000000 2.185729 0.788986 0.899000 0.533274 -0.049009
284  683.608127 1916.632755 1.413375 -6.881527 6.513865 0.320431 -0.695265 0.833676 0.097792 1.853898 4.798691 1.566000 2.497056 0.043136
308  709.848230 1917.628191 0.597000 -0.186217 -0.071197 0.000000 -0.066575 -0.047655 0.000000 2.153221 0.802141 0.899000 0.756599 0.020599
340  708.468041 1880.038563 2.249820 -0.301525 -0.111012 -0.082719 -0.047801 -0.183322 -0.040184 2.903537 12.671791 4.464000 2.499307 -0.023170
398  708.060926 1916.238564 0.597000 -0.465143 -0.291611 0.000000 -0.082085 -0.062654 0.000000 2.213158 0.784301 0.899000 0.676580 0.002217

30 6 1542800382.397543
284  680.526103 1919.988270 1.591975 -6.590001 6.799563 0.362083 -0.459814 0.785395 0.095127 1.962770 4.879518 1.566000 2.399606 -0.037247
308  710.057157 1917.627134 0.597000 0.163840 -0.039148 0.000000 0.075425 -0.026959 0.000000 2.182357 0.792484 0.899000 0.698968 -0.025277
340  708.686400 1879.910673 2.241069 0.134335 -0.234731 -0.051356 0.125322 -0.195401 -0.020810 2.916061 12.741194 4.464000 2.533221 0.007536
398  707.807893 1916.077134 0.597000 -0.506176 -0.322931 0.000000 -0.082085 -0.062654 0.000000 2.213158 0.784301 0.899000 0.677688 0.002217
412  761.959784 1843.982248 0.845673 -4.161365 1.357354 -0.025396 -0.609776 0.211402 -0.003832 1.781621 4.867011 1.602000 2.328247 -0.035903
414  757.175514 1883.895941 0.688000 -0.626619 -0.324628 0.000000 -0.119211 -0.028331 0.000000 2.044051 0.387949 1.072000 1.995929 -0.004686

31 9 1542800382.897959
284  677.113216 1923.587556 1.796988 -6.820100 7.192587 0.409685 -0.459814 0.785395 0.095127 1.962770 4.879518 1.566000 2.380967 -0.037247
308  710.031430 1917.346066 0.597000 0.051424 -0.354763 0.000000 0.019370 -0.139743 0.000000 2.207889 0.785007 0.899000 0.745502 0.014577
340  708.830008 1879.443409 2.328618 0.250524 -0.690038 0.078996 0.145499 -0.330298 0.032302 2.854543 12.717917 4.464000 2.531881 0.004095
398  707.534039 1915.899845 0.597000 -0.547253 -0.354284 0.000000 -0.082085 -0.062654 0.000000 2.213158 0.784301 0.899000 0.678798 0.002217
412  760.055013 1845.146747 0.825742 -4.095690 1.948434 -0.034343 -0.506935 0.345991 -0.005781 1.877103 4.803750 1.602000 2.447548 0.039631
414  757.266902 1883.927459 0.688000 -0.160399 -0.095635 0.000000 0.037849 0.044295 0.000000 2.021725 0.421889 1.072000 1.984720 -0.010049
436  753.260863 1885.762187 0.789303 -0.203501 -0.058699 0.115044 -0.043026 -0.028326 0.024264 2.145801 0.507234 1.017000 0.973565 -0.016649
444  755.375703 1884.536005 0.752000 0.339357 -0.310159 0.000000 0.082599 -0.063961 0.000000 2.086902 0.411304 1.017000 1.016768 -0.009445
445  751.743434 1886.739696 0.730624 1.108996 -0.799673 0.018082 -0.018685 -0.102961 0.021343 2.032855 0.430332 1.017000 1.007651 0.082543

32 12 1542800383.397856
284  673.588962 1927.379377 2.025560 -7.049960 7.585204 0.457239 -0.459814 0.785395 0.095127 1.962770 4.879518 1.566000 2.362348 -0.037247
308  709.775364 1917.769946 0.597000 -0.277994 0.328024 0.000000 -0.107772 0.142452 0.000000 2.287030 0.846466 0.899000 0.706549 -0.016389
340  709.042143 1880.159920 2.394903 0.383118 0.499826 0.117320 0.168087 0.180999 0.040670 2.920318 12.722960 4.464000 2.509747 -0.012098
412  756.893746 1846.579478 0.807878 -5.531577 2.567296 -0.036336 -0.935175 0.507478 -0.005456 1.862733 4.710214 1.602000 2.365318 -0.025658
414  757.467732 1884.286393 0.688000 0.180417 0.395530 0.000000 0.155220 0.215312 0.000000 2.058341 0.443239 1.072000 2.028692 0.021692
436  753.176050 1885.789411 0.765779 -0.191628 0.003929 0.022090 -0.032896 -0.005025 -0.007625 2.118327 0.448489 1.017000 0.997616 0.002853
444  755.141710 1884.497911 0.752000 -0.131242 -0.181745 0.000000 -0.072738 -0.015290 0.000000 2.139443 0.403854 1.017000 1.025750 -0.001190
445  751.621897 1886.561823 0.664702 0.289793 -0.552401 -0.068123 -0.264444 -0.012305 -0.008054 2.067643 0.427540 1.017000 0.980745 0.041478
455  758.282427 1883.319428 0.688000 0.181190 0.174358 0.000000 0.045760 0.047324 0.000000 2.090678 0.377093 1.072000 2.011848 -0.012521
462  757.302206 1884.121876 0.688000 -0.531793 0.137037 0.000000 -0.171717 0.043771 0.000000 2.141360 0.285567 1.072000 1.988510 -0.022687
463  749.695649 1888.249291 0.664716 0.579426 0.368362 -0.115041 0.106929 0.054070 -0.024262 2.040334 0.394334 1.017000 0.699010 0.033680
466  749.776757 1888.035215 0.739284 -0.092454 -0.170675 0.115041 -0.047159 -0.011798 0.024262 2.036874 0.346516 1.017000 0.673193 -0.010875

33 13 1542800383.897713
308  709.995261 1917.087206 0.597000 0.124564 -0.644642 0.000000 0.063359 -0.248932 0.000000 2.259069 0.825242 0.899000 0.655730 -0.044858
340  709.227936 1880.241507 2.407346 0.410657 0.337571 0.070924 0.146831 0.085886 0.015558 2.864206 12.703673 4.464000 2.528289 0.004324
412  753.317181 1849.522558 0.776865 -6.691943 4.659037 -0.052837 -1.202118 1.215593 -0.010762 1.981542 4.646074 1.602000 2.369774 -0.014175
414  757.852676 1884.196819 0.688000 0.562593 0.097307 0.000000 0.272955 0.058436 0.000000 2.064767 0.452122 1.072000 2.029442 0.015019
436  753.460638 1885.494261 0.744958 0.252456 -0.349208 -0.017225 0.134854 -0.132742 -0.020557 2.135488 0.406003 1.017000 0.990151 -0.002895
444  755.153524 1885.119392 0.752000 -0.054315 0.659327 0.000000 -0.031473 0.293860 0.000000 2.037987 0.397082 1.017000 1.004584 -0.014489
445  751.577495 1886.897048 0.648683 0.011623 0.169606 -0.048394 -0.317620 0.252931 0.000599 2.081883 0.463196 1.017000 1.049358 0.072432
455  758.021672 1883.195104 0.688000 -0.233693 -0.071456 0.000000 -0.087060 -0.034436 0.000000 2.095566 0.394604 1.072000 2.052554 0.015773
462  757.139172 1884.276623 0.688000 -0.441813 0.249798 0.000000 -0.118374 0.071345 0.000000 2.124741 0.324701 1.072000 2.021806 0.004204
463  749.981186 1888.449410 0.645055 0.595695 0.398383 -0.074186 0.095649 0.054978 -0.008187 2.096091 0.413786 1.017000 0.714838 0.033073
466  749.578882 1887.650684 0.758945 -0.284825 -0.534095 0.074186 -0.098374 -0.120274 0.008187 2.069817 0.369506 1.017000 0.685253 -0.000335
467  786.080156 1833.244390 1.167350 1.112746 1.636247 0.076358 0.087578 0.227883 0.007874 2.884423 6.084233 2.272930 2.379262 0.029889
477  780.390759 1863.843109 0.716661 0.039436 -0.384175 -0.048528 -0.001445 -0.088052 -0.001476 2.284762 0.620363 0.956000 -0.331544 -0.015958

34 14 1542800384.397580
308  710.073358 1916.702771 0.597000 0.156236 -0.769075 0.000000 0.063359 -0.248932 0.000000 2.259069 0.825242 0.899000 0.633307 -0.044858
340  708.876667 1879.335301 2.515566 -0.217948 -0.916933 0.160211 -0.116532 -0.400860 0.046137 2.914937 12.754013 4.464000 2.559578 0.023755
412  748.740704 1853.469643 0.728194 -8.403093 6.834156 -0.081555 -1.631736 1.822140 -0.019793 2.029822 4.629100 1.602000 2.395209 0.007554
414  757.634427 1884.022032 0.688000 0.023237 -0.156849 0.000000 0.011035 -0.051389 0.000000 2.094504 0.421993 1.072000 2.032537 0.012084
436  753.695957 1885.792977 0.728455 0.409549 0.186585 -0.030778 0.169345 0.098829 -0.021817 2.131296 0.372328 1.017000 0.991686 -0.000925
444  755.174183 1884.642328 0.752000 -0.003854 -0.240157 0.000000 -0.006017 -0.108551 0.000000 2.045941 0.403832 1.017000 1.010060 -0.006087
445  751.818120 1886.944675 0.648126 0.226405 0.176721 -0.020173 -0.173962 0.207044 0.011337 2.125885 0.465337 1.017000 1.005453 0.019506
455  758.179275 1883.247706 0.688000 0.073798 0.026202 0.000000 0.040786 0.007403 0.000000 2.140358 0.459338 1.072000 2.046563 0.006801
462  757.141065 1884.806218 0.688000 -0.201947 0.744001 0.000000 -0.009457 0.238357 0.000000 2.141841 0.372460 1.072000 1.948978 -0.044243
463  750.051826 1888.371897 0.645459 0.346000 0.081709 -0.031426 -0.012711 -0.070372 0.008878 2.050109 0.465347 1.017000 0.664915 -0.009894
466  749.432097 1887.888122 0.758541 -0.310094 0.039211 0.031426 -0.089667 0.110436 -0.008878 2.053858 0.489331 1.017000 0.718054 0.020981
467  786.070201 1833.439981 1.186929 0.498926 0.990585 0.057305 -0.098383 0.013084 0.001373 2.974329 6.152591 2.470351 2.351994 0.006760
477  780.407767 1864.219606 0.695458 0.035885 0.284465 -0.045134 -0.002303 0.128137 -0.000222 2.228967 0.552120 0.956000 -0.329427 -0.009877
485  780.846142 1862.505887 0.623170 -1.214361 0.342260 0.024263 -0.124657 0.000940 0.000738 2.003169 0.477059 0.956000 0.766509 -0.261426

35 15 1542800384.947787
308  710.178500 1916.204262 0.597000 0.191096 -0.906039 0.000000 0.063359 -0.248932 0.000000 2.259069 0.825242 0.899000 0.608626 -0.044858
340  708.639752 1878.905717 2.486001 -0.376343 -0.911061 0.033681 -0.152426 -0.314654 -0.011700 2.950646 12.707577 4.464000 2.663719 0.084817
412  743.563065 1857.785737 0.889731 -9.370665 7.841669 0.153647 -1.658915 1.824072 0.076059 2.000167 4.633445 1.602000 2.385806 -0.001550
414  757.661717 1883.835974 0.688000 0.042241 -0.282662 0.000000 0.016073 -0.089386 0.000000 2.095774 0.458553 1.072000 2.009259 -0.007966
436  753.652797 1886.095423 0.712867 0.131854 0.437979 -0.033560 0.023932 0.176077 -0.018202 2.135549 0.432535 1.017000 0.984184 -0.005602
444  755.343069 1884.900560 0.752000 0.193287 0.190990 0.000000 0.072577 0.083913 0.000000 2.076713 0.376141 1.017000 0.978220 -0.025142
445  751.409486 1886.993935 0.650560 -0.426655 0.162302 -0.002219 -0.392488 0.156726 0.015931 2.117042 0.402511 1.017000 1.006564 0.013071
455  758.082604 1883.376668 0.688000 -0.077266 0.160506 0.000000 -0.027131 0.058381 0.000000 2.191302 0.418987 1.072000 1.986598 -0.035562
462  757.386156 1884.236846 0.688000 0.209231 -0.343482 0.000000 0.153534 -0.238670 0.000000 2.238978 0.407412 1.072000 1.977065 -0.009378
463  750.042622 1888.131469 0.649353 0.112036 -0.263244 -0.005091 -0.101557 -0.190246 0.017274 2.147377 0.373225 1.017000 0.732390 0.038595
466  749.287610 1887.793986 0.754647 -0.297653 -0.072976 0.005091 -0.065485 0.042736 -0.017274 2.074473 0.498729 1.017000 0.712604 0.009681
467  786.792866 1833.760756 1.201854 0.957648 0.752899 0.039797 0.081222 -0.072677 -0.005023 3.160519 6.222807 2.608546 2.396062 0.030905
477  780.431236 1864.196137 0.670070 0.039730 0.102089 -0.045820 -0.000397 0.033861 -0.000433 2.238723 0.583537 0.956000 -0.362591 -0.027963
485  780.783422 1862.982194 0.622904 -0.528900 0.680086 0.008445 0.112003 0.106806 -0.004354 2.078392 0.444850 0.956000 0.709954 -0.208017
499  782.622082 1861.905974 0.571000 -0.002283 0.393908 0.000000 -0.005449 0.100715 0.000000 1.980235 0.599021 0.956000 1.948636 0.032123

36 14 1542800385.448218
340  708.452298 1880.003190 2.339030 -0.410593 0.688076 -0.145333 -0.137079 0.326767 -0.074929 2.894416 12.700776 4.464000 2.455802 -0.070664
412  739.209102 1861.770638 0.996226 -9.326131 8.293034 0.204008 -1.325499 1.648176 0.080747 1.946575 4.663051 1.602000 2.414993 0.018066
414  757.335750 1884.214546 0.688000 -0.358732 0.304437 0.000000 -0.139780 0.151368 0.000000 2.063662 0.464052 1.072000 2.040517 0.015087
436  753.603132 1885.916815 0.700494 0.001935 0.010638 -0.032193 -0.030521 -0.021732 -0.014181 2.073063 0.467177 1.017000 0.955378 -0.022602
444  755.145902 1884.576059 0.752000 -0.134423 -0.281551 0.000000 -0.067121 -0.113543 0.000000 2.095789 0.431535 1.017000 1.021888 0.011633
445  751.565285 1886.661879 0.652207 -0.077611 -0.287139 0.004315 -0.183166 -0.045848 0.015379 2.078314 0.431851 1.017000 1.003609 0.006863
455  758.300022 1883.558152 0.688000 0.216385 0.290863 0.000000 0.091932 0.097578 0.000000 2.152002 0.443311 1.072000 2.020623 -0.001740
462  757.688881 1883.980523 0.688000 0.472554 -0.491744 0.000000 0.225806 -0.249841 0.000000 2.220325 0.425779 1.072000 2.023190 0.023789
463  749.774218 1887.910859 0.651876 -0.288274 -0.406636 0.004423 -0.236998 -0.208920 0.017611 2.108647 0.370243 1.017000 0.732715 0.026201
466  749.489036 1887.960132 0.752124 0.098236 0.172760 -0.004423 0.100638 0.129680 -0.017611 2.092716 0.494443 1.017000 0.766288 0.041556
467  786.881287 1832.893721 1.216640 0.512352 -0.732008 0.032707 -0.106684 -0.632805 -0.006793 3.241263 6.295117 2.705282 2.288809 -0.047919
477  779.867089 1864.278433 0.645292 -0.642867 0.145594 -0.048070 -0.264626 0.044145 -0.001220 2.243688 0.555701 0.956000 -0.324869 0.005593
485  780.894566 1862.686752 0.621727 -0.067783 -0.038138 0.001242 0.261533 -0.178057 -0.006209 2.116871 0.464388 0.956000 0.714764 -0.138726
499  782.538643 1861.545104 0.571000 -0.100677 -0.245093 0.000000 -0.035246 -0.114011 0.000000 2.036292 0.556954 0.956000 1.913944 0.001869

37 14 1542800385.948086
340  708.212804 1880.428786 2.247661 -0.479114 0.851417 -0.182788 -0.137079 0.326767 -0.074929 2.894416 12.700776 4.464000 2.420479 -0.070664
412  734.262905 1865.927245 1.081226 -9.933471 8.644421 0.200556 -1.304789 1.471019 0.064319 1.922990 4.613012 1.602000 2.421041 0.016101
414  757.135338 1884.296465 0.688000 -0.412292 0.252647 0.000000 -0.133666 0.103597 0.000000 2.115555 0.455437 1.072000 1.995922 -0.019251
436  753.640683 1886.078758 0.698971 0.038861 0.191057 -0.017903 -0.010864 0.050323 -0.006128 2.091699 0.486534 1.017000 0.985911 0.004945
444  755.399209 1884.521726 0.752000 0.230123 -0.202833 0.000000 0.082841 -0.062510 0.000000 2.049726 0.393334 1.017000 1.009795 -0.000160
445  751.498003 1886.849870 0.652889 -0.148773 0.094776 0.005727 -0.175482 0.106651 0.013015 2.033647 0.428144 1.017000 1.009848 0.008712
455  757.834745 1882.875169 0.688000 -0.442880 -0.668692 0.000000 -0.176187 -0.285782 0.000000 2.180130 0.474587 1.072000 2.026608 0.002772
462  757.692349 1883.676339 0.688000 0.243504 -0.611842 0.000000 0.095810 -0.248020 0.000000 2.215655 0.431424 1.072000 2.041032 0.027705
463  749.687640 1887.848223 0.652927 -0.268705 -0.283059 0.006652 -0.184518 -0.122233 0.015112 2.103504 0.431254 1.017000 0.694063 -0.007861
466  749.160596 1888.278326 0.751073 -0.327615 0.473401 -0.006652 -0.080393 0.219337 -0.015112 2.132823 0.487194 1.017000 0.718832 -0.003353
467  787.013482 1832.499055 1.231901 0.342804 -0.893745 0.030039 -0.151380 -0.573355 -0.006513 3.298847 6.322146 2.772997 2.344262 0.004578
477  779.885400 1864.061919 0.620994 -0.294383 -0.188155 -0.048638 -0.079927 -0.092552 -0.001204 2.230946 0.559175 0.956000 -0.358243 -0.018175
485  780.989603 1862.758865 0.620971 0.138270 0.033602 -0.001655 0.290469 -0.116304 -0.006129 2.118718 0.523218 0.956000 0.634242 -0.146029
499  782.554129 1861.941033 0.571000 -0.030153 0.343968 0.000000 -0.002949 0.122711 0.000000 2.024415 0.543301 0.956000 1.940652 0.018385

38 14 1542800386.398207
340  707.969371 1880.878232 2.150203 -0.540817 0.998502 -0.216515 -0.137079 0.326767 -0.074929 2.894416 12.700776 4.464000 2.388671 -0.070664
412  729.446885 1869.471649 1.150519 -10.617648 8.529825 0.188527 -1.340110 1.187785 0.049375 1.968126 4.615901 1.602000 2.410189 0.004242
414  757.459914 1884.287053 0.688000 0.174801 0.125641 0.000000 0.102290 0.040298 0.000000 2.146478 0.356754 1.072000 1.986166 -0.019966
436  753.667339 1886.095120 0.700019 0.047672 0.117471 -0.008187 -0.005853 0.015125 -0.001566 2.070786 0.470193 1.017000 1.021475 0.026787
444  755.277988 1884.649770 0.752000 -0.023820 0.048714 0.000000 -0.023675 0.039783 0.000000 2.008894 0.462960 1.017000 0.999898 -0.006597
445  751.621521 1886.724374 0.652981 0.044726 -0.085978 0.005409 -0.075822 0.022984 0.010756 2.063723 0.467910 1.017000 1.028017 0.018046
455  757.353061 1884.408218 0.688000 -0.819868 1.486181 0.000000 -0.285786 0.554944 0.000000 2.149754 0.453090 1.072000 1.995272 -0.018572
462  758.059363 1883.595608 0.688000 0.573883 -0.427868 0.000000 0.201568 -0.139183 0.000000 2.222269 0.361546 1.072000 1.926994 -0.055162
463  750.123466 1888.170964 0.653120 0.365372 0.235130 0.006378 0.079511 0.088807 0.012507 2.195754 0.435192 1.017000 0.661732 -0.026721
466  749.473527 1888.373766 0.750880 0.211541 0.376496 -0.006378 0.131433 0.147310 -0.012507 2.050329 0.536010 1.017000 0.701924 -0.013440
467  787.333020 1832.989360 1.208697 0.512169 0.071141 -0.015816 -0.063017 -0.118350 -0.022483 3.353329 6.391169 2.820398 2.361177 0.014356
477  780.175278 1863.980799 0.617459 0.200000 -0.202820 -0.026685 0.117291 -0.082514 0.007161 2.298087 0.503401 0.956000 -0.278040 0.039689
485  780.813942 1862.715607 0.620678 -0.090558 -0.060939 -0.002361 0.155302 -0.132164 -0.005358 2.160924 0.514214 0.956000 0.746451 -0.029746
499  782.513586 1861.919734 0.571000 -0.063429 0.155733 0.000000 -0.014935 0.031375 0.000000 1.996977 0.545826 0.956000 1.929719 0.005912

39 15 1542800386.898102
340  707.664764 1881.459036 2.023244 -0.609342 1.161851 -0.253972 -0.137079 0.326767 -0.074929 2.894416 12.700776 4.464000 2.353347 -0.070664
412  725.340979 1873.713611 1.230661 -9.440376 8.740285 0.181427 -0.659227 1.046496 0.037660 2.062722 4.636765 1.602000 2.394961 -0.007515
414  757.475452 1884.497482 0.688000 0.108852 0.311125 0.000000 0.059140 0.101233 0.000000 2.156299 0.395539 1.072000 1.979976 -0.017397
436  753.579660 1885.751845 0.701091 -0.087574 -0.362875 -0.002290 -0.054712 -0.165034 0.000901 1.988801 0.399608 1.017000 1.003586 0.005591
444  755.265526 1884.446664 0.752000 -0.029209 -0.216847 0.000000 -0.021295 -0.065619 0.000000 1.983620 0.444662 1.017000 1.053135 0.031712
445  751.139541 1886.884694 0.652896 -0.576810 0.163053 0.004201 -0.291329 0.110696 0.008325 2.112278 0.475618 1.017000 1.021594 0.007581
455  757.099886 1884.520486 0.688000 -0.688289 0.837904 0.000000 -0.184038 0.211752 0.000000 2.125239 0.425072 1.072000 1.961756 -0.034991
462  758.563029 1883.130380 0.745592 0.874879 -0.758011 0.069296 0.275803 -0.235786 0.025691 2.210518 0.417306 1.072000 1.941037 -0.026962
463  750.025029 1887.682156 0.653044 0.043005 -0.476748 0.004942 -0.054740 -0.191575 0.009656 2.143216 0.473669 1.017000 0.633684 -0.036675
466  749.612119 1888.598787 0.744567 0.277243 0.450135 -0.012630 0.131433 0.147310 -0.012507 2.050329 0.536010 1.017000 0.695206 -0.013440
467  787.628035 1832.384129 1.171800 0.546629 -0.724648 -0.055223 -0.038389 -0.393378 -0.032999 3.382803 6.359840 2.853579 2.317008 -0.020522
477  780.057079 1864.372870 0.618886 -0.039507 0.375226 -0.007472 0.006010 0.148639 0.012996 2.281807 0.488675 0.956000 -0.352989 -0.024530
485  780.972372 1862.765498 0.620603 0.186079 0.009831 -0.002089 0.230328 -0.080574 -0.004246 2.208477 0.544564 0.956000 0.770850 -0.003155
499  782.301351 1861.760813 0.571000 -0.284655 -0.124340 0.000000 -0.096356 -0.081279 0.000000 1.978842 0.525372 0.956000 1.962504 0.026075
555  807.486358 1805.976044 0.134415 -3.269403 1.291324 0.151546 -0.486079 0.240618 0.025050 1.491993 4.330288 1.691000 2.501551 0.015207

40 14 1542800387.397971
412  720.457309 1878.344094 1.330761 -9.769903 9.263396 0.200252 -0.659227 1.046496 0.037660 2.062722 4.636765 1.602000 2.391204 -0.007515
414  757.551386 1883.962954 0.688000 0.146413 -0.486682 0.000000 0.062121 -0.214982 0.000000 2.068537 0.393081 1.072000 1.976707 -0.013738
436  753.522213 1885.529218 0.700171 -0.114923 -0.445370 -0.001839 -0.054712 -0.165034 0.000901 1.988801 0.399608 1.017000 1.006381 0.005591
444  755.079758 1884.875863 0.752000 -0.236584 0.407510 0.000000 -0.094701 0.179586 0.000000 1.965488 0.473914 1.017000 1.066196 0.029830
445  750.778417 1886.993859 0.657076 -0.722437 0.218387 0.008362 -0.291329 0.110696 0.008325 2.112278 0.475618 1.017000 1.025383 0.007581
455  756.709846 1884.992238 0.688000 -0.780284 0.943753 0.000000 -0.184038 0.211752 0.000000 2.125239 0.425072 1.072000 1.944265 -0.034991
462  758.368734 1883.100375 0.816147 0.181427 -0.391922 0.117141 -0.035120 -0.054782 0.038782 2.097263 0.378661 1.072000 1.985731 0.012258
463  750.032848 1887.395976 0.657927 0.015643 -0.572511 0.009769 -0.054740 -0.191575 0.009656 2.143216 0.473669 1.017000 0.615351 -0.036675
466  749.783546 1888.860603 0.735129 0.342942 0.523770 -0.018881 0.131433 0.147310 -0.012507 2.050329 0.536010 1.017000 0.688488 -0.013440
467  787.387780 1832.866994 1.120531 -0.071009 0.199101 -0.090030 -0.263201 0.027504 -0.039878 3.383722 6.343397 2.876805 2.379774 0.028763
477  780.140728 1864.219556 0.620633 0.084501 0.000621 0.001678 0.051453 -0.019948 0.013993 2.263955 0.579240 0.956000 -0.326689 0.001468
485  781.199934 1862.673141 0.620648 0.392758 -0.122161 -0.001656 0.264942 -0.115253 -0.003279 2.264031 0.544018 0.956000 0.724772 -0.033153
499  782.319627 1861.950304 0.571000 -0.112894 0.158954 0.000000 -0.012394 0.042386 0.000000 2.061423 0.519896 0.956000 1.925471 -0.007658
555  805.187146 1807.683506 0.134694 -4.122592 2.536456 0.072300 -0.655289 0.552535 -0.000397 1.681754 4.319738 1.691000 2.547837 0.036489

41 15 1542800387.897823
412  715.409093 1883.235892 1.440266 -10.099419 9.786490 0.219076 -0.659227 1.046496 0.037660 2.062722 4.636765 1.602000 2.387448 -0.007515
414  757.946337 1883.453051 0.688000 0.539860 -0.846100 0.000000 0.197958 -0.309424 0.000000 2.073628 0.409334 1.072000 2.016974 0.017848
436  753.451099 1885.265365 0.699477 -0.142271 -0.527863 -0.001389 -0.054712 -0.165034 0.000901 1.988801 0.399608 1.017000 1.009175 0.005591
444  754.937840 1885.124428 0.752000 -0.283921 0.497276 0.000000 -0.094701 0.179586 0.000000 1.965488 0.473914 1.017000 1.081107 0.029830
445  750.344517 1887.130678 0.663336 -0.868058 0.273718 0.012523 -0.291329 0.110696 0.008325 2.112278 0.475618 1.017000 1.029172 0.007581
455  756.273837 1885.516882 0.688000 -0.872276 1.049597 0.000000 -0.184038 0.211752 0.000000 2.125239 0.425072 1.072000 1.926774 -0.034991
462  758.083633 1883.571734 0.887101 -0.270573 0.386758 0.139736 -0.198293 0.247968 0.039988 2.127769 0.293768 1.072000 1.922058 -0.034517
463  750.026990 1887.061940 0.665222 -0.011719 -0.668270 0.014595 -0.054740 -0.191575 0.009656 2.143216 0.473669 1.017000 0.597019 -0.036675
466  749.987805 1889.159217 0.722566 0.408639 0.597404 -0.025133 0.131433 0.147310 -0.012507 2.050329 0.536010 1.017000 0.681770 -0.013440
467  787.384787 1832.557997 1.153450 -0.086203 -0.279079 -0.005886 -0.219379 -0.157746 -0.000685 3.367626 6.324006 2.893064 2.351125 -0.000081
477  780.195822 1864.214882 0.624968 0.110220 -0.009350 0.008672 0.051453 -0.019948 0.013993 2.263955 0.579240 0.956000 -0.325955 0.001468
485  781.462451 1862.583282 0.619001 0.525190 -0.179770 -0.003295 0.264942 -0.115253 -0.003279 2.264031 0.544018 0.956000 0.708201 -0.033153
499  782.335203 1861.522908 0.571000 -0.029981 -0.433789 0.000000 0.021518 -0.191253 0.000000 2.050022 0.528259 0.956000 1.909984 -0.015469
555  801.004519 1809.573647 0.253528 -6.796222 3.392791 0.171294 -1.504773 0.762599 0.035520 1.705108 4.339866 1.691000 2.549570 0.025927
588  709.376979 1880.067597 2.897157 0.077069 -0.317007 0.071485 -0.049827 -0.005022 0.005614 2.938067 12.884744 4.464000 2.654923 0.038535

