1 0 1535657108.301401

2 8 1535657108.801262
2  339.454671 659.767817 0.605759 0.007668 -0.033686 0.023463 0.017428 -0.046685 0.002213 0.579221 0.630376 1.017000 2.843497 -0.002460
3  340.585687 662.081977 0.574175 -0.025440 0.062406 0.034505 -0.032700 0.081882 0.003255 0.478416 0.380836 1.221000 -1.898837 0.010588
4  324.044323 664.356921 0.394781 0.024501 -0.036388 0.004141 -0.019025 -0.047259 0.000391 0.561501 0.907577 1.135000 2.535405 0.010878
5  330.743248 640.940721 1.210029 -0.019613 -0.045719 0.037265 -0.025539 -0.059708 0.003515 4.481407 1.951590 1.723000 2.437200 0.009030
6  342.871880 656.581272 1.180584 -5.398591 1.502585 -0.011042 -0.150513 0.025286 -0.001042 4.939510 1.992494 2.000000 2.902071 0.000992
7  349.266116 634.568948 1.747160 -0.027347 0.030610 0.015872 0.000077 -0.000728 0.001497 4.281865 1.992419 1.563000 -2.374604 -0.004352
9  321.038112 668.057890 0.884781 0.015193 0.034428 0.004141 -0.020954 -0.018609 0.000391 4.494895 2.163214 2.347000 -0.535032 0.003095
11  347.568691 646.456528 1.480613 -0.172359 0.062301 0.026224 -0.218070 0.104366 0.002474 5.605617 2.113838 1.996000 2.804542 -0.012469

3 11 1535657109.301132
2  339.462308 659.740788 0.617971 0.016380 -0.057022 0.024570 0.017428 -0.046685 0.002213 0.579221 0.630376 1.017000 2.842268 -0.002460
3  340.539750 661.884564 0.622922 -0.011198 -0.022924 0.084084 -0.012165 -0.035145 0.013140 0.498836 0.401091 1.221000 -1.922096 -0.003792
4  324.148360 664.459743 0.401540 0.051801 0.013274 0.011506 0.017350 0.021005 0.001869 0.601929 0.939104 1.135000 2.539821 0.010364
5  330.986973 640.933502 1.263585 0.042054 -0.010323 0.092227 0.057756 -0.010033 0.014483 4.542576 2.022533 1.723000 2.431957 0.004116
6  340.111030 657.293495 1.165894 -5.473870 1.521892 -0.025491 -0.146518 0.022402 -0.003913 4.892803 2.079948 2.000000 2.936703 0.018185
7  349.165686 634.568828 1.769584 -0.045002 0.030459 0.038679 -0.021600 -0.002775 0.006044 4.260573 1.977626 1.563000 -2.354061 0.007089
8  299.274174 689.084411 1.008000 -1.783250 -2.530874 0.000000 -0.116282 -0.324433 0.000000 13.555208 3.064536 3.606000 -2.282458 -0.012381
9  321.061162 667.908422 0.890631 0.030646 0.008241 0.010090 0.001267 -0.039180 0.001577 4.539848 2.174790 2.347000 -0.517122 0.011336
10  345.101671 628.139897 1.844723 -0.035062 -0.002917 0.115770 -0.035540 -0.011235 0.018162 3.808020 1.996909 1.555000 2.405095 -0.013527
11  347.903391 646.096506 1.517660 0.038686 -0.084265 0.063904 0.065199 -0.076545 0.009986 5.596700 2.094295 1.996000 2.749744 -0.036928
12  354.774869 651.310845 1.991489 -7.148035 2.384077 0.009659 -0.202731 0.095439 0.000894 8.815731 2.785251 3.078000 2.818709 0.003796

4 11 1535657109.801064
2  339.474536 659.701461 0.630767 0.025093 -0.080361 0.025676 0.017428 -0.046685 0.002213 0.579221 0.630376 1.017000 2.841038 -0.002460
3  340.682676 661.859146 0.674930 0.023465 -0.015853 0.098899 0.029073 -0.017270 0.016463 0.501134 0.433872 1.221000 -1.939704 -0.013371
4  324.180490 664.511816 0.408829 0.047894 0.016672 0.013755 0.008158 0.018641 0.002398 0.593381 0.874287 1.135000 2.541222 0.008059
5  330.884688 640.937450 1.320803 -0.000921 -0.003428 0.108698 -0.005610 -0.000293 0.018203 4.554325 2.029048 1.723000 2.423531 -0.002276
6  337.750593 658.076556 1.149434 -5.398250 1.532176 -0.030792 -0.006106 0.022966 -0.005261 4.880253 2.042242 2.000000 2.879418 -0.022285
7  349.317627 634.643400 1.793508 -0.004137 0.043993 0.045493 0.029787 0.012664 0.007573 4.241032 2.000933 1.563000 -2.278353 0.051088
8  297.997861 688.053961 1.008000 -1.899733 -2.455311 0.000000 -0.198242 -0.072118 0.000000 13.649659 3.164941 3.606000 -2.211473 0.034672
9  321.046771 667.883999 0.896872 0.024414 0.024138 0.011868 -0.005285 -0.014993 0.001976 4.538657 2.186140 2.347000 -0.516027 0.008548
10  345.101736 628.091493 1.915637 -0.026321 -0.003866 0.135358 -0.008090 -0.009793 0.022397 3.742923 1.980402 1.555000 2.524291 0.063269
11  347.894403 646.100739 1.558053 0.012702 -0.042485 0.076194 0.021204 -0.016022 0.012927 5.569111 2.074782 1.996000 2.755205 -0.022343
12  352.308559 651.794245 1.992408 -5.447717 1.780089 0.003712 1.652394 -0.599817 -0.000464 8.826969 2.752972 3.078000 2.788456 -0.012122

5 12 1535657110.200261
2  339.487092 659.662580 0.641339 0.032050 -0.098998 0.026560 0.017428 -0.046685 0.002213 0.579221 0.630376 1.017000 2.840056 -0.002460
3  340.705159 661.933170 0.719340 0.038652 0.010670 0.108336 0.031847 0.008622 0.018038 0.494931 0.430448 1.221000 -1.916735 0.005811
4  324.212806 664.401015 0.414932 0.055993 -0.024348 0.015009 0.011910 -0.018906 0.002562 0.666608 0.879064 1.135000 2.562498 0.020297
5  331.081055 641.004136 1.366175 0.076505 0.023916 0.115204 0.056114 0.020983 0.017785 4.520323 2.044393 1.723000 2.435244 0.006277
6  335.438070 658.657344 1.133698 -5.463865 1.527553 -0.035923 -0.055056 0.012281 -0.006927 4.837371 2.040178 2.000000 2.877806 -0.017349
7  348.873574 634.456870 1.812160 -0.172400 -0.033999 0.047823 -0.109795 -0.051680 0.007192 4.285239 2.015662 1.563000 -2.356657 -0.015797
8  297.605828 687.537180 1.008000 -1.790673 -2.258445 0.000000 -0.025779 0.134672 0.000000 13.734470 3.286758 3.606000 -2.233285 0.010512
9  320.894974 667.919407 0.901979 -0.042360 0.029397 0.012749 -0.054534 -0.006430 0.002026 4.536422 2.167744 2.347000 -0.527204 -0.001338
10  344.895935 628.351031 1.923815 -0.121986 0.117228 0.088683 -0.092798 0.104760 -0.008178 3.741284 1.951620 1.555000 2.471108 0.010113
11  347.918941 646.225911 1.589280 0.027754 0.009225 0.080140 0.026221 0.028232 0.012260 5.587366 2.090913 1.996000 2.794850 0.010568
12  350.155612 652.499505 1.991499 -4.892833 1.579889 0.000561 1.555135 -0.563378 -0.001562 8.791346 2.795916 3.078000 2.801088 -0.001102
14  288.872124 670.899131 0.688519 0.595429 1.570198 -0.022546 0.046748 0.123279 -0.001770 5.334560 2.432877 1.975000 0.934007 0.005511

6 12 1535657110.651414
3  340.661997 661.893585 0.771084 0.008031 -0.006527 0.116082 0.006518 -0.004286 0.017807 0.530123 0.430232 1.221000 -1.934969 -0.008512
4  324.216646 664.348136 0.421222 0.043684 -0.031870 0.015124 0.002057 -0.021766 0.001949 0.639918 0.888058 1.135000 2.586423 0.030439
5  331.043689 641.038819 1.416209 0.031220 0.024276 0.117556 0.018772 0.018062 0.014447 4.450068 2.038623 1.723000 2.428857 -0.000054
6  333.078824 659.533368 1.114431 -5.415433 1.650118 -0.041069 -0.012188 0.080746 -0.008117 4.815154 2.091096 2.000000 2.855205 -0.027495
7  349.068577 634.325024 1.833386 -0.035567 -0.057110 0.049257 -0.002159 -0.061517 0.006126 4.325997 2.091187 1.563000 -2.242145 0.067741
8  296.303824 686.011161 1.008000 -2.394059 -2.865543 0.000000 -0.393186 -0.275681 0.000000 13.734444 3.138961 3.606000 -2.228511 0.010533
9  320.974489 667.820119 0.907209 0.011786 -0.005378 0.012684 -0.011010 -0.032434 0.001450 4.535346 2.085159 2.347000 -0.557827 -0.021955
10  344.869507 628.633497 1.915157 -0.079804 0.178744 0.032666 -0.043702 0.133028 -0.038973 3.781296 1.882168 1.555000 2.378203 -0.056825
11  348.063957 646.463246 1.624693 0.059311 0.086047 0.082421 0.044631 0.077436 0.010347 5.574252 2.081125 1.996000 2.751462 -0.022504
12  348.235140 653.464081 1.991086 -4.293764 1.561613 -0.000585 1.499957 -0.401158 -0.001799 8.771036 2.701876 3.078000 2.802509 0.000185
14  290.170570 672.179528 0.699568 3.044322 3.867737 0.013169 0.141262 0.055999 0.004567 5.265454 2.434848 1.975000 0.952561 0.013146
15  339.283542 659.979253 0.728638 0.057766 0.073283 0.052962 0.030374 -0.001098 0.007481 0.647607 0.508455 1.017000 2.853570 0.001512

7 13 1535657111.149672
3  340.667471 661.889365 0.832944 0.011279 -0.008663 0.124955 0.006518 -0.004286 0.017807 0.530123 0.430232 1.221000 -1.939210 -0.008512
4  324.290612 664.257187 0.428205 0.074494 -0.083104 0.015052 0.017969 -0.043343 0.001376 0.635664 0.894195 1.135000 2.569987 0.009360
5  330.735016 641.108802 1.414206 -0.148531 0.064254 0.057669 -0.082253 0.034612 -0.022442 4.489830 1.998623 1.723000 2.467444 0.025702
6  331.062314 660.204985 1.092852 -4.554642 1.486538 -0.044360 0.359693 -0.007346 -0.007702 4.843617 2.059887 2.000000 2.875608 -0.004748
7  349.072669 634.398347 1.856568 -0.028043 -0.002457 0.049425 0.002395 -0.020560 0.004540 4.303750 2.055414 1.563000 -2.267291 0.028455
8  295.272390 684.745897 1.008000 -2.427921 -2.857335 0.000000 -0.298830 -0.190920 0.000000 13.730030 3.143651 3.606000 -2.251186 -0.008092
9  321.062385 668.128449 0.913147 0.042039 0.112703 0.012661 0.009151 0.045858 0.001040 4.514574 2.088265 2.347000 -0.569286 -0.022302
10  345.088234 628.472003 1.900565 0.033698 0.043752 -0.009942 0.040442 0.019998 -0.051724 3.856552 1.910099 1.555000 2.434725 -0.000239
11  348.044511 646.179961 1.663045 0.021986 -0.048368 0.082268 0.015391 -0.019066 0.007428 5.604695 2.086810 1.996000 2.801773 0.018532
12  346.039521 654.334910 1.990064 -4.138410 1.524840 -0.001833 1.202822 -0.310960 -0.002004 8.740887 2.655091 3.078000 2.883873 0.054004
14  292.296160 674.909504 0.607667 4.281038 5.650240 -0.106524 0.997797 1.351727 -0.039949 5.309462 2.373932 1.975000 0.954571 0.010456
15  339.424980 659.967330 0.763936 0.087223 0.004520 0.065539 0.100251 -0.008938 0.010711 0.636465 0.501967 1.017000 2.786706 -0.038542
16  317.731274 671.746613 0.410000 -0.025677 -0.042307 0.000000 -0.033601 -0.055443 0.000000 0.374828 0.503159 1.312000 -1.830058 -0.002024

8 13 1535657111.649009
3  340.674552 661.884087 0.899297 0.014533 -0.010803 0.133847 0.006518 -0.004286 0.017807 0.530123 0.430232 1.221000 -1.943460 -0.008512
4  324.305192 664.364912 0.465512 -0.000585 0.043326 0.044856 -0.015639 0.019858 0.015657 0.673730 0.896537 1.135000 2.558270 -0.001570
5  330.988314 641.237222 1.395382 0.014379 0.034210 0.004363 0.010492 0.022362 -0.043091 4.491327 2.014050 1.723000 2.400584 -0.027441
6  328.900641 660.898257 1.071457 -4.356116 1.455430 -0.045769 0.368646 -0.020334 -0.006507 4.835054 2.112080 2.000000 2.806602 -0.049183
7  349.185012 634.563510 1.879587 0.012340 0.058417 0.049056 0.025832 0.016698 0.003247 4.332031 2.047850 1.563000 -2.327602 -0.021238
8  294.085345 682.925341 1.110454 -2.752367 -3.185250 0.101175 -0.355051 -0.295586 0.049624 13.759153 3.154345 3.606000 -2.270052 -0.017978
9  320.072365 669.428049 0.174080 -0.176489 0.342084 -0.723133 -0.128878 0.186437 -0.360104 3.299074 1.832415 1.797100 -1.145491 -0.399112
10  344.676165 628.521436 1.887297 -0.127351 0.045079 -0.032614 -0.065366 0.019312 -0.050177 3.793702 1.879571 1.555000 2.433569 -0.000930
11  348.144959 646.002701 1.701042 0.014541 -0.053873 0.081302 0.014043 -0.026001 0.005135 5.560353 2.079547 1.996000 2.854723 0.047671
12  343.032576 655.264015 1.989778 -4.751303 1.640461 -0.001717 0.610590 -0.179097 -0.001396 8.740350 2.786924 3.078000 2.859080 0.019562
14  294.622972 677.521419 0.493788 4.644325 5.971974 -0.183194 0.908203 1.068371 -0.070941 5.224763 2.364481 1.975000 0.890309 -0.034229
15  339.419354 660.057155 0.798166 0.004045 0.020663 0.069927 -0.004938 0.017115 0.010186 0.622809 0.481944 1.017000 2.795208 -0.020697
16  317.731392 672.047724 0.410000 -0.005453 0.048096 0.000000 -0.005379 0.067867 0.000000 0.408766 0.512993 1.312000 -1.766721 0.030160

9 14 1535657112.148325
3  340.683323 661.877697 0.970267 0.017788 -0.012943 0.142738 0.006518 -0.004286 0.017807 0.530123 0.430232 1.221000 -1.947711 -0.008512
4  324.244346 664.539708 0.512146 -0.030498 0.081969 0.071764 -0.026739 0.037149 0.024102 0.661099 0.893372 1.135000 2.509619 -0.033328
5  330.853892 640.935655 1.374965 -0.013485 -0.030149 -0.028813 -0.010403 -0.024949 -0.048249 4.472361 1.989061 1.723000 2.437733 0.006297
6  326.647755 661.548915 1.055919 -4.141780 1.397829 -0.040836 0.374235 -0.039869 -0.002888 4.883310 2.044435 2.000000 2.791101 -0.043174
7  349.246013 634.409877 1.902541 0.000933 0.007338 0.048550 0.018243 -0.015015 0.002306 4.288600 2.062038 1.563000 -2.271884 0.022765
8  292.614289 681.429275 1.241694 -2.934621 -3.275916 0.190078 -0.357939 -0.262524 0.077991 13.820994 3.178534 3.606000 -2.287204 -0.023402
9  319.535508 669.982991 -0.043532 -0.178824 0.252847 -0.692418 -0.121801 0.125662 -0.266976 2.472790 1.621240 1.412170 -1.310427 -0.376325
10  344.655611 628.424148 1.876062 -0.060505 0.002415 -0.042181 -0.021542 -0.007986 -0.043325 3.838586 1.785400 1.555000 2.461739 0.018068
11  348.001800 646.084743 1.738921 -0.017424 -0.022882 0.080243 -0.010653 -0.000977 0.003532 5.588851 2.115273 1.996000 2.754822 -0.034403
12  340.536145 656.092886 1.972526 -4.791033 1.642664 -0.018193 0.442409 -0.135481 -0.009156 8.643298 2.760894 3.078000 2.849574 0.006782
14  296.704792 679.985747 0.377623 4.345564 5.664828 -0.227390 0.462381 0.554535 -0.076103 5.291327 2.382343 1.975000 0.908057 -0.011366
15  339.565767 659.857165 0.832569 0.025871 -0.030540 0.071935 0.022586 -0.040697 0.008375 0.597488 0.458830 1.017000 2.836586 0.013238
16  317.762535 671.772573 0.442901 0.010929 -0.089027 0.039089 0.011313 -0.081833 0.015697 0.409956 0.576627 1.312000 -1.817335 -0.009878
18  321.055983 667.983300 0.924781 0.025813 0.031070 0.004141 0.002561 0.003314 0.000407 4.685096 2.078248 2.347000 -0.512764 -0.002301

10 13 1535657112.648213
4  324.305193 664.285544 0.560316 -0.023728 0.031775 0.089654 -0.014828 -0.004533 0.026459 0.699194 0.898933 1.135000 2.622398 0.052846
5  330.711571 641.149342 1.355453 -0.062319 0.034246 -0.047567 -0.035235 0.018795 -0.046085 4.461847 1.996085 1.723000 2.429121 -0.001532
6  324.611194 662.377791 1.042154 -4.029764 1.412442 -0.035877 0.342793 -0.021312 -0.000304 4.849347 2.070879 2.000000 2.835956 0.001056
7  348.831632 634.875513 1.925473 -0.079252 0.094501 0.048063 -0.035741 0.043132 0.001644 4.290665 2.089966 1.563000 -2.343746 -0.032653
8  290.674242 680.247785 1.277510 -3.491584 -2.598305 0.161396 -0.523209 0.078096 0.050687 13.854319 3.225329 3.606000 -2.379357 -0.076964
9  319.352277 670.035744 -0.083010 -0.120999 0.129957 -0.503282 -0.074650 0.042604 -0.136812 1.819674 1.519896 1.142719 -1.379826 -0.297286
10  344.972024 628.345032 1.867337 0.058104 -0.030442 -0.044199 0.047271 -0.023339 -0.035401 3.807843 1.867629 1.555000 2.406545 -0.024690
11  348.074093 646.228585 1.781568 0.002192 0.013059 0.083506 0.004080 0.022129 0.004136 5.573325 2.059174 1.996000 2.822101 0.021837
12  337.771891 656.609802 1.950541 -4.881290 1.605183 -0.032698 0.284126 -0.135739 -0.013541 8.656874 2.696565 3.078000 2.790662 -0.034688
14  299.056945 683.185926 0.265927 4.619495 6.075924 -0.245176 0.487393 0.633547 -0.065089 5.222129 2.386296 1.975000 0.928632 0.006059
15  339.583962 659.832416 0.870481 0.037161 -0.050884 0.076122 0.022586 -0.040697 0.008375 0.597488 0.458830 1.017000 2.843203 0.013238
16  317.844914 671.730628 0.481980 0.022506 -0.033630 0.064103 0.018900 -0.027808 0.025287 0.459485 0.534468 1.312000 -1.764394 0.027740
18  321.215974 668.377265 0.930634 0.118534 0.268466 0.010065 0.116106 0.296036 0.001614 4.661975 2.101104 2.347000 -0.482589 0.013170

11 14 1535657113.148632
4  324.289855 664.300386 0.611361 -0.031148 0.029507 0.102895 -0.014828 -0.004533 0.026459 0.699194 0.898933 1.135000 2.648843 0.052846
5  330.651277 641.107322 1.357303 -0.090904 0.010311 -0.040276 -0.040302 0.003370 -0.034680 4.471094 2.028736 1.723000 2.395157 -0.023690
6  323.154644 663.198662 1.028766 -3.702820 1.440321 -0.032165 0.427610 -0.000275 0.001148 4.878189 2.123378 2.000000 2.812982 -0.014632
7  349.324247 634.056862 1.949191 0.077541 -0.166962 0.048288 0.061078 -0.113753 0.001420 4.194715 2.179813 1.563000 -2.303043 0.005422
8  289.103083 679.328156 1.325010 -3.646975 -2.429940 0.149168 -0.467657 0.145575 0.036562 13.819314 3.192900 3.606000 -2.522167 -0.146579
9  319.266076 670.126266 -0.040013 -0.160984 0.156251 -0.299374 -0.076144 0.045431 -0.034473 1.469580 1.401707 0.954103 -1.361706 -0.185893
10  344.942801 628.769085 1.905696 0.043685 0.202079 -0.004619 0.030256 0.085788 -0.013873 3.835292 1.969982 1.555000 2.501529 0.046956
11  347.745582 645.800767 1.825647 -0.101588 -0.116571 0.086680 -0.056490 -0.058407 0.004551 5.627894 2.091177 1.996000 2.842061 0.027866
12  335.605712 657.683712 1.927011 -4.671352 1.634746 -0.042966 0.323095 -0.079669 -0.014948 8.744411 2.699272 3.078000 2.859693 0.022972
14  301.373334 686.414444 0.158299 4.824138 6.407354 -0.248363 0.463615 0.642263 -0.050812 5.228886 2.391617 1.975000 0.920646 -0.001289
15  339.607835 659.797445 0.910530 0.048463 -0.071250 0.080313 0.022586 -0.040697 0.008375 0.597488 0.458830 1.017000 2.849828 0.013238
16  317.509920 671.891642 0.522493 -0.117574 0.031063 0.079416 -0.072705 0.020346 0.026826 0.456075 0.519880 1.312000 -1.817058 -0.016386
18  321.653363 668.375548 0.936872 0.551074 0.197656 0.011846 0.427878 0.113727 0.002002 4.656794 2.134610 2.347000 -0.548152 -0.030934
20  287.683574 668.064585 0.633421 1.362598 1.412132 -0.026938 0.134304 0.139186 -0.002655 5.018191 2.025522 1.597000 0.890000 0.000943

12 14 1535657113.648526
4  324.270865 664.314091 0.668900 -0.038560 0.027241 0.116121 -0.014828 -0.004533 0.026459 0.699194 0.898933 1.135000 2.675260 0.052846
5  331.019378 641.119101 1.366590 0.087843 0.008410 -0.027538 0.048919 0.003096 -0.023948 4.489119 2.058270 1.723000 2.426568 0.005275
6  321.760308 663.419392 1.015336 -3.052449 1.209139 -0.029674 0.587617 -0.109133 0.001832 4.866357 2.164705 2.000000 2.761194 -0.044414
7  349.069490 634.316651 1.972361 -0.041359 -0.014519 0.047955 -0.007927 -0.024538 0.001048 4.216140 2.054841 1.563000 -2.393676 -0.057088
8  287.187015 678.427025 1.377491 -3.836032 -1.780205 0.142916 -0.453286 0.337739 0.027809 13.818443 3.192158 3.606000 -2.712733 -0.225126
9  319.500216 670.253817 0.023485 -0.007347 0.108219 -0.138899 0.010395 0.027490 0.028941 1.205474 1.353958 0.822072 -1.384514 -0.138936
10  344.844056 628.607323 1.959499 -0.025273 0.037739 0.036116 -0.003005 0.008814 0.003138 3.778790 1.954774 1.555000 2.449034 -0.003917
11  348.135571 645.922979 1.869224 0.059310 -0.028873 0.088309 0.036611 -0.008677 0.004321 5.612153 2.126878 1.996000 2.757908 -0.037817
12  332.972741 658.405688 1.904385 -4.809011 1.611406 -0.048523 0.201435 -0.080796 -0.014230 8.768618 2.774606 3.078000 2.865224 0.018986
14  303.830678 689.759398 0.051935 5.217384 6.942803 -0.246773 0.511552 0.712781 -0.039044 5.235214 2.344302 1.975000 0.914173 -0.005191
16  317.789263 671.803492 0.561464 0.033573 -0.015427 0.085823 0.022020 -0.009138 0.023098 0.472626 0.544276 1.312000 -1.790109 0.007106
18  321.330275 668.237011 0.943041 0.008658 -0.031391 0.012616 -0.040307 -0.063255 0.001873 4.656801 2.107305 2.347000 -0.551208 -0.022832
19  300.800229 691.205988 -0.139821 -2.718258 -2.991316 0.214783 -0.504157 -0.486921 0.034366 4.858969 2.498524 1.518000 -2.304288 0.009070
20  289.414408 670.456611 0.596292 3.747352 4.519173 -0.064030 0.240709 0.463012 -0.010174 4.985748 2.055682 1.597000 0.888876 0.000152

13 14 1535657114.148383
5  330.560172 641.094493 1.378171 -0.091617 -0.002981 -0.015398 -0.050348 -0.002741 -0.015639 4.541211 2.044640 1.723000 2.490849 0.046678
6  320.385871 664.377020 1.001759 -2.779435 1.312522 -0.028100 0.582763 -0.030359 0.002059 4.813127 2.141836 2.000000 2.742703 -0.041923
7  348.864240 634.835754 1.995350 -0.094502 0.154442 0.047524 -0.037811 0.071115 0.000719 4.240334 2.026648 1.563000 -2.373952 -0.024675
8  285.164031 677.990355 1.450387 -4.345414 -0.873382 0.153029 -0.540733 0.592829 0.026504 13.814162 3.138585 3.606000 -2.842699 -0.236836
9  319.470895 670.084444 0.086009 -0.001145 -0.003305 -0.026146 0.010357 -0.028435 0.062815 1.015812 1.363575 0.729651 -1.352047 -0.070487
10  345.011216 628.578461 2.009862 0.031144 0.016541 0.062451 0.027932 -0.001140 0.011673 3.861981 1.997866 1.555000 2.516483 0.042699
11  348.264069 646.388620 1.913299 0.073558 0.126233 0.089651 0.042678 0.077645 0.004039 5.571881 2.069445 1.996000 2.688507 -0.071733
12  330.428298 659.417871 1.882454 -4.877002 1.692199 -0.051179 0.134773 -0.025968 -0.012642 8.766939 2.801790 3.078000 2.785495 -0.040937
14  306.440775 693.341243 -0.053780 5.395722 7.196000 -0.243328 0.476598 0.675517 -0.029904 5.263179 2.369371 1.975000 0.910866 -0.005670
16  317.607135 671.865450 0.579766 -0.041154 0.009943 0.068710 -0.023796 0.006159 0.009447 0.504943 0.536601 1.312000 -1.838007 -0.027435
18  320.814279 667.913202 0.949130 -0.223883 -0.138893 0.012876 -0.181786 -0.128988 0.001483 4.627540 2.050706 2.347000 -0.529460 -0.000717
19  299.108167 689.161525 -0.006801 -3.244842 -3.760697 0.253144 -0.560354 -0.692016 0.042729 4.915212 2.466270 1.518000 -2.256132 0.035887
20  291.089203 672.708455 0.555946 3.730402 4.577608 -0.076269 0.090252 0.324047 -0.012998 4.982191 2.128135 1.597000 0.870057 -0.011464
22  324.056551 664.540539 0.693395 -0.048701 0.040878 0.030370 -0.025637 -0.020369 0.002907 0.781456 1.090548 1.135000 2.540562 -0.010044

14 15 1535657114.648261
5  330.503314 641.092401 1.367038 -0.116785 -0.004352 -0.023216 -0.050348 -0.002741 -0.015639 4.541211 2.044640 1.723000 2.514183 0.046678
6  319.592868 664.630188 0.988811 -2.234059 1.082201 -0.026572 0.687977 -0.125605 0.002227 4.884949 2.134217 2.000000 2.689885 -0.063385
7  349.369407 634.629814 2.018467 0.028168 0.034240 0.047269 0.041161 -0.000076 0.000512 4.152655 1.995518 1.563000 -2.357444 -0.005245
8  282.732367 678.119974 1.529840 -4.384631 -0.018175 0.164067 -0.457847 0.800264 0.025759 13.777920 3.082611 3.606000 -2.968610 -0.241903
9  319.313131 670.147136 0.143389 -0.029554 0.006895 0.048965 -0.008511 -0.016436 0.077543 0.847822 1.325272 0.664955 -1.360199 -0.052243
10  345.032920 628.586479 2.043644 0.045107 0.015971 0.068286 0.027932 -0.001140 0.011673 3.861981 1.997866 1.555000 2.537827 0.042699
11  348.522881 645.900435 1.924977 0.079478 -0.048209 0.065416 0.044280 -0.025394 -0.004807 5.567274 1.961944 1.996000 2.693173 -0.044435
12  329.143843 659.881112 1.885085 -2.941331 0.950317 -0.033153 0.843900 -0.299501 -0.004273 8.805245 2.776650 3.078000 2.751136 -0.050297
14  309.242680 697.086767 -0.181984 5.633963 7.533677 -0.258277 0.476598 0.675517 -0.029904 5.263179 2.369371 1.975000 0.908031 -0.005670
16  317.957153 672.048417 0.591115 0.040526 0.030162 0.050605 0.030088 0.021742 -0.000335 0.482234 0.544309 1.312000 -1.866236 -0.037211
18  320.988494 667.991647 0.960927 -0.048978 -0.011091 0.018756 -0.048730 -0.037427 0.004213 4.649080 2.101569 2.347000 -0.548750 -0.013445
19  296.980273 687.493445 0.139076 -3.399367 -3.846100 0.285299 -0.468368 -0.433308 0.048687 4.848449 2.432191 1.518000 -2.307311 -0.009508
20  293.208751 675.443660 0.483152 4.011866 4.961347 -0.117288 0.249918 0.479453 -0.032050 4.978158 2.079235 1.597000 0.850602 -0.020478
22  324.080818 664.565318 0.737202 -0.028915 0.055750 0.075387 0.003547 -0.002090 0.011894 0.720511 1.043995 1.135000 2.484471 -0.035708
23  305.777809 698.056782 0.130582 -2.977499 -3.580579 0.083489 -0.088415 -0.130667 0.007774 7.168371 2.522816 2.455000 -2.279999 -0.001029

15 15 1535657115.148131
5  330.433207 641.089587 1.351790 -0.141952 -0.005722 -0.031033 -0.050348 -0.002741 -0.015639 4.541211 2.044640 1.723000 2.537515 0.046678
6  317.939155 665.235307 0.975238 -2.237688 1.075263 -0.026075 0.507953 -0.097543 0.002019 4.867388 2.076124 2.000000 2.655354 -0.065281
7  349.144967 634.971003 2.041379 -0.026801 0.097161 0.046914 -0.001533 0.040516 0.000311 4.132461 2.043364 1.563000 -2.275188 0.048351
8  280.660384 678.413428 1.579356 -4.583768 0.456324 0.147580 -0.434648 0.837253 0.015853 13.762982 3.152120 3.606000 -3.088556 -0.241255
9  319.383829 670.312989 0.165906 -0.002681 0.057848 0.072454 0.007506 0.014011 0.072391 0.679101 1.275553 0.619669 -1.376980 -0.046028
10  345.061975 628.594197 2.080498 0.059069 0.015401 0.074121 0.027932 -0.001140 0.011673 3.861981 1.997866 1.555000 2.559171 0.042699
11  348.211427 645.830468 1.926010 -0.012283 -0.034588 0.039715 -0.015953 -0.016377 -0.012667 5.618287 2.011634 1.996000 2.653002 -0.056393
12  327.968178 660.209207 1.895772 -2.566904 0.796466 -0.013484 0.828391 -0.304857 0.003164 8.785617 2.766926 3.078000 2.807029 0.003659
14  312.169961 701.009999 -0.318055 5.872200 7.871347 -0.273225 0.476598 0.675517 -0.029904 5.263179 2.369371 1.975000 0.905197 -0.005670
16  317.843851 672.174262 0.601742 0.010157 0.075176 0.037825 0.003933 0.041409 -0.005342 0.451285 0.539310 1.312000 -1.827042 0.001269
18  321.080262 668.506958 0.974321 -0.024950 0.084398 0.023799 -0.018736 0.044985 0.005623 4.660856 2.122113 2.347000 -0.526784 0.005646
19  295.105471 685.485783 0.287170 -3.667782 -4.054525 0.303413 -0.497369 -0.426396 0.045073 4.864443 2.395215 1.518000 -2.292804 0.003222
20  295.220912 677.771497 0.402838 3.922449 5.037201 -0.148405 0.119965 0.365497 -0.040818 4.998762 2.081873 1.597000 0.869331 -0.001332
22  324.067191 664.592699 0.777657 -0.027142 0.054705 0.081332 0.003547 -0.002090 0.011894 0.720511 1.043995 1.135000 2.466621 -0.035708
23  304.215102 696.393600 0.248623 -3.014355 -3.571214 0.203038 -0.085471 -0.045071 0.032384 7.097416 2.550525 2.455000 -2.320391 -0.020730

16 13 1535657115.648632
6  316.856844 665.860021 0.961379 -2.064843 1.024613 -0.026034 0.469754 -0.093204 0.001694 4.861433 2.067487 2.000000 2.682881 -0.025155
7  348.930048 635.293897 2.064284 -0.100320 0.213215 0.046610 -0.038978 0.089812 0.000163 4.103058 1.954747 1.563000 -2.370771 -0.025521
8  278.221687 678.864892 1.618419 -4.815082 0.884208 0.126368 -0.442487 0.842284 0.006071 13.759276 3.165390 3.606000 1.520696 2.911513
9  319.313550 670.065006 0.173512 -0.033782 0.016990 0.074198 -0.008069 -0.013911 0.060817 0.631587 1.254306 0.587968 -1.372773 -0.027868
11  348.166520 645.944467 1.924474 -0.014797 0.000402 0.019403 -0.015213 0.007440 -0.017356 5.604820 2.026199 1.996000 2.764892 0.037000
12  326.517083 660.468805 1.908489 -2.469263 0.726674 0.002380 0.677993 -0.273127 0.007983 8.769023 2.746711 3.078000 2.844944 0.027710
16  317.847286 671.691517 0.611997 0.010784 -0.181227 0.029005 0.003308 -0.087616 -0.007629 0.426136 0.531573 1.312000 -1.834922 -0.004406
18  321.174520 668.709342 0.987912 -0.010274 0.084402 0.026948 -0.002114 0.042286 0.005768 4.619079 2.152018 2.347000 -0.542223 -0.006527
19  293.305628 683.212543 0.391190 -4.076889 -4.925425 0.266545 -0.574372 -0.786298 0.013354 4.898503 2.345688 1.518000 -2.274864 0.014083
20  297.380221 680.917902 0.325623 4.289358 5.925416 -0.162123 0.286341 0.756956 -0.037236 4.975710 2.126818 1.597000 0.945947 0.050077
22  324.054434 664.619591 0.821141 -0.025367 0.053659 0.087286 0.003547 -0.002090 0.011894 0.720511 1.043995 1.135000 2.448750 -0.035708
23  302.557362 694.580553 0.374420 -3.292105 -3.956698 0.238885 -0.268284 -0.313637 0.040224 7.121477 2.552134 2.455000 -2.310058 -0.008096
25  308.403072 702.880201 -0.375768 -2.520592 -2.957026 0.052497 -0.259967 -0.303270 0.005170 1.976763 0.666506 1.839000 -2.273219 0.021357

17 12 1535657116.148450
6  315.934299 666.350415 0.948762 -1.830052 0.978028 -0.025187 0.469754 -0.093204 0.001694 4.861433 2.067487 2.000000 2.670308 -0.025155
7  348.786123 635.405071 2.076091 -0.164215 0.249542 0.038572 -0.058127 0.086120 -0.002442 4.200480 1.788290 1.563000 -2.336680 0.003274
8  276.018915 679.620731 1.654505 -4.877342 1.366037 0.107941 -0.369126 0.870372 -0.001103 13.847472 3.078165 3.606000 2.949735 2.894023
9  319.125513 670.021125 0.174891 -0.097111 -0.007174 0.067019 -0.038211 -0.022659 0.048256 0.586957 1.225847 0.565778 -1.400751 -0.037252
11  347.903440 646.280541 1.923098 -0.101976 0.109576 0.005433 -0.060201 0.067059 -0.019126 5.474607 2.129446 1.996000 2.735185 0.004808
12  324.889882 660.612230 1.901101 -2.304333 0.540883 -0.001526 0.578958 -0.301183 0.005337 8.718198 2.707218 3.078000 2.865735 0.032346
16  317.758459 672.037029 0.623375 -0.049821 0.074198 0.024120 -0.021722 0.032679 -0.008010 0.427886 0.503642 1.312000 -1.775660 0.036646
18  321.154557 668.502225 1.001352 -0.016053 0.020156 0.028646 -0.004897 -0.008027 0.005298 4.588626 2.182488 2.347000 -0.553048 -0.011578
19  291.536562 680.471380 0.483000 -4.195279 -5.358689 0.230404 -0.472404 -0.810633 -0.007092 4.874858 2.302625 1.518000 -2.270580 0.012244
20  299.561745 684.188654 0.250683 4.422212 6.350524 -0.166531 0.279987 0.785908 -0.030453 4.950913 2.071565 1.597000 0.964412 0.045695
23  300.746346 692.665792 0.497995 -3.471692 -4.053414 0.253390 -0.302179 -0.268902 0.037098 7.030861 2.554061 2.455000 -2.250548 0.033277
25  307.130913 701.422468 -0.301637 -2.621345 -3.053635 0.127487 -0.223270 -0.234147 0.020473 2.014618 0.716830 1.839000 -2.246009 0.029527

18 14 1535657116.649423
6  315.125946 666.818862 0.936535 -1.594718 0.931335 -0.024338 0.469754 -0.093204 0.001694 4.861433 2.067487 2.000000 2.657706 -0.025155
7  348.809152 635.042332 2.083864 -0.118737 -0.026298 0.029617 -0.029881 -0.034660 -0.004914 4.201335 1.892268 1.563000 -2.235261 0.064831
8  273.529616 680.423422 1.679595 -5.378904 2.084017 0.085808 -0.455239 0.939936 -0.008284 13.925621 3.081981 3.606000 -3.029719 2.126287
9  319.169049 670.067521 0.173725 -0.065701 0.008428 0.056732 -0.015523 -0.011498 0.036788 0.559475 1.249044 0.550244 -1.334600 0.019562
11  347.866745 647.084969 1.922633 -0.117599 0.520324 -0.003226 -0.053511 0.240627 -0.018819 5.427578 2.087023 1.996000 2.782385 0.034812
12  323.341910 661.033725 1.885727 -2.507226 0.511603 -0.010779 0.385296 -0.248226 0.001364 8.722332 2.779668 3.078000 2.904421 0.047406
16  317.823883 671.744432 0.634690 -0.030923 -0.034623 0.020950 -0.006565 -0.025983 -0.007720 0.431698 0.506398 1.312000 -1.776234 0.023963
18  321.183310 668.299268 1.014621 0.001589 -0.095774 0.029398 0.004544 -0.060605 0.004594 4.612776 2.150509 2.347000 -0.550940 -0.006280
19  289.313829 677.692553 0.571989 -4.432340 -5.610610 0.204371 -0.473619 -0.749766 -0.016748 4.809607 2.317506 1.518000 -2.263885 0.012620
20  301.769270 687.262428 0.176959 4.565120 6.618733 -0.166618 0.274633 0.720179 -0.023938 4.906487 2.086017 1.597000 0.942659 0.015793
23  299.012334 690.106025 0.615611 -3.573216 -4.498705 0.253165 -0.274749 -0.439764 0.026220 7.067116 2.636466 2.455000 -2.206734 0.051330
25  305.724181 699.736454 -0.223488 -2.717166 -3.203422 0.149029 -0.215531 -0.276418 0.024949 2.011360 0.781009 1.839000 -2.185171 0.057754
26  331.133295 641.169868 1.430933 0.119130 -0.072498 0.008301 0.138143 -0.100144 0.000902 4.519195 2.027090 1.723000 2.481864 -0.004041
27  308.462830 700.207249 -0.384644 -3.292375 -4.119292 0.107086 0.030727 -0.116021 0.010427 4.642911 1.907141 2.000000 -2.314784 -0.002225

19 14 1535657117.149304
7  348.478706 634.610302 2.089551 -0.199388 -0.206316 0.021524 -0.065388 -0.101703 -0.006713 4.263502 1.852952 1.563000 -2.217977 0.055474
8  270.898274 682.032505 1.702454 -5.494296 2.757728 0.068051 -0.410009 1.025347 -0.012809 13.970783 3.023365 3.606000 3.052236 1.278482
9  319.193775 670.035974 0.171667 -0.051617 -0.006832 0.045994 -0.003600 -0.017894 0.027109 0.554558 1.205386 0.539371 -1.350034 0.002653
11  347.567733 646.710156 1.923087 -0.292406 0.192669 -0.007858 -0.112643 0.061729 -0.017232 5.403854 2.104513 1.996000 2.807114 0.039726
12  321.730831 661.367263 1.868613 -3.119357 0.555082 -0.019141 0.101819 -0.187588 -0.001641 8.647772 2.799972 3.078000 2.910752 0.035759
16  317.707692 671.907881 0.646958 -0.077589 0.059049 0.019823 -0.026363 0.017490 -0.006797 0.447501 0.514816 1.312000 -1.845519 -0.030538
18  321.124277 668.314301 1.027737 -0.032475 -0.029970 0.029595 -0.011020 -0.028043 0.003852 4.513174 2.137602 2.347000 -0.578998 -0.022992
19  287.083202 674.969106 0.653374 -4.618076 -5.847161 0.181405 -0.449200 -0.683596 -0.022500 4.856978 2.411050 1.518000 -2.306721 -0.020338
20  304.049185 690.370064 0.003783 4.572923 6.536762 -0.251261 0.227656 0.548848 -0.052582 4.927432 2.058077 1.597000 0.889069 -0.025441
23  297.814830 687.962135 0.730700 -3.210163 -4.560822 0.248566 -0.051150 -0.369291 0.016787 7.091020 2.687117 2.455000 -2.250883 0.004603
25  304.018842 698.087041 -0.145564 -3.345400 -3.663669 0.159053 -0.548873 -0.453809 0.023588 2.044826 0.812296 1.839000 -2.270443 -0.016861
26  330.639625 641.682813 1.435904 -0.429667 0.481866 0.009481 -0.385702 0.412315 0.001191 4.474257 2.002757 1.723000 2.463371 -0.014150
27  306.489447 698.567051 -0.235304 -3.558240 -3.957901 0.257369 -0.228872 0.132997 0.040858 4.625329 1.958330 2.000000 -2.303157 0.004112
29  311.878561 695.097538 -0.220012 -0.700882 -1.112920 0.075934 0.207544 -0.183459 0.007330 0.627516 0.611990 1.753400 -2.246240 0.009918

20 15 1535657117.649169
7  348.364399 634.484400 2.098807 -0.232074 -0.257154 0.018169 -0.065388 -0.101703 -0.006713 4.263502 1.852952 1.563000 -2.190247 0.055474
8  268.332050 683.153965 1.782320 -5.790768 2.899320 0.098233 -0.417227 0.874546 -0.000678 13.905831 3.254429 3.606000 2.945951 0.777602
9  319.315862 670.127643 0.169431 -0.011515 0.022781 0.036042 0.021811 0.000858 0.019316 0.522370 1.227932 0.531760 -1.392285 -0.026631
11  347.458795 646.027445 1.924291 -0.151690 -0.166850 -0.009721 -0.061542 -0.095779 -0.014994 5.408469 2.147760 1.996000 2.872256 0.070157
12  319.830995 661.812255 1.850471 -3.525903 0.575863 -0.026127 -0.068081 -0.137496 -0.003686 8.639224 2.751837 3.078000 2.918186 0.028743
16  317.458778 671.987169 0.658934 -0.141624 0.082406 0.019156 -0.058099 0.024887 -0.005885 0.493858 0.519177 1.312000 -1.825119 -0.006571
18  320.953735 668.410765 1.040760 -0.081012 0.018805 0.029463 -0.036327 -0.001078 0.003146 4.536762 2.113328 2.347000 -0.525610 0.020608
19  284.959051 672.195091 0.734284 -4.808427 -5.931867 0.166250 -0.416351 -0.584372 -0.023942 4.779486 2.425899 1.518000 -2.233133 0.035944
20  306.371873 693.142828 -0.198403 4.569759 6.340464 -0.331092 0.189848 0.351813 -0.072340 4.985551 2.127345 1.597000 0.882833 -0.021086
23  295.459167 685.447326 0.810852 -4.116454 -5.241436 0.210828 -0.363781 -0.525463 -0.005208 7.128916 2.647686 2.455000 -2.232323 0.015524
25  302.372553 696.054686 -0.069274 -3.480017 -3.919902 0.161855 -0.465276 -0.476768 0.018400 2.125481 0.814577 1.839000 -2.322617 -0.046048
26  330.610817 641.014153 1.440147 -0.148684 -0.183087 0.009250 -0.114455 -0.159257 0.000733 4.498191 2.034621 1.723000 2.389329 -0.058018
27  304.958724 696.081502 -0.075454 -3.412881 -4.291808 0.303957 -0.037154 -0.174412 0.051174 4.644412 1.999057 2.000000 -2.303619 0.002562
29  311.279499 694.322825 -0.200951 -0.930770 -1.217803 0.047666 -0.082412 -0.232409 0.000693 0.633399 0.672447 1.792880 -2.262745 -0.000810
31  311.217962 695.297361 -0.271985 -0.806478 -0.924334 0.018634 0.069579 0.060410 0.001767 0.546626 0.572989 1.697000 -2.287104 0.015670

21 18 1535657118.149616
7  348.233905 634.333384 2.106426 -0.264797 -0.308051 0.014809 -0.065388 -0.101703 -0.006713 4.263502 1.852952 1.563000 -2.162485 0.055474
8  264.880750 684.399453 1.792657 -6.593945 2.711188 0.068800 -0.641011 0.619983 -0.010304 13.938035 3.177307 3.606000 2.851499 0.452170
9  319.086311 670.433726 0.167343 -0.028539 0.048572 0.027381 0.000800 0.024917 0.013252 0.551742 1.197559 0.526432 -1.391895 -0.017400
11  347.852439 646.527157 1.926021 0.037065 0.061152 -0.009788 0.033139 0.028616 -0.012534 5.428130 2.154884 1.996000 2.800154 -0.001990
12  317.454031 662.360678 1.766974 -4.676159 0.985849 -0.080352 -0.487977 0.046553 -0.021014 8.625674 2.738079 3.078000 2.911136 0.014319
16  317.632938 672.082983 0.666283 -0.028456 0.034307 0.015494 0.005292 0.005485 -0.006123 0.490274 0.446264 1.312000 -1.825371 -0.004528
18  321.094878 668.442435 1.053725 -0.013110 0.025854 0.029135 0.003054 0.002639 0.002506 4.512272 2.124620 2.347000 -0.500176 0.030783
19  282.291530 669.130219 0.815172 -5.075827 -6.099753 0.156627 -0.445433 -0.544007 -0.023111 4.801564 2.439035 1.518000 -2.264685 0.002607
20  308.700468 696.393118 -0.379976 4.664768 6.516527 -0.367294 0.189848 0.351813 -0.072340 4.985551 2.127345 1.597000 0.872280 -0.021086
23  293.481497 682.856714 0.882057 -4.193605 -5.336934 0.177954 -0.313674 -0.450792 -0.018196 7.111111 2.762985 2.455000 -2.210132 0.025227
25  300.726964 694.133456 0.006885 -3.357544 -3.794893 0.161981 -0.287968 -0.299462 0.013578 2.075477 0.828029 1.839000 -2.305060 -0.018779
26  330.916115 641.092220 1.444158 0.024437 -0.024316 0.008789 0.029961 -0.022747 0.000257 4.488412 2.070644 1.723000 2.433118 -0.009359
27  303.292406 694.213929 0.082952 -3.408381 -4.147630 0.324193 -0.020741 -0.030001 0.048209 4.625624 1.965830 2.000000 -2.321180 -0.009803
29  310.966008 693.784864 -0.189097 -0.842731 -1.145043 0.033555 0.013377 -0.105946 -0.004982 0.669025 0.725228 1.820516 -2.225441 0.022463
30  313.745199 667.217050 0.893087 -0.692485 0.308024 -0.057132 -0.097692 0.077430 -0.008944 4.913541 2.070647 2.000000 2.703445 -0.004961
31  310.622634 694.661158 -0.244748 -0.992160 -1.093174 0.046785 -0.120657 -0.111336 0.007394 0.552570 0.631511 1.697000 -2.342063 -0.015922
33  348.866230 634.747676 2.099507 -0.016758 -0.013679 0.004662 -0.017818 -0.014082 0.000433 4.039717 1.802428 1.563000 -2.329560 0.011394
34  288.648671 669.723029 1.073627 4.680896 6.000046 -0.049697 0.186998 0.190480 -0.004619 5.711040 2.557280 2.229000 0.900013 -0.009595

22 17 1535657118.649480
8  261.213664 685.775047 1.786740 -6.852222 2.795759 0.035138 -0.624913 0.518766 -0.019851 13.987361 3.185230 3.606000 2.861250 0.308249
9  319.123701 670.335488 0.165562 -0.005331 0.009614 0.020057 0.012819 -0.002853 0.008582 0.486582 1.192533 0.522702 -1.335205 0.026113
11  347.893918 646.489818 1.928050 0.023555 0.015025 -0.008657 0.022138 0.002343 -0.010057 5.406793 2.075774 1.996000 2.783156 -0.012639
12  314.974970 662.982886 1.661977 -4.863963 1.215867 -0.135944 -0.465622 0.139348 -0.036110 8.601605 2.749262 3.078000 2.843540 -0.035427
16  317.733946 672.003610 0.671369 -0.006454 0.003645 0.011501 0.018793 -0.013247 -0.006435 0.479372 0.431155 1.312000 -1.827962 -0.004746
18  321.262875 668.598651 1.066655 0.015845 0.051836 0.028698 0.020560 0.017827 0.001937 4.525040 2.177997 2.347000 -0.660724 -0.086295
19  279.698425 665.978114 0.896568 -5.274336 -6.359843 0.151706 -0.434213 -0.538506 -0.020817 4.806460 2.363789 1.518000 -2.213205 0.035998
20  311.076331 699.732245 -0.580382 4.759666 6.692386 -0.403454 0.189848 0.351813 -0.072340 4.985551 2.127345 1.597000 0.861740 -0.021086
23  291.338923 680.354361 0.914406 -4.173911 -5.347871 0.123492 -0.236547 -0.346480 -0.036218 7.130259 2.668587 2.455000 -2.226508 0.005939
25  298.903108 692.170697 0.082011 -3.375063 -3.792420 0.160052 -0.233062 -0.228150 0.009398 2.038533 0.867594 1.839000 -2.351269 -0.043269
26  330.731761 640.864573 1.448106 -0.017414 -0.051620 0.008400 -0.011331 -0.042933 -0.000019 4.454786 2.040379 1.723000 2.443135 0.000400
27  301.658414 692.071039 0.239358 -3.400558 -4.163771 0.330379 -0.007125 -0.034203 0.037822 4.540351 1.940738 2.000000 -2.292685 0.012259
29  310.513470 693.436828 -0.177281 -0.840033 -1.053015 0.026929 0.009280 -0.011721 -0.007298 0.684998 0.717160 1.839861 -2.230930 0.011620
30  313.729429 667.218242 0.891510 -0.152759 0.067992 -0.027041 0.557547 -0.232906 0.004997 4.909700 2.110064 2.000000 2.659018 -0.030527
31  310.050860 694.136023 -0.216488 -0.935567 -1.020448 0.054235 -0.052256 -0.032480 0.008908 0.529357 0.593792 1.697000 -2.328268 -0.002663
33  348.892778 634.505280 2.106265 -0.000496 -0.170377 0.010973 0.006948 -0.161338 0.001688 4.075174 1.978544 1.563000 -2.337782 0.005141
34  290.617310 672.518563 0.985195 4.511514 5.938079 -0.149079 -0.102840 0.017164 -0.025270 5.713461 2.549879 2.229000 0.909257 -0.002649

23 16 1535657119.149935
8  257.638943 687.294979 1.799704 -7.164963 3.055378 0.025204 -0.624913 0.518766 -0.019851 13.987361 3.185230 3.606000 3.015515 0.308249
9  319.263343 670.099024 0.164054 0.021603 -0.032384 0.014174 0.027921 -0.031154 0.005176 0.499684 1.215746 0.520092 -1.339994 0.014212
11  348.019413 645.901527 1.929552 0.033113 -0.088287 -0.007546 0.025857 -0.063724 -0.008001 5.404149 1.996471 1.996000 2.811999 0.010798
12  312.317352 663.714594 1.552799 -5.133709 1.314588 -0.178619 -0.486433 0.155774 -0.044342 8.639104 2.748716 3.078000 2.801114 -0.051885
16  317.801755 671.994570 0.675914 -0.000168 -0.000518 0.008497 0.020553 -0.012556 -0.006363 0.431089 0.437383 1.312000 -1.817003 0.004140
18  321.405426 668.525493 1.079565 0.021926 0.024189 0.028227 0.024078 -0.001113 0.001454 4.477780 2.176586 2.347000 -0.628235 -0.035862
19  277.483822 663.512786 0.979534 -4.948331 -5.859155 0.150439 -0.224293 -0.237859 -0.017707 4.776230 2.316101 1.518000 -2.173955 0.050149
23  289.494100 677.569872 1.035746 -4.333631 -5.656188 0.161671 -0.240363 -0.405557 -0.015268 7.067137 2.739472 2.455000 -2.215635 0.011204
25  297.390469 690.521289 0.188256 -3.295977 -3.741377 0.186597 -0.134693 -0.139763 0.018830 2.092384 0.873034 1.839000 -2.312434 -0.002963
26  330.678763 640.927507 1.452056 -0.017137 -0.016869 0.008150 -0.010705 -0.010803 -0.000135 4.432643 1.977577 1.723000 2.428402 -0.009546
27  299.404995 689.671979 0.311338 -3.600774 -4.290781 0.245203 -0.128554 -0.102060 -0.017647 4.516486 1.945189 2.000000 -2.233943 0.047249
29  310.174550 692.824980 -0.165918 -0.801222 -1.094781 0.022839 0.030246 -0.033667 -0.007551 0.709145 0.755740 1.853403 -2.221368 0.014099
30  314.063486 667.235047 0.897516 0.095178 -0.011112 -0.004648 0.546227 -0.196874 0.016106 4.901241 2.064948 2.000000 2.697580 0.004448
31  309.730157 693.830553 -0.187884 -0.861781 -0.977008 0.058030 0.011608 0.011006 0.008538 0.565919 0.628312 1.697000 -2.246471 0.051340
33  349.222125 634.881395 2.113668 0.117537 0.085875 0.013538 0.093031 0.079278 0.002284 4.026769 1.973442 1.563000 -2.316882 0.015324
34  293.009177 675.543671 0.889380 4.638214 6.083706 -0.179845 0.025914 0.111752 -0.032502 5.728087 2.538753 2.229000 0.949705 0.022852

24 16 1535657119.649820
8  253.912021 688.942906 1.807688 -7.477347 3.314702 0.015281 -0.624913 0.518766 -0.019851 13.987361 3.185230 3.606000 3.169604 0.308249
9  318.981874 670.151136 0.162848 -0.027658 -0.011326 0.009633 -0.012579 -0.012189 0.002796 0.506457 1.214199 0.518264 -1.350875 0.002199
11  347.843177 646.117258 1.931675 -0.008352 -0.014979 -0.005725 -0.005528 -0.007723 -0.006057 5.450006 1.943418 1.996000 2.718577 -0.055210
12  310.861923 664.585659 1.569978 -3.774049 1.341197 -0.113126 0.177276 0.143110 -0.015071 8.634900 2.760852 3.078000 2.791532 -0.040961
16  317.845301 671.890925 0.681235 -0.001113 -0.016043 0.007234 0.017591 -0.021109 -0.005723 0.447599 0.441427 1.312000 -1.820560 0.000382
18  321.174160 668.392763 1.092463 -0.032957 0.001072 0.027786 -0.014552 -0.016758 0.001063 4.463598 2.125611 2.347000 -0.576194 0.010874
19  274.958088 660.528591 1.050621 -5.060451 -5.978057 0.141588 -0.224293 -0.237859 -0.017707 4.776230 2.316101 1.518000 -2.148886 0.050149
23  287.183962 674.699696 1.187256 -4.468022 -5.801078 0.213445 -0.250530 -0.378521 0.005825 7.120937 2.689674 2.455000 -2.147577 0.052924
25  295.745339 688.579959 0.302698 -3.269179 -3.750696 0.210500 -0.092354 -0.115423 0.024563 2.095728 0.859365 1.839000 -2.261607 0.031976
26  331.061557 640.925683 1.456019 0.050850 -0.008816 0.008010 0.042183 -0.004270 -0.000166 4.489662 1.921715 1.723000 2.413604 -0.016243
27  297.128818 687.079196 0.359740 -4.068846 -4.886194 0.168987 -0.312357 -0.342178 -0.049778 4.529706 1.938073 2.000000 -2.279653 0.000964
29  309.947762 692.376188 -0.136216 -0.726514 -1.073613 0.039396 0.066198 -0.010741 0.003255 0.721492 0.779772 1.862882 -2.215032 0.013625
30  313.762361 667.144226 0.904818 0.044925 -0.050507 0.009597 0.288515 -0.158412 0.019682 4.787497 2.177084 2.000000 2.725272 0.021338
31  309.157285 693.060670 -0.160312 -0.850781 -1.059517 0.058695 0.006890 -0.049813 0.006457 0.547951 0.665572 1.697000 -2.176393 0.080794
33  349.072166 634.973107 2.106014 0.012889 0.070599 -0.000575 -0.000714 0.048601 -0.005103 4.187940 2.073993 1.563000 -2.399422 -0.038644
34  295.567763 678.701677 0.794506 4.692859 6.139843 -0.193309 0.062916 0.117094 -0.030949 5.647109 2.544133 2.229000 0.913935 -0.007882

25 15 1535657120.149686
9  318.962191 670.290501 0.161920 -0.034864 0.028871 0.006237 -0.013102 0.014211 0.001197 0.501628 1.241008 0.516985 -1.348646 0.002954
11  348.029215 645.909757 1.934015 0.049012 -0.081076 -0.003796 0.028708 -0.043159 -0.004404 5.396329 1.997879 1.996000 2.722734 -0.033976
12  309.149166 665.342843 1.631499 -3.639417 1.431301 -0.029506 0.201009 0.152687 0.015331 8.630922 2.728246 3.078000 2.821796 -0.007031
16  317.563193 672.173778 0.686197 -0.081827 0.066090 0.006381 -0.033497 0.031792 -0.005053 0.468957 0.437007 1.312000 -1.804007 0.011323
18  320.964066 668.475360 1.105369 -0.099816 0.019619 0.027393 -0.048373 -0.001476 0.000755 4.498864 2.147044 2.347000 -0.625151 -0.025499
19  272.376365 657.485033 1.117277 -5.172567 -6.096954 0.132737 -0.224293 -0.237859 -0.017707 4.776230 2.316101 1.518000 -2.123818 0.050149
23  284.526369 672.144583 1.308275 -4.708339 -5.854192 0.226477 -0.316457 -0.300559 0.009313 7.119142 2.696761 2.455000 -2.259926 -0.039894
25  294.157960 686.969587 0.418647 -3.293665 -3.715867 0.226916 -0.079871 -0.062146 0.026097 2.071578 0.872751 1.839000 -2.187382 0.070922
26  330.956909 640.889881 1.460792 0.026494 -0.020827 0.008623 0.015546 -0.010059 0.000109 4.554460 1.905061 1.723000 2.437885 0.005423
27  294.948639 684.300690 0.445008 -4.251440 -5.149378 0.155322 -0.326347 -0.390900 -0.044957 4.488284 1.965782 2.000000 -2.218147 0.041765
29  309.642178 692.012810 -0.102086 -0.669924 -0.981039 0.054145 0.077526 0.036468 0.009504 0.779287 0.748298 1.869517 -2.206248 0.014944
30  313.937966 667.030928 0.911557 0.225250 -0.151179 0.016767 0.314620 -0.173948 0.018263 4.831531 2.164145 2.000000 2.699922 -0.002698
31  308.747727 692.394881 -0.132384 -0.842323 -1.128671 0.058973 0.010065 -0.077836 0.004888 0.576902 0.701703 1.697000 -2.124086 0.088750
33  349.287731 634.881932 2.092484 0.116141 0.026689 -0.015068 0.058979 0.009306 -0.011434 4.124174 2.148166 1.563000 -2.301484 0.033212
34  297.593149 681.859325 0.697603 4.595668 6.221915 -0.201497 -0.020967 0.132444 -0.026730 5.636073 2.622241 2.229000 0.941065 0.012747

26 17 1535657120.649535
9  318.941783 670.308165 0.165309 -0.041413 0.035975 0.006835 -0.013102 0.014211 0.001197 0.501628 1.241008 0.516985 -1.347170 0.002954
11  348.411331 646.566513 1.936407 0.143621 0.155345 -0.002030 0.081339 0.092203 -0.003086 5.510717 2.138629 1.996000 2.765699 0.006267
12  307.990689 665.857999 1.704601 -2.728684 1.235725 0.041412 0.484357 0.055122 0.036339 8.601985 2.712943 3.078000 2.760464 -0.045844
16  317.555982 672.004648 0.691129 -0.055153 -0.013589 0.006024 -0.017374 -0.013606 -0.004333 0.475374 0.392465 1.312000 -1.850682 -0.023809
18  321.099374 668.468592 1.118285 -0.023920 0.014378 0.027059 -0.002966 -0.004430 0.000519 4.494840 2.085778 2.347000 -0.618207 -0.012281
19  269.739837 654.383365 1.179597 -5.284680 -6.215848 0.123886 -0.224293 -0.237859 -0.017707 4.776230 2.316101 1.518000 -2.098751 0.050149
23  282.253353 668.763791 1.416949 -4.825501 -6.008334 0.226027 -0.292856 -0.330101 0.007590 7.125388 2.698431 2.455000 -2.282646 -0.041760
25  292.572966 685.102655 0.534098 -3.258029 -3.727499 0.236838 -0.050599 -0.055083 0.024994 2.061697 0.875287 1.839000 -2.271776 -0.009530
26  331.083139 640.564635 1.465027 0.091705 -0.189881 0.008595 0.042385 -0.086701 0.000079 4.500221 1.947735 1.723000 2.432353 -0.000110
27  292.623673 681.156536 0.543874 -4.766383 -5.889798 0.159918 -0.441421 -0.591449 -0.034303 4.580635 2.005268 2.000000 -2.206173 0.035789
29  309.036083 691.290414 -0.067342 -0.750424 -1.082217 0.063894 0.019108 -0.016518 0.011647 0.768349 0.728587 1.874162 -2.189024 0.021491
30  314.121608 667.380508 0.918312 0.243110 0.019549 0.020348 0.260660 -0.029766 0.015624 4.825442 2.126559 2.000000 2.691949 -0.007143
31  308.279324 691.796826 -0.105222 -0.865334 -1.176716 0.058127 -0.003823 -0.082362 0.003324 0.576848 0.723314 1.697000 -2.096686 0.077370
33  348.802969 634.687719 2.078243 -0.146741 -0.071954 -0.024739 -0.088390 -0.043956 -0.013438 4.096972 1.884560 1.563000 -2.292171 0.028701
34  299.787975 684.832138 0.601689 4.527355 6.188904 -0.203818 -0.050225 0.082252 -0.020852 5.644187 2.578573 2.229000 0.923012 -0.003617
38  288.141662 669.101579 0.723597 4.688880 5.563297 -0.086973 0.059978 -0.035306 -0.008371 4.341621 1.893762 1.547000 0.831582 0.000754
39  245.771505 691.792580 1.830029 -8.165927 3.186822 0.018647 -0.204179 0.212288 0.001795 13.803444 3.319113 3.606000 2.782938 0.039724

27 17 1535657121.149429
9  318.918130 670.329350 0.168996 -0.047962 0.043079 0.007433 -0.013102 0.014211 0.001197 0.501628 1.241008 0.516985 -1.345693 0.002954
11  348.219696 646.552168 1.937235 0.025770 0.091006 -0.001668 0.011558 0.051635 -0.002454 5.562476 2.191743 1.996000 2.681082 -0.052664
12  307.072396 666.669485 1.613238 -2.315510 1.355415 -0.030652 0.562294 0.097103 0.006400 8.552035 2.687183 3.078000 2.766061 -0.026695
16  317.629794 672.003749 0.696880 -0.015292 -0.009978 0.006646 0.005442 -0.009937 -0.003408 0.475925 0.408761 1.312000 -1.849414 -0.014964
18  320.982814 668.492528 1.131215 -0.056926 0.021672 0.026783 -0.021218 -0.000445 0.000341 4.539464 2.169788 2.347000 -0.655050 -0.032901
23  279.920324 665.890348 1.406225 -5.010777 -6.011172 0.134429 -0.294337 -0.264138 -0.024278 7.130519 2.710462 2.455000 -2.291997 -0.034020
25  290.948034 683.134572 0.609910 -3.275609 -3.802081 0.211694 -0.047040 -0.076792 0.012087 2.034695 0.914956 1.839000 -2.303082 -0.027354
26  330.698581 641.120728 1.469075 -0.089130 0.104275 0.008421 -0.048009 0.059089 0.000003 4.552212 2.027916 1.723000 2.356244 -0.051186
27  289.950281 678.293259 0.647479 -5.069939 -6.107559 0.168681 -0.481666 -0.550858 -0.024742 4.567348 1.981562 2.000000 -2.215303 0.017643
29  308.839527 690.646770 -0.041693 -0.654710 -1.102814 0.062036 0.057592 -0.027747 0.008624 0.789741 0.716929 1.877414 -2.196164 0.009481
30  313.856466 667.510852 0.923958 0.083529 0.038103 0.020854 0.121138 -0.006105 0.012490 4.832493 2.089921 2.000000 2.703509 0.003017
31  308.215687 691.233941 -0.077494 -0.611030 -1.187470 0.057902 0.103295 -0.069645 0.002514 0.549546 0.710265 1.697000 -2.075416 0.065681
33  348.719246 635.041591 2.063721 -0.185190 0.146338 -0.030653 -0.085797 0.064651 -0.013066 4.152513 1.884872 1.563000 -2.367630 -0.027015
34  302.340058 688.265971 0.505617 4.716356 6.459327 -0.204116 0.040561 0.179482 -0.016023 5.654954 2.592044 2.229000 0.929713 0.002094
38  290.680679 672.111738 0.690753 4.912733 5.798770 -0.071698 0.226783 0.182478 -0.004313 4.304869 1.952580 1.547000 0.894127 0.031775
39  243.343998 693.114235 1.815190 -7.140146 2.838801 -0.015072 0.823481 -0.075121 -0.005198 13.748324 3.457971 3.606000 2.736905 0.009916
41  298.242662 688.462518 0.168527 -4.660538 -5.962735 0.103531 -0.107327 -0.162336 0.009871 4.619223 2.019644 1.488000 -2.230053 -0.001838

28 19 1535657121.649287
9  318.891288 670.353994 0.172973 -0.054511 0.050183 0.008032 -0.013102 0.014211 0.001197 0.501628 1.241008 0.516985 -1.344217 0.002954
11  348.041739 646.215496 1.937505 -0.019444 -0.021599 -0.001661 -0.016265 -0.016592 -0.002046 5.615388 2.181622 1.996000 2.685757 -0.031790
12  306.686096 666.511649 1.503832 -0.906198 0.398410 -0.099253 0.938457 -0.261556 -0.017346 8.591723 2.697412 3.078000 2.748016 -0.029861
16  317.668192 672.030290 0.692961 0.004785 -0.000115 0.000058 0.013798 -0.003019 -0.005023 0.481880 0.417350 1.312000 -1.823846 0.007290
18  321.343101 668.444633 1.144157 0.131930 -0.008279 0.026562 0.070366 -0.014095 0.000212 4.586748 2.139416 2.347000 -0.635259 -0.008499
23  277.609234 663.296860 1.356438 -5.021113 -5.862719 0.037711 -0.228002 -0.137226 -0.052318 7.095383 2.708661 2.455000 -2.318427 -0.040367
25  289.698641 681.337527 0.672495 -2.963626 -3.644108 0.182410 0.077409 -0.012100 0.000213 2.065205 0.939950 1.839000 -2.294615 -0.012446
26  330.852016 641.088049 1.473064 -0.001048 0.046398 0.008250 0.000716 0.025737 -0.000056 4.441912 2.068314 1.723000 2.315925 -0.061108
27  287.760489 675.519475 0.735444 -4.760986 -5.798506 0.163572 -0.251624 -0.309178 -0.022188 4.611681 2.049494 2.000000 -2.203787 0.019459
29  308.575241 690.113754 -0.019962 -0.659487 -1.065760 0.057106 0.047221 -0.008494 0.005222 0.836950 0.730544 1.879689 -2.153926 0.034732
30  313.968216 667.150322 0.929082 0.048700 -0.051059 0.020153 0.086634 -0.057898 0.009761 4.792701 2.073635 2.000000 2.682286 -0.012289
31  307.905756 690.553141 -0.049589 -0.678689 -1.141358 0.057787 0.063968 -0.047999 0.001975 0.596821 0.660781 1.697000 -2.104083 0.024270
33  348.651743 634.620983 2.066739 -0.074841 -0.062866 -0.018615 -0.033258 -0.035588 -0.005259 4.160945 1.924821 1.563000 -2.299081 0.024028
34  304.402573 691.021814 0.381520 4.582091 6.082386 -0.229059 -0.021416 0.009489 -0.023288 5.637528 2.584853 2.229000 0.975355 0.032120
38  292.694844 675.101357 0.596086 4.495558 5.995995 -0.142713 -0.103654 0.229713 -0.031297 4.280956 1.949613 1.547000 0.860093 0.000956
39  238.757161 694.639633 1.874081 -8.578775 2.996674 0.059239 -0.396041 0.060757 0.020967 13.581525 3.444740 3.606000 2.581183 -0.080350
40  319.118858 670.278674 0.160000 -0.034588 -0.120130 0.000000 -0.015127 -0.034212 0.000000 0.499684 1.148427 0.514000 -1.367933 -0.036082
41  296.177092 685.653291 0.247494 -4.678838 -6.003354 0.147477 -0.044225 -0.102056 0.017911 4.631943 1.973545 1.488000 -2.258577 -0.015726
42  305.318455 697.025999 -0.314478 -4.652318 -5.785649 0.103492 -0.125753 -0.188583 0.009603 4.698032 2.106466 1.614000 -2.259130 -0.024731

29 18 1535657122.149177
11  348.154126 646.181647 1.937584 0.006027 -0.017054 -0.001643 0.003765 -0.012092 -0.001698 5.626321 2.226922 1.996000 2.677802 -0.026507
12  306.354105 666.435222 1.390812 -0.679186 0.258478 -0.152556 0.833480 -0.274634 -0.032290 8.588617 2.692847 3.078000 2.812823 0.023207
16  317.592290 671.996850 0.685036 -0.006752 -0.005814 -0.007554 0.002256 -0.006282 -0.006731 0.479342 0.438621 1.312000 -1.775094 0.037312
18  321.422118 668.610354 1.157112 0.044069 0.047764 0.026388 0.026647 0.013771 0.000118 4.629512 2.092894 2.347000 -0.637622 -0.007244
23  275.046210 660.334235 1.363123 -5.135089 -5.931317 0.011557 -0.228002 -0.137226 -0.052318 7.095383 2.708661 2.455000 -2.338605 -0.040367
25  288.274868 679.582615 0.731517 -2.924444 -3.572218 0.157971 0.079012 0.019678 -0.008059 2.094806 0.957914 1.839000 -2.277124 0.003337
26  330.863511 641.133761 1.477040 0.002155 0.026275 0.008118 0.002245 0.013658 -0.000091 4.397254 2.070825 1.723000 2.396289 0.012711
27  285.443586 672.616087 0.856297 -4.686865 -5.725354 0.187091 -0.166363 -0.214969 -0.010220 4.571813 1.987983 2.000000 -2.211873 0.007603
29  308.165568 689.347846 0.000579 -0.665041 -1.144093 0.052331 0.030605 -0.050714 0.002595 0.809987 0.799465 1.881283 -2.141144 0.031684
30  313.894040 667.093226 0.934001 0.053151 -0.085931 0.018882 0.064187 -0.061323 0.007472 4.855897 2.070028 2.000000 2.773042 0.052203
31  307.553017 690.280972 -0.031867 -0.665966 -1.089662 0.049145 0.054700 -0.003458 -0.001608 0.611419 0.659226 1.697000 -2.139681 -0.007497
33  349.086274 634.962911 2.076619 0.061299 0.044217 -0.004283 0.040535 0.024433 0.001335 4.229137 1.883017 1.563000 -2.357402 -0.019304
34  306.850386 694.165328 0.249180 4.614350 6.088046 -0.251455 0.003421 0.014069 -0.027560 5.678455 2.548679 2.229000 0.912618 -0.020320
38  295.055258 678.245782 0.487643 4.504950 6.152604 -0.190814 -0.058521 0.260519 -0.049477 4.336610 1.997189 1.547000 0.889458 0.019693
39  233.847187 696.036056 1.954706 -8.927790 2.979049 0.117167 -0.509131 0.026922 0.044020 13.670674 3.358840 3.606000 2.793829 0.070576
40  319.221612 670.135165 0.160000 0.023016 -0.048941 0.000000 -0.002253 0.031379 0.000000 0.555981 1.176738 0.514000 -1.399627 -0.044405
41  293.801071 682.676530 0.326784 -4.712122 -6.016083 0.158098 -0.054494 -0.070124 0.018583 4.620058 2.007119 1.488000 -2.260004 -0.011805
42  303.131450 694.143599 -0.168147 -4.659668 -5.819383 0.251718 -0.058208 -0.125117 0.040106 4.716578 2.141838 1.614000 -2.224837 -0.001664

30 18 1535657122.649085
11  348.158015 646.170308 1.936368 0.007910 -0.023099 -0.002491 0.003765 -0.012092 -0.001698 5.626321 2.226922 1.996000 2.664551 -0.026507
12  306.397218 666.425054 1.363942 -0.140831 0.051856 -0.125940 0.893423 -0.307322 -0.017979 8.629323 2.742595 3.078000 2.736451 -0.035427
16  317.587390 672.284372 0.676852 -0.006282 0.084642 -0.013055 0.001884 0.046719 -0.007446 0.536865 0.439024 1.312000 -1.828820 -0.010928
18  321.312363 668.479553 1.166999 -0.002292 -0.007089 0.023943 -0.001430 -0.015751 -0.000720 4.608766 2.085955 2.347000 -0.613407 0.011308
23  272.426101 657.337201 1.356730 -5.249069 -5.999917 -0.014597 -0.228002 -0.137226 -0.052318 7.095383 2.708661 2.455000 -2.358785 -0.040367
25  286.760277 677.908197 0.790411 -2.926296 -3.535358 0.140166 0.059739 0.034622 -0.012680 2.080291 0.949473 1.839000 -2.246135 0.022879
26  330.817879 641.457606 1.481017 -0.006080 0.064807 0.008027 -0.003436 0.038755 -0.000106 4.446365 2.062548 1.723000 2.459298 0.050471
27  283.350833 669.747564 0.950197 -4.582831 -5.865191 0.184097 -0.076032 -0.226513 -0.009501 4.591616 2.014622 2.000000 -2.149636 0.046551
29  307.995048 688.957455 0.021637 -0.642958 -1.057351 0.049166 0.039450 0.000388 0.001052 0.763596 0.812176 1.882398 -2.086263 0.057705
30  313.893648 667.062128 0.938786 0.019029 -0.040118 0.017498 0.036740 -0.030535 0.005651 4.836831 1.966755 2.000000 2.782503 0.041115
31  307.029787 689.775515 -0.017309 -0.704173 -1.078451 0.040625 0.017623 0.003861 -0.004353 0.572058 0.608043 1.697000 -2.150364 -0.012120
33  348.924786 634.921909 2.088686 0.000860 0.017102 0.007406 0.002597 0.006787 0.005338 4.219151 1.956896 1.563000 -2.326151 0.005900
34  309.558639 697.372412 0.095736 5.016716 6.228789 -0.282899 0.192508 0.078359 -0.034136 5.668576 2.499653 2.229000 0.891252 -0.027790
38  297.370707 681.433345 0.376790 4.521496 6.081885 -0.219731 -0.032543 0.166068 -0.051897 4.307277 1.968073 1.547000 0.958343 0.058756
39  229.450026 696.631775 1.981915 -9.183373 2.736165 0.097720 -0.502280 -0.141326 0.022049 13.773576 3.255039 3.606000 2.800674 0.053203
40  319.355504 670.337394 0.160000 0.031382 0.033169 0.000000 0.005377 0.095153 0.000000 0.556054 1.237674 0.514000 -1.413594 -0.039058
41  291.493899 679.507961 0.482303 -4.711453 -6.052001 0.245516 -0.033856 -0.080210 0.062220 4.591706 1.989032 1.488000 -2.212365 0.022976
42  300.705389 691.171799 -0.011363 -4.701707 -5.840122 0.297337 -0.074079 -0.096811 0.050310 4.709258 2.134056 1.614000 -2.245961 -0.014048

31 18 1535657123.148366
11  348.162840 646.155962 1.934729 0.009789 -0.029137 -0.003339 0.003765 -0.012092 -0.001698 5.626321 2.226922 1.996000 2.651317 -0.026507
12  306.117880 666.544906 1.368494 0.172886 -0.049052 -0.081167 0.818010 -0.277390 -0.000018 8.597946 2.687202 3.078000 2.822553 0.033884
16  317.504996 672.131839 0.668908 -0.046592 0.001517 -0.016542 -0.017109 -0.002294 -0.007369 0.553189 0.450982 1.312000 -1.829857 -0.007977
18  321.019085 668.682180 1.175874 -0.096723 0.052438 0.021399 -0.052274 0.020810 -0.001450 4.589237 2.147553 2.347000 -0.628613 -0.002617
23  269.752304 654.309635 1.337272 -5.362905 -6.068432 -0.040719 -0.228002 -0.137226 -0.052318 7.095383 2.708661 2.455000 -2.378939 -0.040367
25  285.498400 676.131930 0.823999 -2.837070 -3.524223 0.108642 0.092477 0.031232 -0.021101 2.074297 0.937757 1.839000 -2.312428 -0.029020
26  330.782029 641.206171 1.485000 -0.018077 -0.009874 0.007974 -0.009120 -0.013230 -0.000106 4.443436 2.073722 1.723000 2.469473 0.040438
27  281.122087 666.855767 0.957400 -4.596337 -5.949953 0.116593 -0.062214 -0.210506 -0.030610 4.602175 2.000323 2.000000 -2.229936 -0.022594
29  307.843590 688.430779 0.042228 -0.566900 -1.056754 0.046463 0.068602 0.000597 -0.000044 0.755595 0.814397 1.883178 -2.159510 -0.010449
30  313.570671 666.995277 0.939642 -0.082987 -0.069381 0.013137 -0.025613 -0.037797 0.003171 4.857688 2.044581 2.000000 2.760012 0.012387
31  306.756896 689.423567 -0.003446 -0.656496 -0.979783 0.034227 0.035651 0.048720 -0.005812 0.592589 0.658928 1.697000 -2.135893 0.001585
33  349.122924 634.919630 2.101032 0.079086 0.015652 0.015726 0.039049 0.004494 0.007290 4.128334 2.052932 1.563000 -2.264898 0.041885
34  312.498127 700.330398 -0.063257 5.237344 6.213581 -0.307789 0.263843 0.047232 -0.036924 5.676636 2.512716 2.229000 0.860988 -0.038735
38  299.766173 684.215474 0.260784 4.563087 6.048330 -0.239784 0.000755 0.099018 -0.048780 4.253789 1.985938 1.547000 0.965764 0.044151
39  224.799918 698.236495 1.987500 -9.410617 2.788911 0.062133 -0.489490 -0.074314 -0.001566 13.565266 3.223852 3.606000 2.910255 0.104337
40  319.199632 670.230610 0.160000 -0.061171 0.000493 0.000000 -0.082934 0.020801 0.000000 0.593650 1.261561 0.514000 -1.349570 0.016317
41  288.732961 676.504225 0.609071 -4.883806 -6.077861 0.265746 -0.137309 -0.070768 0.055958 4.556794 2.008835 1.488000 -2.253085 -0.011626
42  298.333419 688.670120 0.142253 -4.741918 -5.694625 0.315407 -0.076478 0.047418 0.046375 4.738872 2.167600 1.614000 -2.221691 0.006316

32 18 1535657123.648262
11  348.168605 646.138597 1.932667 0.011672 -0.035182 -0.004187 0.003765 -0.012092 -0.001698 5.626321 2.226922 1.996000 2.638066 -0.026507
12  305.978570 666.528106 1.381810 0.367710 -0.150613 -0.040767 0.719073 -0.260243 0.013449 8.631036 2.674463 3.078000 2.814888 0.017418
16  317.542292 672.328472 0.661291 -0.007078 0.068829 -0.018458 0.000619 0.033418 -0.006780 0.482074 0.470184 1.312000 -1.783044 0.026021
18  321.022718 668.454479 1.184516 -0.056878 -0.048506 0.019385 -0.027821 -0.033094 -0.001880 4.584070 2.134084 2.347000 -0.607978 0.012069
25  283.938697 674.698559 0.850016 -2.874841 -3.342988 0.080513 0.054042 0.107013 -0.026958 2.103969 0.936121 1.839000 -2.288203 -0.003099
26  331.104134 641.197615 1.489761 0.090693 -0.008792 0.008522 0.052655 -0.010102 0.000094 4.472200 2.022295 1.723000 2.468895 0.026523
27  278.809990 663.832666 1.008597 -4.627438 -6.055185 0.101292 -0.062214 -0.210506 -0.030610 4.602175 2.000323 2.000000 -2.241231 -0.022594
29  306.824551 688.514390 0.022658 -0.784678 -0.866585 0.013927 -0.064852 0.105169 -0.010952 0.699584 0.727781 1.827325 -2.157128 -0.005359
30  313.884210 667.351473 0.939250 0.096984 0.125155 0.008816 0.059356 0.056277 0.001172 4.857667 2.055589 2.000000 2.738550 -0.006120
31  306.826454 688.601665 0.051530 -0.516290 -1.150987 0.061429 0.101983 -0.032503 0.004382 0.631463 0.644347 1.753400 -2.178504 -0.027462
33  349.436147 634.639660 2.112997 0.171237 -0.097269 0.021164 0.079412 -0.048776 0.007888 4.150707 2.122391 1.563000 -2.284552 0.016782
34  314.679467 703.583384 -0.222819 5.111213 6.307625 -0.324023 0.144093 0.079920 -0.036158 5.662529 2.471127 2.229000 0.885809 -0.009164
38  301.975130 687.512649 0.143800 4.521262 6.244199 -0.250567 -0.019109 0.167910 -0.042302 4.273350 1.976734 1.547000 0.948491 0.017835
39  219.000285 699.643158 1.986185 -10.180089 2.846756 0.031937 -0.733859 -0.042439 -0.015184 13.797735 3.491258 3.606000 2.936994 0.088623
40  319.158765 670.176616 0.160000 -0.051636 -0.015803 0.000000 -0.053853 -0.000230 0.000000 0.571045 1.206420 0.514000 -1.363744 0.001402
41  286.506895 673.617592 0.724436 -4.754026 -5.932554 0.262905 -0.045748 0.007417 0.039572 4.632819 2.040165 1.488000 -2.248370 -0.004595
42  295.573033 685.252069 0.285986 -5.275799 -6.514967 0.312638 -0.312951 -0.349671 0.031348 4.734350 2.214600 1.614000 -2.220711 0.004869
45  293.879415 675.455048 0.565865 4.568880 6.504532 -0.073185 -0.005286 -0.072053 -0.007161 4.671347 1.785371 1.482000 0.981354 0.001484

33 17 1535657124.148113
12  306.520995 666.388552 1.397174 0.504621 -0.180679 -0.009564 0.671257 -0.232565 0.021590 8.615321 2.670182 3.078000 2.823501 0.017356
16  317.792202 672.082186 0.653962 0.074530 -0.036584 -0.019260 0.044260 -0.023520 -0.005920 0.476339 0.490350 1.312000 -1.792052 0.011262
18  320.804507 668.111598 1.193179 -0.103606 -0.141062 0.017999 -0.053433 -0.082576 -0.002028 4.521869 2.190827 2.347000 -0.588878 0.020829
25  282.638759 673.149393 0.874793 -2.695806 -3.179659 0.060069 0.105258 0.145265 -0.029275 2.113954 0.969256 1.839000 -2.286076 -0.000634
26  331.050932 641.196358 1.487857 0.040218 -0.005029 0.003925 0.022108 -0.006169 -0.001450 4.479351 1.993140 1.723000 2.399154 -0.029120
27  276.482704 660.757735 1.052213 -4.658536 -6.160406 0.085991 -0.062214 -0.210506 -0.030610 4.602175 2.000323 2.000000 -2.252525 -0.022594
29  306.942460 687.604690 0.070926 -0.565873 -1.062879 0.041535 0.050913 -0.007898 0.000075 0.736812 0.754145 1.844627 -2.080666 0.047696
30  313.606144 667.352766 0.938583 -0.096668 0.104594 0.005343 -0.027782 0.037278 -0.000187 4.842995 2.110943 2.000000 2.720795 -0.015972
31  306.113505 688.201850 0.066855 -0.718597 -1.070340 0.051171 -0.010010 0.010340 0.000214 0.660707 0.670627 1.736480 -2.137361 0.009322
33  349.452571 634.423125 2.117399 0.118291 -0.146579 0.019294 0.048643 -0.067888 0.005995 4.192486 2.018476 1.563000 -2.255037 0.029870
34  317.267333 706.754572 -0.393068 5.183238 6.347573 -0.342096 0.144093 0.079920 -0.036158 5.662529 2.471127 2.229000 0.881228 -0.009164
38  304.168973 690.808476 -0.020799 4.716412 6.366430 -0.298581 0.035065 0.191193 -0.053835 4.329273 1.980584 1.547000 0.932724 0.001290
39  213.630550 701.851704 1.984003 -10.431910 3.117507 0.011581 -0.707983 0.104239 -0.020554 13.639374 3.366964 3.606000 2.970939 0.082209
40  319.274130 670.417045 0.160000 0.017612 0.091636 0.000000 0.005024 0.072504 0.000000 0.546137 1.237136 0.514000 -1.352542 0.008438
41  284.482306 671.058332 0.794051 -4.620488 -5.760562 0.214683 0.036061 0.096617 0.007179 4.652763 2.017526 1.488000 -2.274111 -0.020304
42  292.728784 681.816625 0.425974 -5.505440 -6.835709 0.304508 -0.351382 -0.409835 0.018661 4.805171 2.241109 1.614000 -2.254521 -0.019381
45  296.189831 678.966262 0.461574 4.497275 6.534229 -0.179342 -0.042968 0.033614 -0.028671 4.644363 1.751277 1.482000 1.008343 0.014513

34 17 1535657124.648599
12  306.924642 666.245777 1.397246 0.840575 -0.297074 0.001241 0.671257 -0.232565 0.021590 8.615321 2.670182 3.078000 2.832187 0.017356
16  317.679781 671.966372 0.646841 0.010798 -0.055953 -0.019334 0.006602 -0.032860 -0.004962 0.496645 0.501245 1.312000 -1.819431 -0.010919
18  320.932174 668.534472 1.201938 -0.025240 0.037421 0.017139 -0.007304 0.023752 -0.001977 4.490989 2.172498 2.347000 -0.610069 -0.000411
25  281.171461 671.406674 0.913436 -2.690965 -3.253638 0.056800 0.079229 0.087731 -0.025501 2.111482 0.972360 1.839000 -2.276749 0.005845
26  330.670137 641.222261 1.483733 -0.089625 0.006109 -0.001127 -0.052060 0.001384 -0.002884 4.470963 2.026719 1.723000 2.424018 -0.002623
29  306.595221 686.768933 0.111942 -0.621948 -1.189024 0.056790 0.019563 -0.069219 0.005123 0.717621 0.742996 1.856739 -2.103943 0.016020
30  313.663124 667.458843 0.937969 -0.012874 0.075016 0.002796 0.004424 0.029566 -0.001002 4.831051 2.147563 2.000000 2.703789 -0.022027
31  305.480981 687.525198 0.109831 -0.900951 -1.159065 0.064363 -0.079306 -0.026350 0.004563 0.590854 0.695434 1.724636 -2.050850 0.064310
33  349.144169 634.268551 2.118352 -0.039295 -0.154836 0.015064 -0.027839 -0.066812 0.003674 4.120419 2.133002 1.563000 -2.351531 -0.039308
34  319.893905 709.949432 -0.572421 5.255355 6.387572 -0.360193 0.144093 0.079920 -0.036158 5.662529 2.471127 2.229000 0.876642 -0.009164
38  306.787109 693.745224 -0.198761 4.900855 6.294509 -0.339657 0.104107 0.119171 -0.059395 4.323214 1.984925 1.547000 0.927073 -0.002940
39  209.609008 703.644417 1.983580 -10.033706 3.285414 -0.000023 -0.389775 0.153178 -0.021062 13.597738 3.433982 3.606000 -3.130029 0.169780
40  318.874313 669.977515 0.160000 -0.130422 -0.099834 0.000000 -0.088315 -0.058858 0.000000 0.501349 1.307196 0.514000 -1.340055 0.013989
41  282.071934 668.124874 0.851535 -4.666214 -5.786770 0.171461 0.007219 0.067141 -0.012902 4.641459 2.004249 1.488000 -2.244582 0.006359
42  289.994984 678.219862 0.564983 -5.547144 -6.995695 0.296908 -0.298623 -0.400569 0.010583 4.785541 2.239004 1.614000 -2.229766 0.003755
45  298.404786 681.976463 0.350347 4.451026 6.298229 -0.211487 -0.060978 -0.150401 -0.035687 4.591068 1.822972 1.482000 0.993327 0.000808
47  348.035437 645.951394 1.938000 0.464730 0.013656 0.000000 0.612643 0.025148 0.000000 5.568140 2.077556 1.996000 2.933232 0.071830

35 18 1535657125.148970
12  307.493455 666.045779 1.402634 1.176453 -0.413443 0.012044 0.671257 -0.232565 0.021590 8.615321 2.670182 3.078000 2.840872 0.017356
16  317.541591 672.158250 0.645237 -0.023358 0.016844 -0.014928 -0.013174 0.009946 -0.002681 0.480969 0.473607 1.312000 -1.786284 0.015050
18  321.029025 668.338537 1.210786 0.001427 -0.026856 0.016683 0.008699 -0.015138 -0.001800 4.505220 2.097200 2.347000 -0.643887 -0.023019
25  279.931095 669.629999 0.957568 -2.606327 -3.295045 0.060081 0.099734 0.048856 -0.020191 2.104404 0.937649 1.839000 -2.242992 0.026582
26  330.834971 641.199969 1.479818 -0.001990 -0.001441 -0.004610 -0.000239 -0.002205 -0.003559 4.506983 2.012457 1.723000 2.414666 -0.008030
29  306.244426 686.352079 0.148801 -0.685918 -1.112945 0.064858 -0.009012 -0.020041 0.006945 0.750136 0.746786 1.865217 -2.146400 -0.017927
30  313.853731 667.473608 0.937496 0.027289 0.021636 0.001049 0.026030 0.006479 -0.001415 4.867310 2.096802 2.000000 2.686316 -0.026366
31  305.306450 687.269207 0.161470 -0.662898 -0.994022 0.080546 0.011421 0.044112 0.009167 0.576986 0.667958 1.716345 -2.062650 0.034731
33  348.794011 634.785175 2.117868 -0.095624 0.055594 0.010589 -0.054614 0.038282 0.001663 4.096118 1.984873 1.563000 -2.321699 -0.008546
38  309.178932 696.834691 -0.319833 4.899832 6.258634 -0.318090 0.079178 0.079588 -0.040496 4.326259 1.993307 1.547000 0.906183 -0.016001
39  203.739201 704.860376 1.984027 -10.218198 2.688202 -0.006515 -0.410457 -0.074449 -0.019605 13.500429 3.681432 3.606000 3.081731 0.072598
40  319.164436 670.333965 0.160000 0.009790 0.029758 0.000000 0.005205 0.026853 0.000000 0.510252 1.224879 0.514000 -1.385388 -0.021207
41  279.826166 664.977438 0.986538 -4.653412 -5.869134 0.209982 0.014106 0.011699 0.004791 4.718547 2.009642 1.488000 -2.302891 -0.034997
42  287.715255 674.906139 0.662877 -5.249390 -6.780687 0.253874 -0.102353 -0.229398 -0.010168 4.736908 2.236698 1.614000 -2.218815 0.009856
45  300.571996 685.340802 0.207596 4.488442 6.491773 -0.260896 -0.028465 -0.004071 -0.053123 4.589446 1.916594 1.482000 0.973644 -0.012364
47  347.937050 646.292171 1.938000 0.041124 0.069515 0.000000 0.014258 0.088906 0.000000 5.621776 2.168573 1.996000 2.944690 0.056734
48  306.435047 666.131381 1.423708 -0.014035 -0.027456 0.005522 -0.000306 -0.002225 0.000516 8.697585 2.653201 3.078000 2.773456 0.007876
49  310.748966 703.524132 -0.483852 -3.774333 -4.475739 0.091803 -0.084753 -0.104547 0.008581 4.397115 2.177798 1.682000 -2.305136 -0.019497

36 17 1535657125.649405
16  317.607486 671.950283 0.645497 -0.000463 -0.025969 -0.009992 0.001929 -0.018046 -0.000580 0.420710 0.467800 1.312000 -1.848193 -0.031178
18  320.994729 668.567765 1.219704 -0.008255 0.015899 0.016524 0.001078 0.017598 -0.001552 4.577058 2.115688 2.347000 -0.587787 0.021997
25  278.417680 668.166385 1.003759 -2.699105 -3.279059 0.065627 0.041960 0.051300 -0.014954 2.093161 0.906845 1.839000 -2.240366 0.019475
26  330.810615 641.059480 1.475388 -0.005319 -0.028135 -0.007364 -0.002430 -0.017722 -0.003885 4.421461 2.033598 1.723000 2.419924 -0.001855
29  305.888281 685.754613 0.183741 -0.698052 -1.118192 0.068984 -0.012720 -0.019641 0.007163 0.741826 0.741598 1.871152 -2.132851 -0.002935
30  313.799476 667.418628 0.937159 0.007945 0.001681 -0.000059 0.008922 -0.006477 -0.001549 4.906419 2.102135 2.000000 2.718997 0.004174
31  305.102979 686.606861 0.189354 -0.602247 -1.098095 0.074174 0.035975 -0.008554 0.005500 0.564034 0.633403 1.710542 -2.089439 0.005326
33  348.660282 634.786278 2.116911 -0.151328 0.060930 0.006695 -0.068019 0.031752 0.000148 4.282229 2.084496 1.563000 -2.387899 -0.046699
38  311.989597 700.206870 -0.499823 5.388044 6.644725 -0.347461 0.286142 0.237393 -0.043735 4.313502 2.022315 1.547000 0.882752 -0.026268
39  198.530038 706.188304 1.976200 -10.423605 2.650945 -0.016326 -0.410457 -0.074449 -0.019605 13.500429 3.681432 3.606000 3.118061 0.072598
40  319.057739 670.300586 0.160000 -0.025380 0.024938 0.000000 -0.016888 0.016175 0.000000 0.504868 1.211933 0.514000 -1.342507 0.014404
41  277.500722 662.043043 1.092737 -4.646353 -5.863280 0.212380 0.014106 0.011699 0.004791 4.718547 2.009642 1.488000 -2.320405 -0.034997
42  284.989472 672.027924 0.742520 -5.121515 -6.570354 0.209815 -0.029502 -0.063881 -0.025645 4.736183 2.157480 1.614000 -2.302859 -0.049375
45  302.824837 688.768876 0.059940 4.623371 6.691135 -0.292491 0.043325 0.100040 -0.056029 4.641755 1.869405 1.482000 0.956953 -0.019306
47  348.031359 646.273631 1.938000 0.031532 0.027555 0.000000 0.007174 0.020121 0.000000 5.663746 2.206159 1.996000 2.763205 -0.079440
48  306.199271 666.511919 1.432423 -0.160289 0.223661 0.014828 -0.179665 0.307423 0.002440 8.629946 2.706910 3.078000 2.765610 0.002046
49  308.832401 701.056179 -0.354092 -3.821897 -4.659051 0.223038 -0.090410 -0.248392 0.035578 4.363436 2.115420 1.682000 -2.330358 -0.027146

37 18 1535657126.149278
16  317.607703 671.933106 0.640367 0.000501 -0.034990 -0.010282 0.001929 -0.018046 -0.000580 0.420710 0.467800 1.312000 -1.863778 -0.031178
18  320.966667 668.434117 1.228678 -0.015484 -0.022097 0.016556 -0.003323 -0.008915 -0.001282 4.489693 2.101894 2.347000 -0.588635 0.014099
25  277.078225 666.539198 1.033088 -2.678130 -3.253416 0.058152 0.041960 0.051300 -0.014954 2.093161 0.906845 1.839000 -2.230631 0.019475
26  330.943985 641.220472 1.471724 0.019210 0.012127 -0.008614 0.013461 0.009284 -0.003653 4.425907 2.044822 1.723000 2.468818 0.031367
29  305.617334 685.270956 0.230746 -0.683562 -1.117332 0.080722 -0.000165 -0.011381 0.009891 0.691977 0.734152 1.875307 -2.133609 -0.002462
30  313.805544 667.413834 0.936947 0.012412 -0.002887 -0.000700 0.008926 -0.007236 -0.001504 4.866420 2.111725 2.000000 2.718274 0.002301
31  304.759998 685.898780 0.208696 -0.606383 -1.137664 0.062629 0.025230 -0.028679 0.000719 0.576670 0.654474 1.706479 -2.107442 -0.008454
33  348.822032 635.249497 2.115922 -0.025393 0.160870 0.003668 -0.002714 0.073623 -0.000845 4.239255 2.096642 1.563000 -2.348572 -0.008066
38  314.749452 703.583574 -0.683676 5.531079 6.763391 -0.369323 0.286142 0.237393 -0.043735 4.313502 2.022315 1.547000 0.869622 -0.026268
39  193.224143 707.496133 1.963482 -10.628782 2.613730 -0.026125 -0.410457 -0.074449 -0.019605 13.500429 3.681432 3.606000 3.154351 0.072598
40  319.010668 670.310146 0.160000 -0.018844 0.011154 0.000000 -0.012305 0.007321 0.000000 0.474796 1.210592 0.514000 -1.363776 -0.004580
41  275.181415 659.114867 1.200014 -4.639302 -5.857432 0.214775 0.014106 0.011699 0.004791 4.718547 2.009642 1.488000 -2.337899 -0.034997
42  282.686673 669.018550 0.778842 -4.939924 -6.298601 0.145167 0.065894 0.077905 -0.044930 4.685479 2.152053 1.614000 -2.261273 -0.005187
45  305.335096 692.159189 -0.086647 4.719675 6.764834 -0.307619 0.086838 0.112044 -0.049162 4.534913 1.870725 1.482000 0.986965 0.007089
47  347.866154 646.175014 1.938000 -0.019535 -0.006084 0.000000 -0.037020 -0.013411 0.000000 5.660621 2.137309 1.996000 2.838009 -0.003634
48  306.013866 666.291395 1.441785 -0.084913 -0.025729 0.017682 -0.053342 -0.026668 0.003093 8.644534 2.706125 3.078000 2.760879 -0.001468
49  306.686163 698.865606 -0.216739 -3.878022 -4.533366 0.261623 -0.111238 -0.069894 0.043882 4.387697 2.097711 1.682000 -2.234670 0.039573
50  297.845295 688.750944 0.359043 -3.870984 -4.985359 0.191244 -0.677012 -0.903827 0.030673 5.760922 2.167160 2.133000 -2.217625 -0.001647

38 16 1535657126.649732
16  317.608403 671.911392 0.635086 0.001466 -0.044021 -0.010573 0.001929 -0.018046 -0.000580 0.420710 0.467800 1.312000 -1.879381 -0.031178
18  321.011123 668.317578 1.237692 -0.001100 -0.036567 0.016685 0.004945 -0.016840 -0.001024 4.499112 2.074046 2.347000 -0.576365 0.017582
25  275.747718 664.922963 1.058707 -2.657131 -3.227743 0.050669 0.041960 0.051300 -0.014954 2.093161 0.906845 1.839000 -2.220885 0.019475
26  330.814867 641.058126 1.467668 -0.019811 -0.038244 -0.009612 -0.011708 -0.020977 -0.003376 4.392468 2.083299 1.723000 2.502776 0.043566
29  305.363307 684.549334 0.281567 -0.672390 -1.150245 0.091765 0.008645 -0.030231 0.011925 0.743108 0.772577 1.878215 -2.117104 0.009387
30  313.588006 667.351917 0.936826 -0.100842 -0.037153 -0.001018 -0.045634 -0.021439 -0.001359 4.804292 2.123847 2.000000 2.672056 -0.029345
31  304.566810 685.498892 0.225427 -0.587368 -1.107779 0.051896 0.032366 -0.002578 -0.002984 0.553907 0.664233 1.703635 -2.155242 -0.037560
33  349.057816 634.910771 2.115088 0.045686 0.006361 0.001495 0.030559 -0.008874 -0.001405 4.208772 2.070314 1.563000 -2.300587 0.024051
38  317.584162 707.023643 -0.878694 5.674279 6.882196 -0.391211 0.286142 0.237393 -0.043735 4.313502 2.022315 1.547000 0.856476 -0.026268
40  319.185945 670.199855 0.160000 0.019043 -0.012292 0.000000 0.013136 -0.008436 0.000000 0.458666 1.135088 0.514000 -1.350318 0.005942
42  280.229817 665.884537 0.841025 -4.906947 -6.259614 0.122682 0.065894 0.077905 -0.044930 4.685479 2.152053 1.614000 -2.263869 -0.005187
45  307.797537 695.437522 -0.232407 4.790355 6.775694 -0.313336 0.102923 0.085328 -0.040155 4.510931 1.924849 1.482000 0.950336 -0.019737
47  348.194469 646.032753 1.938000 0.041971 -0.028598 0.000000 0.024124 -0.029430 0.000000 5.622033 2.148803 1.996000 2.735148 -0.071000
48  306.129500 666.607196 1.450217 -0.020547 0.139726 0.018005 0.018383 0.114165 0.002409 8.759871 2.716892 3.078000 2.719590 -0.027879
49  304.780015 696.430128 -0.080132 -3.846528 -4.564123 0.278687 -0.058386 -0.076099 0.041149 4.404726 2.078164 1.682000 -2.225167 0.032863
50  295.586159 686.053310 0.476697 -4.343558 -5.494352 0.224078 -0.827824 -0.967740 0.037640 5.714256 2.231291 2.133000 -2.221824 -0.003711

39 13 1535657127.150180
18  320.885261 668.320743 1.212106 -0.042748 -0.036137 -0.009085 -0.017785 -0.012277 -0.009448 4.452693 2.041983 2.347000 -0.584588 0.006200
26  330.807913 641.186418 1.464324 -0.022731 0.029968 -0.009613 -0.010367 0.014931 -0.002813 4.440936 2.065206 1.723000 2.436152 -0.015567
29  305.200342 684.146123 0.333139 -0.614025 -1.108830 0.099885 0.039375 0.001924 0.012643 0.744548 0.787195 1.880250 -2.147617 -0.014159
30  313.385267 667.145533 0.936769 -0.216351 -0.167479 -0.001121 -0.082823 -0.069433 -0.001167 4.856202 2.112741 2.000000 2.722580 0.014263
31  304.308308 684.907977 0.241700 -0.562337 -1.120442 0.043654 0.037400 -0.009059 -0.005234 0.557006 0.632287 1.701645 -2.107854 0.006699
33  349.090564 634.537833 2.114462 0.062067 -0.145174 0.000051 0.031050 -0.075391 -0.001641 4.174067 2.105346 1.563000 -2.214739 0.069667
40  319.276478 670.147905 0.160000 0.050611 -0.030570 0.000000 0.026944 -0.016201 0.000000 0.466989 1.161000 0.514000 -1.370687 -0.009668
42  277.789497 662.770075 0.891954 -4.873970 -6.220626 0.100197 0.065894 0.077905 -0.044930 4.685479 2.152053 1.614000 -2.266465 -0.005187
45  310.003053 699.011723 -0.376362 4.725273 6.906703 -0.313308 0.047508 0.127301 -0.031504 4.499380 1.918814 1.482000 0.949158 -0.013920
47  348.415523 646.187718 1.938000 0.122475 0.018665 0.000000 0.066461 0.008923 0.000000 5.590834 2.025890 1.996000 2.769121 -0.024546
48  305.692323 666.340883 1.459132 -0.340849 -0.080416 0.018520 -0.177976 -0.051071 0.002009 8.757247 2.699397 3.078000 2.787687 0.026598
49  302.954876 694.180739 0.054838 -3.831930 -4.581951 0.284471 -0.029906 -0.062933 0.032571 4.412246 2.103579 1.682000 -2.236553 0.014384
50  293.492290 682.860132 0.593739 -4.593978 -6.109694 0.238751 -0.661947 -1.100390 0.035314 5.754647 2.270274 2.133000 -2.185882 0.020932

40 14 1535657127.650049
18  320.859784 668.299843 1.205382 -0.051638 -0.042274 -0.013808 -0.017785 -0.012277 -0.009448 4.452693 2.041983 2.347000 -0.581488 0.006200
26  330.670125 641.201695 1.460507 -0.056607 0.020458 -0.009792 -0.028404 0.010829 -0.002404 4.448125 2.040633 1.723000 2.444317 -0.004885
29  304.668998 683.659763 0.365239 -0.649323 -1.004037 0.090656 0.005248 0.038738 0.007465 0.804922 0.767716 1.881675 -2.189831 -0.037694
30  313.637195 667.001021 0.936755 0.006612 -0.115051 -0.001093 0.012316 -0.052057 -0.000963 4.823295 2.117115 2.000000 2.768339 0.040137
31  304.035853 684.345810 0.262312 -0.543642 -1.124971 0.041037 0.037400 -0.009059 -0.005234 0.557006 0.632287 1.701645 -2.104505 0.006699
33  349.272894 634.572231 2.114033 0.109757 -0.083956 -0.000822 0.050578 -0.040443 -0.001658 4.201598 2.093104 1.563000 -2.242323 0.031040
40  319.311488 670.122216 0.160000 0.042265 -0.025417 0.000000 0.022129 -0.013145 0.000000 0.555222 1.166749 0.514000 -1.344777 0.010924
45  312.376044 702.493576 -0.540252 4.749021 6.970336 -0.329056 0.047508 0.127301 -0.031504 4.499380 1.918814 1.482000 0.942200 -0.013920
47  348.178784 646.358011 1.938000 -0.010027 0.066108 0.000000 -0.013958 0.037301 0.000000 5.622352 2.068208 1.996000 2.813071 0.013105
48  305.671951 666.320715 1.467324 -0.137813 -0.051246 0.017974 -0.056761 -0.028987 0.001183 8.777872 2.756844 3.078000 2.749259 -0.007980
49  300.856223 692.077838 0.188416 -3.894071 -4.505911 0.284397 -0.062661 -0.006935 0.023848 4.417989 2.047558 1.682000 -2.227529 0.015610
50  291.574378 680.106821 0.709394 -4.487280 -5.963351 0.243936 -0.346130 -0.641685 0.028090 5.660820 2.176103 2.133000 -2.245323 -0.025559
54  317.831597 672.037734 0.648000 0.078841 0.008531 0.000000 0.102721 0.011084 0.000000 0.503760 0.496124 1.312000 -1.813660 0.007668
55  291.367035 673.508034 0.991647 5.039115 6.579938 -0.069040 0.076998 0.139807 -0.006741 4.868508 2.048036 2.264000 0.910091 0.003794

41 15 1535657128.149910
18  320.829945 668.275931 1.196340 -0.060528 -0.048411 -0.018530 -0.017785 -0.012277 -0.009448 4.452693 2.041983 2.347000 -0.578389 0.006200
26  330.999675 641.071143 1.457321 0.071393 -0.027520 -0.009304 0.041557 -0.015375 -0.001843 4.556290 2.049093 1.723000 2.402340 -0.031441
29  304.357970 683.196343 0.412245 -0.609849 -0.948043 0.094388 0.018020 0.052046 0.007465 0.804922 0.767716 1.881675 -2.208673 -0.037694
30  313.684978 667.135402 0.936766 0.019921 -0.019114 -0.000993 0.016827 -0.003029 -0.000770 4.798102 2.103176 2.000000 2.711994 -0.011184
31  304.097723 683.625134 0.373289 -0.340491 -1.218166 0.099341 0.109429 -0.043683 0.013397 0.664513 0.663553 1.756651 -2.131106 -0.010511
33  348.608187 634.609646 2.113769 -0.180091 -0.042185 -0.001282 -0.088868 -0.017814 -0.001541 4.231785 2.056431 1.563000 -2.354609 -0.048266
40  319.112875 670.191639 0.160000 -0.033708 0.006348 0.000000 -0.021084 0.004973 0.000000 0.515221 1.192699 0.514000 -1.365816 -0.006875
45  314.760653 706.006604 -0.711868 4.772768 7.033969 -0.344803 0.047508 0.127301 -0.031504 4.499380 1.918814 1.482000 0.935242 -0.013920
47  348.048244 646.455724 1.938000 -0.081952 0.114593 0.000000 -0.044604 0.051381 0.000000 5.668648 2.074713 1.996000 2.788080 -0.008080
48  306.116029 666.537797 1.476106 0.153962 0.086029 0.018114 0.100380 0.045505 0.000967 8.730976 2.696348 3.078000 2.827365 0.047133
49  299.109682 689.777998 0.216161 -3.802802 -4.518760 0.181109 -0.004167 -0.013757 -0.031105 4.434499 1.989291 1.682000 -2.293545 -0.033948
50  288.942160 677.179343 0.823098 -4.848678 -6.200048 0.243157 -0.464543 -0.582425 0.020196 5.570251 2.229951 2.133000 -2.231629 -0.007813
54  318.015479 671.929373 0.648000 0.150423 -0.060203 0.000000 0.158446 -0.066588 0.000000 0.502343 0.542658 1.312000 -1.853604 -0.014145
55  293.867304 677.009355 0.894127 5.039008 6.843314 -0.167932 0.043967 0.305398 -0.026666 4.871406 2.091766 2.264000 0.871332 -0.016464
56  321.062051 668.484100 1.133277 0.013349 0.002474 -0.024158 -0.010568 -0.042467 -0.002315 4.559757 2.187108 2.347000 -0.604204 -0.005896

