1 0 1535657108.301401

2 0 1535657108.801262

3 9 1535657109.301132
3  340.369718 661.768158 0.621812 -0.097196 -0.203373 0.081796 -0.053686 -0.052650 0.012865 0.425926 0.559997 1.221000 -1.942242 -0.013515
4  324.069738 664.599223 0.401370 -0.211160 0.202087 0.010966 -0.008528 0.072360 0.001786 0.919377 0.635138 1.135000 2.541573 -0.007348
5  330.794062 640.898222 1.262350 0.192114 -0.266223 0.089491 0.044581 -0.092512 0.014137 2.179625 4.594904 1.723000 2.404746 -0.011865
6  341.215431 657.127583 1.166213 -3.165576 1.114460 -0.025024 -0.446294 0.208458 -0.003874 2.083167 4.770462 2.000000 2.881697 0.010973
7  349.286030 634.783926 1.769074 -0.239600 -0.116696 0.037626 -0.101881 -0.049549 0.005918 2.065468 4.237080 1.563000 -2.352763 -0.007237
8  298.725040 689.908660 1.008000 -2.711691 -0.989480 0.000000 -0.345294 -0.076481 0.000000 3.399697 13.994181 3.606000 -2.226938 0.000756
9  321.185752 668.007260 0.890497 0.022292 0.196834 0.009816 -0.018456 0.093065 0.001544 2.090054 4.635658 2.347000 -0.567433 -0.008554
10  345.306689 628.550462 1.843178 -0.076019 0.284473 0.112394 -0.033012 0.040429 0.017739 1.888118 3.889636 1.555000 2.395184 -0.014863
11  348.459184 645.828779 1.516817 0.580332 -0.166457 0.062165 0.123451 0.002234 0.009778 2.135252 5.550108 1.996000 2.821170 -0.018717

4 9 1535657109.801064
3  340.307709 661.653327 0.665920 -0.124036 -0.229694 0.088228 -0.053686 -0.052650 0.012865 0.425926 0.559997 1.221000 -1.948999 -0.013515
4  324.535369 664.430339 0.408768 0.476439 -0.109280 0.013631 0.201363 -0.033074 0.002324 0.881658 0.669152 1.135000 2.582138 0.019306
5  330.842107 640.995656 1.320447 0.143033 -0.006381 0.108413 0.022930 0.000347 0.017733 2.168481 4.535416 1.723000 2.388861 -0.017862
6  337.818405 658.039317 1.149510 -5.443676 1.583691 -0.030852 -1.069716 0.319193 -0.005055 2.075291 4.839825 2.000000 2.866782 -0.001318
7  349.267485 634.478760 1.793367 -0.137637 -0.424380 0.045416 -0.055497 -0.135376 0.007384 2.020747 4.219610 1.563000 -2.297398 0.028300
8  298.139528 688.301857 1.008000 -1.850797 -2.346710 0.000000 -0.031755 -0.476625 0.000000 3.406138 13.925076 3.606000 -2.277213 -0.029761
9  321.133763 668.061135 0.896835 -0.057555 0.161557 0.011848 -0.039880 0.068249 0.001926 2.100200 4.592592 2.347000 -0.540619 0.010178
10  344.725084 628.128599 1.915198 -0.738555 -0.388210 0.135016 -0.229000 -0.169775 0.021912 1.874170 3.982722 1.555000 2.429874 0.010514
11  348.372864 646.060580 1.557817 0.150539 0.214134 0.076077 -0.025659 0.117355 0.012515 2.044674 5.585752 1.996000 2.883358 0.024387

5 11 1535657110.200261
3  340.249639 661.553244 0.703191 -0.145467 -0.250712 0.093364 -0.053686 -0.052650 0.012865 0.425926 0.559997 1.221000 -1.954394 -0.013515
4  324.370048 664.357629 0.414924 0.082054 -0.151654 0.014981 0.038323 -0.043092 0.002469 0.874458 0.702046 1.135000 2.596851 0.023662
5  330.775362 640.855367 1.366099 -0.003983 -0.175028 0.114939 -0.030700 -0.057615 0.017543 2.140442 4.497483 1.723000 2.397907 -0.007804
6  335.650388 658.722117 1.133610 -5.655674 1.710781 -0.036274 -0.995872 0.319079 -0.006224 2.058794 4.862249 2.000000 2.824377 -0.027357
7  349.258325 634.425357 1.812121 -0.092878 -0.309900 0.047687 -0.032518 -0.077504 0.007151 2.006347 4.174903 1.563000 -2.329973 0.001022
8  297.592623 687.146676 1.008000 -1.622185 -2.711434 0.000000 0.051106 -0.536535 0.000000 3.265147 13.908847 3.606000 -2.240324 0.000562
9  321.090820 668.297084 0.901977 -0.090148 0.385493 0.012746 -0.045606 0.135795 0.001971 2.148774 4.601484 2.347000 -0.519270 0.020926
10  344.587443 628.141785 1.922079 -0.592735 -0.216871 0.081896 -0.147531 -0.087661 0.000666 1.961909 3.966668 1.555000 2.489333 0.044874
11  348.227623 645.996827 1.589213 -0.106208 0.055280 0.079886 -0.110311 0.046715 0.012107 2.062917 5.636739 1.996000 2.871885 0.011201
13  350.259211 652.600713 1.991164 -3.762641 1.267154 -0.001169 -0.520092 0.204436 -0.000221 2.800189 8.754855 3.078000 2.828530 0.005573
14  339.589811 659.678432 0.697958 0.065896 0.163983 0.051187 -0.002633 0.025667 0.007412 0.524587 0.603258 1.017000 2.748720 -0.028804

6 12 1535657110.651414
4  324.488369 664.106110 0.421185 0.191878 -0.390564 0.014835 0.072423 -0.123968 0.002004 0.876869 0.692991 1.135000 2.591721 0.012986
5  331.015385 640.851962 1.416016 0.294468 -0.091134 0.115918 0.084386 -0.017121 0.014987 2.133416 4.535046 1.723000 2.411590 0.003817
6  333.413769 659.522139 1.114308 -5.453274 1.808473 -0.041184 -0.755718 0.302032 -0.006998 2.070174 4.871032 2.000000 2.844165 -0.005653
7  349.169694 634.866528 1.833325 -0.158044 0.406414 0.048691 -0.051126 0.199350 0.006332 2.060145 4.205595 1.563000 -2.335930 -0.003313
8  296.729214 685.901329 1.008000 -1.777845 -2.843803 0.000000 -0.014753 -0.496113 0.000000 3.131954 13.886934 3.606000 -2.252376 -0.007751
9  321.191210 667.843166 0.907176 0.078549 -0.378442 0.012436 0.024143 -0.168300 0.001529 2.152278 4.601108 2.347000 -0.521160 0.013272
10  345.132018 629.053381 1.912586 0.400750 1.036859 0.023560 0.243107 0.388926 -0.020942 2.002675 3.871833 1.555000 2.459806 0.011254
11  348.058286 646.628192 1.624579 -0.280570 0.827835 0.081397 -0.156226 0.323643 0.010651 2.087179 5.583378 1.996000 2.834744 -0.017301
13  347.954776 653.126073 1.990940 -4.647256 1.245321 -0.000817 -0.698097 0.173197 -0.000097 2.798298 8.788529 3.078000 2.825066 0.001986
14  339.490873 659.740784 0.729760 -0.101507 0.153701 0.063871 -0.048154 0.019680 0.009970 0.540676 0.597557 1.017000 2.775113 -0.005173
15  290.173751 672.237574 0.698678 2.169456 3.710274 0.000124 0.292821 0.561232 0.002601 2.401367 5.216774 1.975000 0.903973 -0.041998
16  340.506593 661.710780 0.765402 0.148550 0.081954 0.084041 0.016797 0.015215 0.012095 0.436037 0.598669 1.221000 -1.951396 -0.000244

7 12 1535657111.149672
4  324.601953 663.880732 0.429074 0.227963 -0.452332 0.015833 0.072423 -0.123968 0.002004 0.876869 0.692991 1.135000 2.598191 0.012986
5  330.866309 640.939369 1.411463 -0.050268 0.067708 0.042755 -0.064265 0.047205 -0.016001 2.212178 4.573546 1.723000 2.469452 0.042629
6  331.030353 660.066504 1.092870 -5.193206 1.431803 -0.043670 -0.511051 0.099430 -0.006614 2.100643 4.821519 2.000000 2.842928 -0.004557
7  349.092052 634.920321 1.856432 -0.166670 0.263720 0.048517 -0.044651 0.106335 0.005053 2.055233 4.218292 1.563000 -2.336555 -0.002602
8  295.830865 684.377040 1.008000 -1.796015 -3.071671 0.000000 -0.018911 -0.488686 0.000000 3.157006 13.792403 3.606000 -2.222294 0.015791
9  321.683810 668.120807 0.913103 0.636988 0.158008 0.012405 0.234143 0.070101 0.001224 2.154991 4.600443 2.347000 -0.514095 0.013585
10  344.806626 628.795802 1.899163 -0.192987 0.167353 -0.011251 -0.031636 -0.019726 -0.030311 2.017920 3.939394 1.555000 2.476896 0.019217
11  347.896350 646.334673 1.662791 -0.338085 0.028881 0.080612 -0.148414 -0.045393 0.008310 2.092351 5.633879 1.996000 2.776222 -0.051910
13  345.459957 654.255571 1.990070 -5.002354 1.898210 -0.001399 -0.700647 0.372061 -0.000285 2.801660 8.825514 3.078000 2.831559 0.005663
14  339.442920 660.051568 0.764871 -0.107774 0.442317 0.069825 -0.041932 0.117537 0.010316 0.564417 0.581743 1.017000 2.800538 0.013535
15  292.562934 675.072700 0.607001 3.847890 5.040661 -0.113172 0.727241 0.859083 -0.029882 2.425363 5.237847 1.975000 0.954419 0.001742
16  340.731504 661.891422 0.823931 0.338914 0.258265 0.107002 0.068386 0.063044 0.016895 0.424588 0.595550 1.221000 -1.928629 0.013783

8 13 1535657111.649009
4  324.733842 663.623956 0.437480 0.264127 -0.514234 0.016834 0.072423 -0.123968 0.002004 0.876869 0.692991 1.135000 2.604675 0.012986
5  330.876461 640.866975 1.391957 -0.021000 -0.049891 -0.009349 -0.040374 -0.007761 -0.033177 2.132211 4.606301 1.723000 2.439792 0.007878
6  329.090663 660.916745 1.071640 -4.513954 1.613677 -0.044309 -0.147217 0.150913 -0.005577 2.174188 4.818686 2.000000 2.812816 -0.023544
7  348.755382 634.452594 1.879406 -0.478923 -0.432181 0.048034 -0.157549 -0.185296 0.003882 2.081489 4.142687 1.563000 -2.286186 0.032641
8  294.446533 683.092452 1.115610 -2.383189 -2.871673 0.128769 -0.243857 -0.315803 0.050138 3.112164 13.805929 3.606000 -2.259386 -0.014887
9  321.325557 668.472388 0.919084 -0.125264 0.498394 0.012396 -0.108171 0.189005 0.000983 2.145840 4.590751 2.347000 -0.492889 0.023423
10  345.013442 628.586894 1.887720 0.163450 -0.186594 -0.024313 0.113297 -0.153704 -0.029504 1.891070 3.952686 1.555000 2.468612 0.007022
11  348.116022 646.410639 1.700712 0.096966 0.093404 0.079492 0.049833 -0.011444 0.006258 2.083948 5.626498 1.996000 2.819957 -0.004398
13  342.805955 655.385576 1.989902 -5.330028 2.190869 -0.000822 -0.692072 0.413373 -0.000006 2.788259 8.718095 3.078000 2.836893 0.007352
14  339.118494 659.879440 0.798603 -0.439755 -0.003895 0.070545 -0.162166 -0.077633 0.008603 0.582315 0.603594 1.017000 2.796170 0.006036
15  294.279425 677.697989 0.492289 3.751160 5.343542 -0.188519 0.561205 0.813558 -0.051699 2.442319 5.271058 1.975000 0.934945 -0.011588
16  340.917787 662.036103 0.881574 0.373061 0.289745 0.115438 0.068386 0.063044 0.016895 0.424588 0.595550 1.221000 -1.921746 0.013783
17  317.798775 671.533309 0.410000 0.093928 -0.369805 0.000000 0.058680 -0.081508 0.000000 0.493657 0.385398 1.312000 -1.834990 0.008648

9 13 1535657112.148325
5  330.846098 640.858991 1.372988 -0.052843 -0.031304 -0.033095 -0.044903 0.000945 -0.035961 2.107684 4.560371 1.723000 2.468881 0.024819
6  326.881432 661.931512 1.056610 -4.490574 1.893144 -0.036990 -0.109662 0.230030 -0.001661 2.101709 4.836697 2.000000 2.840472 0.002997
7  348.355785 634.927727 1.902332 -0.701898 0.353081 0.047560 -0.213484 0.154941 0.002947 2.078203 4.141700 1.563000 -2.269142 0.033143
8  292.720686 681.289026 1.248769 -3.070692 -3.375671 0.220921 -0.463144 -0.450037 0.076153 3.120316 13.723517 3.606000 -2.283275 -0.025969
9  321.434334 668.072507 0.925073 0.056854 -0.235875 0.012356 -0.016645 -0.132185 0.000777 2.111745 4.545673 2.347000 -0.528327 -0.008318
10  344.994360 628.345867 1.878343 0.066474 -0.393779 -0.026996 0.053781 -0.204263 -0.024833 1.873977 3.837587 1.555000 2.468804 0.004790
11  347.837900 646.691837 1.738558 -0.281795 0.370406 0.078561 -0.106623 0.098139 0.004686 2.113443 5.607007 1.996000 2.850645 0.017747
13  340.087663 656.003164 1.971877 -5.537540 1.705466 -0.021855 -0.637815 0.141481 -0.008272 2.760393 8.702154 3.078000 2.819803 -0.006577
14  339.273454 660.059772 0.832558 -0.025262 0.198088 0.070764 0.032561 0.016985 0.007001 0.608639 0.607955 1.017000 2.810139 0.013386
15  296.768664 680.473057 0.377308 4.599312 5.635439 -0.223826 0.782506 0.769009 -0.055398 2.412059 5.253671 1.975000 0.914551 -0.021300
16  341.121112 662.196495 0.943426 0.407208 0.321224 0.123874 0.068386 0.063044 0.016895 0.424588 0.595550 1.221000 -1.914864 0.013783
17  317.964991 671.614019 0.442806 0.249637 -0.065541 0.039614 0.096982 0.023015 0.012003 0.510033 0.393058 1.312000 -1.838703 0.003810
18  324.338121 664.500311 0.513179 0.274556 0.093582 0.073168 0.047608 -0.012702 0.011562 0.803617 0.556072 1.135000 2.547236 -0.017949

10 13 1535657112.648213
5  330.808462 640.843578 1.347458 -0.075289 -0.030832 -0.051072 -0.044903 0.000945 -0.035961 2.107684 4.560371 1.723000 2.481288 0.024819
6  324.560838 662.462104 1.043111 -4.602902 1.445898 -0.031397 -0.131718 0.014405 0.000803 2.063571 4.855537 2.000000 2.819214 -0.012237
7  348.896993 634.488489 1.925260 0.314580 -0.346982 0.047153 0.217277 -0.143247 0.002226 2.068215 4.248527 1.563000 -2.335622 -0.022453
8  291.087012 680.629198 1.274978 -3.281942 -2.246177 0.136317 -0.455370 0.069418 0.029107 3.148978 13.753500 3.606000 -2.317032 -0.039878
9  321.310327 668.573419 0.931063 -0.127615 0.472471 0.012292 -0.084200 0.164817 0.000603 2.103658 4.539309 2.347000 -0.538482 -0.012333
10  344.450375 628.300724 1.870973 -0.608357 -0.255020 -0.024761 -0.215337 -0.111887 -0.019215 1.966093 3.935036 1.555000 2.381805 -0.055055
11  348.040592 645.931642 1.781576 0.104717 -0.732786 0.083964 0.062051 -0.343765 0.005860 2.129024 5.587546 1.996000 2.769772 -0.042332
13  337.535790 656.645395 1.949530 -5.408872 1.483541 -0.037134 -0.463783 0.027671 -0.012605 2.790074 8.674297 3.078000 2.801909 -0.016344
14  339.268962 660.163039 0.869681 -0.008985 0.206579 0.074263 0.032561 0.016985 0.007001 0.608639 0.607955 1.017000 2.816831 0.013386
15  298.929987 682.822069 0.267413 4.592802 5.232225 -0.232627 0.626694 0.460410 -0.047996 2.386751 5.235251 1.975000 0.916082 -0.013180
17  317.697024 672.170478 0.482248 -0.196198 0.637628 0.065339 -0.083027 0.274891 0.019186 0.486457 0.422897 1.312000 -1.864160 -0.013888
18  324.318092 664.243479 0.560723 0.094148 -0.275422 0.088699 -0.014312 -0.122666 0.014519 0.816842 0.584204 1.135000 2.571501 0.002079
19  318.971673 670.160362 0.010000 -0.260531 -0.091067 0.000000 -0.059568 -0.035523 0.000000 1.162961 0.583798 0.514000 -1.375332 -0.021506

11 11 1535657113.148632
6  323.236122 662.696440 1.029660 -3.469492 0.868854 -0.028553 0.323788 -0.207496 0.001730 2.056104 4.830759 2.000000 2.830476 -0.000627
7  348.987210 634.710771 1.949059 0.279133 0.093227 0.047846 0.162519 0.051171 0.002066 2.093262 4.193728 1.563000 -2.364962 -0.034542
8  288.935208 679.187827 1.318305 -3.978598 -2.608260 0.112735 -0.633414 -0.081295 0.014618 3.092478 13.756731 3.606000 -2.443558 -0.111043
9  320.736861 668.267175 0.937052 -0.748897 -0.137334 0.012222 -0.304161 -0.098113 0.000462 2.166634 4.521735 2.347000 -0.540328 -0.009445
10  344.660434 629.002556 1.914061 -0.042249 0.705530 0.037099 0.040599 0.274197 0.007931 2.003778 3.844885 1.555000 2.514047 0.051650
11  348.126878 645.888587 1.825867 0.157516 -0.419070 0.087852 0.070311 -0.159279 0.006223 2.071723 5.697095 1.996000 2.828937 0.011323
13  335.573959 657.339050 1.926252 -4.618379 1.431276 -0.045269 -0.071626 0.002317 -0.013306 2.747227 8.718172 3.078000 2.810794 -0.004953
15  301.424923 686.331633 0.161341 4.953609 6.385722 -0.230047 0.644948 0.817431 -0.037709 2.366141 5.260172 1.975000 0.886246 -0.028681
17  317.888089 672.050546 0.522540 0.130816 0.171473 0.078258 0.058780 0.042607 0.020463 0.520161 0.431177 1.312000 -1.833400 0.011033
18  324.080217 664.378760 0.606389 -0.246451 0.023196 0.093173 -0.135786 0.008486 0.013502 0.827497 0.605065 1.135000 2.550497 -0.012178
19  319.082119 669.785784 0.041954 0.018196 -0.495043 0.038551 0.034051 -0.152707 0.011698 1.223179 0.522478 0.514000 -1.381706 -0.018862

12 12 1535657113.648526
6  321.582656 663.078923 1.015819 -3.307632 0.765128 -0.027688 0.323788 -0.207496 0.001730 2.056104 4.830759 2.000000 2.830163 -0.000627
7  348.445738 634.862370 1.972212 -0.494088 0.227990 0.047362 -0.159660 0.092339 0.001494 2.014590 4.146612 1.563000 -2.356052 -0.017084
8  287.622676 678.683577 1.370323 -3.306962 -1.678044 0.110582 -0.260780 0.284770 0.011051 3.159982 13.817273 3.606000 -2.587336 -0.169910
9  321.070980 668.363932 0.943039 0.027966 0.038510 0.012172 0.046089 -0.013317 0.000356 2.205909 4.510803 2.347000 -0.587845 -0.037986
10  345.425404 628.608436 1.970116 0.896832 -0.122822 0.083131 0.387032 -0.089820 0.023793 1.811035 3.790986 1.555000 2.476473 0.009372
11  348.171040 646.193326 1.869332 0.130915 0.157330 0.088587 0.047028 0.088077 0.005327 2.052839 5.641249 1.996000 2.812482 -0.003427
13  332.634521 658.429852 1.904333 -5.380600 1.876620 -0.047137 -0.347164 0.170801 -0.011492 2.792829 8.768646 3.078000 2.829139 0.008932
15  303.942544 689.701103 0.055877 5.133819 6.762328 -0.226401 0.590684 0.805211 -0.029124 2.392230 5.271148 1.975000 0.954968 0.026694
17  317.762442 671.856812 0.560956 -0.084482 -0.152254 0.081567 -0.035661 -0.090565 0.017792 0.481745 0.494205 1.312000 -1.899320 -0.036463
18  323.947663 664.524143 0.651756 -0.285112 0.183959 0.094474 -0.124547 0.068695 0.011406 0.842153 0.578777 1.135000 2.529393 -0.022097
19  319.258989 670.229010 0.082039 0.223935 0.292259 0.065598 0.102800 0.161914 0.019420 1.216693 0.576177 0.514000 -1.322256 0.025668
20  300.790233 690.854435 -0.142718 -2.039878 -3.191922 0.209375 -0.324198 -0.529113 0.032948 2.267519 4.945893 1.518000 -2.275202 0.027271

13 14 1535657114.148383
6  320.010214 663.409533 1.002412 -3.145785 0.661409 -0.026823 0.323788 -0.207496 0.001730 2.056104 4.830759 2.000000 2.829849 -0.000627
7  349.147277 634.541646 1.995179 0.595736 -0.267542 0.046831 0.279285 -0.110949 0.001015 2.049282 4.173420 1.563000 -2.324938 0.009354
8  285.465617 677.909209 1.446062 -3.956680 -1.543672 0.137054 -0.455690 0.281778 0.018913 3.176405 13.837894 3.606000 -2.759943 -0.228367
9  320.991201 668.422112 0.949030 -0.073571 0.081860 0.012134 -0.000662 0.005450 0.000275 2.202620 4.487060 2.347000 -0.589679 -0.026549
10  345.134115 628.599603 2.025412 0.100680 -0.078965 0.104252 0.015644 -0.056512 0.027256 1.762744 3.800468 1.555000 2.452080 -0.010015
11  348.347634 646.085055 1.913277 0.272052 -0.045871 0.089277 0.091173 -0.004703 0.004587 2.065006 5.687236 1.996000 2.902233 0.057555
13  330.321282 659.547495 1.883133 -5.005878 2.124123 -0.046685 -0.140686 0.231860 -0.009158 2.785149 8.740015 3.078000 2.819735 -0.000315
15  306.454398 693.474266 -0.049494 5.189849 7.392046 -0.223098 0.500248 0.891110 -0.022372 2.418679 5.292316 1.975000 0.878062 -0.033472
17  317.855886 671.816605 0.577691 0.069371 -0.128029 0.056640 0.029965 -0.063999 0.004864 0.480463 0.472562 1.312000 -1.836027 0.017841
18  324.080615 664.614023 0.695964 0.017313 0.195415 0.093198 0.016171 0.059866 0.008714 0.827736 0.617720 1.135000 2.531432 -0.013398
19  319.417239 670.450287 0.121672 0.299847 0.414489 0.077672 0.112234 0.177798 0.020330 1.234219 0.588888 0.514000 -1.296267 0.034360
20  299.003960 689.312197 -0.007527 -3.029307 -3.232588 0.252755 -0.575232 -0.461205 0.041113 2.260459 4.952615 1.518000 -2.296466 0.006248
23  290.857118 672.854634 0.558310 2.717020 3.959099 -0.063316 0.433656 0.630588 -0.010020 2.205250 4.956989 1.597000 0.843278 0.001097
24  330.980281 641.292314 1.386162 -0.066559 0.330039 0.016359 -0.012946 0.065346 0.002573 2.226305 4.359302 1.723000 2.439202 0.008004

14 13 1535657114.648261
7  348.803694 634.618380 2.018120 -0.105850 -0.041256 0.046483 -0.035509 -0.005513 0.000695 2.063080 4.162305 1.563000 -2.239885 0.062942
8  283.077042 677.979506 1.527618 -4.535596 -0.490216 0.156349 -0.587089 0.623294 0.022595 3.185847 13.861378 3.606000 -2.964848 -0.288871
9  321.328775 668.363146 0.961026 0.369090 -0.035176 0.019205 0.165115 -0.039367 0.002870 2.181119 4.570533 2.347000 -0.583965 -0.013891
10  345.188352 628.546009 2.084336 0.108500 -0.107214 0.117876 0.015644 -0.056512 0.027256 1.762744 3.800468 1.555000 2.447074 -0.010015
11  348.053600 646.612506 1.921276 -0.217972 0.604180 0.046888 -0.109261 0.239440 -0.012134 2.079800 5.636695 1.996000 2.905164 0.040327
13  328.808638 659.596348 1.888805 -3.863580 0.972917 -0.014231 0.314040 -0.243297 0.004729 2.860644 8.701937 3.078000 2.818521 -0.001019
15  309.173691 697.392058 -0.166605 5.439912 7.837492 -0.234281 0.500248 0.891110 -0.022372 2.418679 5.292316 1.975000 0.861330 -0.033472
17  317.811441 672.061982 0.588151 -0.018313 0.225652 0.036469 -0.008913 0.082055 -0.003696 0.480578 0.450726 1.312000 -1.871970 -0.012062
18  324.161165 664.768481 0.740669 0.105967 0.274992 0.092733 0.046964 0.078842 0.006871 0.805766 0.666757 1.135000 2.535158 -0.006454
19  319.262020 670.044697 0.160787 -0.040336 -0.278394 0.082136 -0.040664 -0.123826 0.018132 1.231503 0.571860 0.514000 -1.354739 -0.015940
20  297.458202 687.355939 0.139310 -3.183803 -3.729927 0.285415 -0.526772 -0.558379 0.045524 2.268474 4.944202 1.518000 -2.349233 -0.029889
23  293.001085 675.603138 0.483439 3.751306 5.012710 -0.117461 0.681656 0.854587 -0.024926 2.193925 4.936472 1.597000 0.864267 0.013412
24  330.543643 640.955391 1.396725 -0.555905 -0.262691 0.019747 -0.159431 -0.124374 0.003211 2.178789 4.459332 1.723000 2.460529 0.018442

15 14 1535657115.148131
7  348.741910 634.596380 2.041529 -0.123599 -0.044012 0.046831 -0.035509 -0.005513 0.000695 2.063080 4.162305 1.563000 -2.208422 0.062942
8  280.637141 678.236002 1.574189 -4.859806 0.230262 0.123620 -0.598575 0.776065 0.006148 3.179560 13.874560 3.606000 -3.142777 -0.311226
9  321.377428 668.190212 0.974479 0.242200 -0.226928 0.024347 0.086874 -0.103654 0.004255 2.192575 4.565685 2.347000 -0.556168 0.009271
10  345.246497 628.478295 2.150069 0.116320 -0.135463 0.131501 0.015644 -0.056512 0.027256 1.762744 3.800468 1.555000 2.442068 -0.010015
11  348.281426 646.412155 1.920519 0.157950 0.059067 0.015797 0.051589 -0.008931 -0.021484 2.110539 5.677822 1.996000 2.878727 0.009262
13  327.469447 660.305284 1.900990 -3.099109 1.186487 0.009560 0.541274 -0.117919 0.012744 2.877233 8.707411 3.078000 2.794223 -0.016879
15  312.017936 701.532445 -0.289305 5.689971 8.282931 -0.245464 0.500248 0.891110 -0.022372 2.418679 5.292316 1.975000 0.844599 -0.033472
17  317.895880 671.978739 0.599060 0.090679 0.010292 0.027047 0.033774 -0.014414 -0.006546 0.468387 0.484611 1.312000 -1.795376 0.043020
18  324.225869 664.925641 0.788740 0.129443 0.314403 0.096167 0.046964 0.078842 0.006871 0.805766 0.666757 1.135000 2.531932 -0.006454
19  319.061538 670.002557 0.166558 -0.262709 -0.188349 0.043920 -0.117881 -0.065758 0.000063 1.250412 0.570701 0.514000 -1.387058 -0.032163
20  295.765576 685.497176 0.287042 -3.410873 -3.836362 0.300665 -0.512832 -0.491970 0.042637 2.309895 4.948080 1.518000 -2.349918 -0.020470
23  295.079749 677.866272 0.402626 4.131362 4.899339 -0.148729 0.695976 0.657701 -0.031777 2.169265 4.991638 1.597000 0.974604 0.080419
24  330.601459 641.277657 1.407056 -0.190535 0.249529 0.020948 0.002675 0.084836 0.003063 2.198504 4.491693 1.723000 2.407248 -0.021969
27  304.620500 695.907980 0.245866 -2.700138 -3.750173 0.197946 -0.465318 -0.623292 0.031134 2.674160 7.133314 2.455000 -2.203918 0.037377

16 11 1535657115.648632
8  278.480531 679.391949 1.611357 -4.656248 1.619007 0.095677 -0.410735 1.149515 -0.005433 3.147008 13.794562 3.606000 1.471171 2.869128
9  321.305352 668.280591 0.987962 0.031479 -0.007038 0.026750 -0.008027 -0.002195 0.004357 2.164840 4.548486 2.347000 -0.575140 -0.006474
11  348.551408 645.958533 1.919576 0.394172 -0.513885 0.000946 0.130138 -0.221162 -0.023014 2.240562 5.567226 1.996000 2.885674 0.010803
13  326.377982 660.566826 1.913283 -2.445126 0.769568 0.021041 0.684389 -0.251630 0.014650 2.774967 8.704173 3.078000 2.835176 0.016061
17  317.981428 671.821858 0.610136 0.145081 -0.184306 0.022799 0.047833 -0.084664 -0.006910 0.434364 0.484636 1.312000 -1.842925 -0.003041
19  319.046007 670.121596 0.164044 -0.149312 0.051024 0.014906 -0.052586 0.037370 -0.010938 1.223913 0.560253 0.514000 -1.386033 -0.020748
20  293.807032 683.147100 0.388754 -3.813735 -4.447349 0.251307 -0.569247 -0.632730 0.015354 2.318973 4.993416 1.518000 -2.313893 0.010301
23  297.544722 681.010624 0.326042 4.744621 5.855494 -0.157721 0.797889 0.898891 -0.029118 2.170450 5.057639 1.597000 0.958449 0.043148
24  330.297343 641.376885 1.417185 -0.438125 0.236226 0.021146 -0.093085 0.063385 0.002550 2.179219 4.475985 1.723000 2.432399 0.001915
27  302.710197 694.451302 0.373692 -3.466633 -3.366747 0.238808 -0.627265 -0.412245 0.038806 2.703748 7.084376 2.455000 -2.229875 0.010462
28  317.025896 665.747436 0.962170 -1.426469 0.774845 -0.022892 -0.183675 0.121896 -0.003601 2.197641 4.775393 2.000000 2.675398 -0.015802

17 13 1535657116.148450
8  276.050646 680.488326 1.657821 -4.861541 2.193555 0.092961 -0.410735 1.149515 -0.005433 3.147008 13.794562 3.606000 2.905212 2.869128
9  321.285312 668.439154 1.001203 -0.012447 0.184093 0.027489 -0.022917 0.069516 0.003820 2.176617 4.510225 2.347000 -0.557759 0.007268
11  348.507441 646.027892 1.920044 0.135950 -0.173542 -0.003767 0.009543 -0.052959 -0.020481 2.139032 5.516697 1.996000 2.832004 -0.028570
13  325.331800 660.995660 1.902203 -2.097189 0.770342 -0.001493 0.686579 -0.204402 0.003507 2.755789 8.747729 3.078000 2.847998 0.019257
17  318.151987 672.052863 0.622545 0.270794 0.180472 0.022585 0.085905 0.067577 -0.005699 0.436961 0.524901 1.312000 -1.823919 0.010641
19  319.062524 670.269183 0.161246 -0.052154 0.203165 0.000542 -0.006137 0.087590 -0.014286 1.264629 0.520912 0.514000 -1.351973 0.008865
20  291.828234 680.718918 0.479393 -4.015647 -4.819692 0.212914 -0.537674 -0.654169 -0.002252 2.315661 4.986831 1.518000 -2.192486 0.087735
23  299.956020 684.352990 0.252014 4.953759 6.532080 -0.157910 0.724707 0.986598 -0.023575 2.160806 5.044155 1.597000 0.953061 0.025229
24  330.497486 641.222680 1.427196 0.041465 -0.074738 0.020999 0.109920 -0.068827 0.002002 2.125348 4.443697 1.723000 2.427699 -0.001846
27  301.051917 692.429213 0.497816 -3.506306 -3.852844 0.252361 -0.527507 -0.514263 0.036678 2.705732 7.142499 2.455000 -2.234435 0.004134
28  315.791801 666.262942 0.947386 -2.091647 0.953735 -0.027638 -0.357667 0.157693 -0.004495 2.187444 4.753587 2.000000 2.730210 0.021973
29  309.865520 702.690366 -0.510221 1.867860 -0.672169 -0.148323 0.537824 0.016578 -0.037936 1.285327 2.835494 1.887300 -2.252734 0.010402
30  348.823515 634.616458 2.070641 0.255666 -0.203722 0.020223 0.058468 -0.067429 0.002411 1.708779 4.253321 1.563000 -2.311786 0.018685

18 12 1535657116.649423
9  321.101652 668.525715 1.014275 -0.226768 0.191612 0.027444 -0.098585 0.059330 0.003090 2.148067 4.469489 2.347000 -0.573555 -0.005692
11  348.007208 646.085163 1.921579 -0.533620 -0.013976 -0.003910 -0.242017 0.016462 -0.016707 2.038525 5.419810 1.996000 2.843750 -0.011195
13  323.700878 661.072510 1.884036 -2.642500 0.363362 -0.021358 0.354763 -0.318051 -0.004561 2.733365 8.790987 3.078000 2.920505 0.061168
17  317.988719 672.201798 0.634634 -0.064929 0.263446 0.022336 -0.055592 0.085927 -0.004725 0.419626 0.532860 1.312000 -1.837725 -0.002118
19  319.154845 670.257518 0.159706 0.086661 0.086899 -0.004517 0.047063 0.027546 -0.013499 1.238616 0.499362 0.514000 -1.368564 -0.005158
20  289.527871 678.090014 0.568758 -4.467083 -5.206872 0.191961 -0.606644 -0.676691 -0.009762 2.374634 4.977131 1.518000 -2.279859 0.000192
23  301.674351 687.381045 0.179024 4.195017 6.442503 -0.155438 0.295825 0.763389 -0.018115 2.186211 5.007611 1.597000 0.969657 0.027865
24  330.866205 640.789195 1.432018 0.476726 -0.558733 0.014643 0.255274 -0.240684 -0.000812 2.049414 4.525948 1.723000 2.436233 0.004456
27  299.409950 690.301697 0.615029 -3.477062 -4.191616 0.248849 -0.414578 -0.545482 0.028257 2.707177 7.149263 2.455000 -2.276740 -0.025187
28  315.042563 666.404706 0.950085 -1.810771 0.587812 -0.008956 -0.189996 -0.004462 0.003134 2.141417 4.771869 2.000000 2.705125 -0.001368
29  310.936247 702.357788 -0.594048 2.137295 -0.663864 -0.167328 0.537824 0.016578 -0.037936 1.285327 2.835494 1.887300 -2.247523 0.010402
30  348.744539 634.998898 2.079459 0.037148 0.322893 0.019287 -0.011677 0.091197 0.001804 1.852084 4.230982 1.563000 -2.342765 -0.003428

19 11 1535657117.149304
9  320.963660 668.636323 1.028766 -0.276048 0.221270 0.028988 -0.098585 0.059330 0.003090 2.148067 4.469489 2.347000 -0.576400 -0.005692
11  347.941331 645.539806 1.923637 -0.345779 -0.646779 -0.002587 -0.126874 -0.222545 -0.013100 2.084899 5.409070 1.996000 2.808030 -0.031269
13  321.613209 661.713537 1.866030 -3.475955 0.841143 -0.030952 -0.022167 -0.080597 -0.007288 2.794585 8.772670 3.078000 2.949653 0.060216
17  317.652097 671.982672 0.647518 -0.435770 -0.133579 0.023400 -0.183607 -0.078259 -0.003447 0.497196 0.506420 1.312000 -1.829278 0.004216
19  319.193690 670.509962 0.159155 0.090993 0.339622 -0.005259 0.039885 0.116905 -0.011253 1.212103 0.463230 0.514000 -1.387661 -0.016166
20  287.034194 675.180264 0.650888 -4.899424 -5.708268 0.173604 -0.655218 -0.738075 -0.014833 2.347380 4.983389 1.518000 -2.234786 0.030163
23  304.173275 689.971667 -0.001712 4.731517 5.851796 -0.281212 0.442991 0.395188 -0.062314 2.155114 5.002712 1.597000 0.937415 -0.002897
24  331.174202 640.813393 1.436445 0.611326 -0.248187 0.011050 0.257922 -0.077523 -0.002019 2.065969 4.560092 1.723000 2.441316 0.006359
27  297.616690 688.298988 0.729751 -3.626690 -4.192112 0.243077 -0.392348 -0.440461 0.020579 2.706950 7.181438 2.455000 -2.178045 0.048780
28  314.449914 667.049046 0.957214 -1.477882 1.003489 0.005474 -0.025421 0.156283 0.008082 2.233182 4.768339 2.000000 2.711413 0.003237
30  348.655271 634.908812 2.086705 -0.083776 0.067619 0.017068 -0.051129 -0.011938 0.000734 1.992414 4.275267 1.563000 -2.347493 -0.005218

20 13 1535657117.649169
9  320.801040 668.761753 1.044028 -0.325327 0.250926 0.030533 -0.098585 0.059330 0.003090 2.148067 4.469489 2.347000 -0.579245 -0.005692
11  348.109793 646.162002 1.925868 0.031693 0.425278 -0.001100 0.037458 0.218500 -0.010105 2.053376 5.477581 1.996000 2.777064 -0.041491
13  319.440126 661.961282 1.848105 -3.995342 0.620510 -0.035342 -0.211643 -0.147822 -0.007567 2.782349 8.832313 3.078000 3.021367 0.087953
17  317.594394 671.948231 0.659765 -0.284038 -0.111365 0.023346 -0.092799 -0.055387 -0.002824 0.488438 0.557865 1.312000 -1.834771 -0.000849
19  319.180479 670.501883 0.159104 0.029750 0.153252 -0.004513 0.009574 0.025499 -0.008874 1.211194 0.489058 0.514000 -1.388937 -0.011631
20  284.841066 672.392121 0.733137 -4.730499 -5.781875 0.165215 -0.469180 -0.627402 -0.015198 2.391761 4.872950 1.518000 -2.239060 0.017265
23  306.306774 693.145987 -0.207731 4.547716 6.227466 -0.371410 0.290538 0.462202 -0.084529 2.176110 4.992320 1.597000 0.960475 0.013437
24  330.836317 641.022271 1.440208 -0.097796 0.130136 0.008554 -0.057358 0.079383 -0.002578 2.052272 4.620145 1.723000 2.413247 -0.014467
27  295.582210 685.957801 0.807977 -3.969549 -4.573329 0.195872 -0.448420 -0.502000 -0.001389 2.695883 7.191401 2.455000 -2.246927 -0.013337
28  313.994632 667.068851 0.930220 -1.145885 0.462104 -0.028249 0.107559 -0.082709 -0.006486 2.234780 4.800509 2.000000 2.747163 0.025927
30  348.761345 634.682873 2.093480 0.067597 -0.220991 0.015299 0.014034 -0.116035 -0.000052 1.942257 4.219359 1.563000 -2.268829 0.044364
34  268.697865 682.218211 1.785414 -3.817732 1.131975 0.127682 -0.557963 0.232270 0.024639 3.122152 13.863237 3.606000 2.821662 -0.038128
35  311.576640 694.664271 -0.199880 -0.111103 -0.732331 0.068338 -0.028297 -0.078186 0.004776 0.674918 0.625031 1.792880 -2.269159 0.026907

21 14 1535657118.149616
11  348.258389 646.040549 1.928115 0.196211 0.074922 0.000139 0.091795 0.047143 -0.007758 2.109227 5.507973 1.996000 2.789370 -0.019444
13  317.564098 662.497966 1.757758 -3.892756 0.857539 -0.122756 -0.133918 -0.031887 -0.038741 2.718084 8.819744 3.078000 2.981850 0.032262
17  317.792061 671.906122 0.666675 0.098579 -0.106590 0.017128 0.067183 -0.043271 -0.004616 0.479465 0.538429 1.312000 -1.844081 -0.006773
19  319.068215 670.284650 0.159234 -0.118579 -0.188939 -0.003504 -0.047562 -0.106949 -0.006841 1.208285 0.509956 0.514000 -1.357027 0.013524
20  282.415458 669.398391 0.815432 -4.895232 -6.028553 0.161653 -0.442979 -0.602235 -0.013686 2.357293 4.913904 1.518000 -2.311880 -0.037044
23  308.655430 696.378261 -0.414772 4.693115 6.458773 -0.413713 0.290538 0.462202 -0.084529 2.176110 4.992320 1.597000 0.967199 0.013437
24  330.422837 640.956955 1.443978 -0.540683 -0.007938 0.007423 -0.212593 0.012743 -0.002519 2.062493 4.589084 1.723000 2.435970 0.005509
27  293.749951 683.035845 0.878484 -3.878052 -5.425951 0.162983 -0.328798 -0.729727 -0.013580 2.702573 7.184045 2.455000 -2.219610 0.009320
28  313.577439 667.232506 0.894313 -0.938545 0.365052 -0.055409 0.166229 -0.103981 -0.015625 2.205184 4.775709 2.000000 2.633087 -0.058714
30  349.034257 634.830933 2.100222 0.334279 0.038079 0.014279 0.110948 0.002332 -0.000424 1.938752 4.269035 1.563000 -2.327250 -0.005220
34  265.109345 684.341606 1.791157 -5.952679 3.056305 0.062410 -1.121145 0.780998 0.001088 3.176913 13.867124 3.606000 2.785348 -0.048512
35  311.196114 693.975486 -0.187384 -0.508708 -1.136654 0.043101 -0.144667 -0.189018 -0.003608 0.714672 0.693530 1.820516 -2.224068 0.045965
37  310.238075 694.526144 -0.245383 -0.768411 -0.507744 0.045301 -0.111211 -0.047453 0.007188 0.661533 0.569810 1.697000 -2.332871 0.011347
38  321.349767 668.443333 1.051914 0.132974 -0.221093 0.021258 0.025529 -0.055847 0.003344 2.056677 4.445308 2.347000 -0.622082 -0.021036

22 13 1535657118.649480
11  348.379404 646.089779 1.926246 0.242096 0.098487 -0.003739 0.091795 0.047143 -0.007758 2.109227 5.507973 1.996000 2.779651 -0.019444
13  315.458506 663.537852 1.650096 -4.108940 1.573388 -0.185401 -0.189543 0.240858 -0.054871 2.724191 8.789574 3.078000 2.969487 0.013272
17  317.535149 672.124837 0.671440 -0.249547 0.206017 0.011696 -0.075105 0.081321 -0.005781 0.434252 0.514637 1.312000 -1.844733 -0.004951
19  318.822462 670.389974 0.159397 -0.348714 0.025299 -0.002640 -0.124520 -0.007117 -0.005243 1.191690 0.545947 0.514000 -1.382000 -0.007627
20  279.590086 666.416279 0.898118 -5.433172 -6.114644 0.161079 -0.561163 -0.521975 -0.011346 2.350407 4.880237 1.518000 -2.327541 -0.035140
24  330.767241 641.161658 1.447866 0.142665 0.241405 0.007118 0.082643 0.103591 -0.002162 2.043474 4.610097 1.723000 2.467759 0.024862
27  291.315230 679.914429 0.908901 -4.532529 -6.059228 0.099782 -0.513193 -0.830748 -0.034804 2.723322 7.119213 2.455000 -2.254727 -0.017190
28  313.600928 667.669093 0.891277 -0.320874 0.645000 -0.029367 0.368633 0.021693 -0.002808 2.200664 4.776258 2.000000 2.685740 -0.004068
30  348.745719 634.899733 2.107050 -0.142110 0.093362 0.013843 -0.086261 0.022399 -0.000506 2.109807 4.219443 1.563000 -2.357120 -0.022018
34  261.453726 685.920687 1.778579 -6.987015 3.276306 0.010762 -1.293788 0.718927 -0.017925 3.139316 13.912130 3.606000 2.865519 0.018991
35  310.919933 693.264727 -0.176401 -0.564136 -1.344129 0.029851 -0.138515 -0.230179 -0.007778 0.742243 0.744794 1.839861 -2.226656 0.029439
37  310.019734 693.687567 -0.216675 -0.590484 -1.222691 0.054043 -0.040349 -0.257208 0.008750 0.685440 0.609719 1.697000 -2.316233 0.017953
38  321.191348 668.644605 1.065641 -0.133289 0.144002 0.025664 -0.059142 0.063414 0.004174 2.098487 4.393222 2.347000 -0.628783 -0.018738

23 12 1535657119.149935
13  312.584540 663.841912 1.543081 -5.113890 1.051466 -0.213438 -0.528787 0.001376 -0.055086 2.735095 8.754777 3.078000 2.869002 -0.058147
17  317.201017 672.375358 0.675978 -0.512174 0.396854 0.008960 -0.158998 0.137291 -0.005722 0.471391 0.528020 1.312000 -1.877224 -0.024960
19  319.077655 670.357793 0.159539 0.133640 -0.029149 -0.001983 0.078582 -0.026092 -0.004020 1.175490 0.553611 0.514000 -1.393982 -0.013070
20  277.383080 663.689125 0.981987 -4.942701 -5.827842 0.162608 -0.273338 -0.317471 -0.008657 2.315511 4.908495 1.518000 -2.268196 0.016148
24  330.893454 641.203875 1.451841 0.224352 0.169676 0.007165 0.097704 0.057442 -0.001740 2.021674 4.593386 1.723000 2.388649 -0.036174
27  289.305378 677.085097 1.039228 -4.331624 -5.988743 0.187757 -0.341625 -0.648496 0.004699 2.718791 7.100871 2.455000 -2.253993 -0.010966
28  313.870457 667.022970 0.897433 0.263400 -0.497345 -0.005260 0.519068 -0.412239 0.006792 2.182995 4.754683 2.000000 2.612291 -0.051675
30  348.382202 634.696881 2.113971 -0.482526 -0.175543 0.013721 -0.195465 -0.080512 -0.000458 2.054466 4.286449 1.563000 -2.394094 -0.038021
34  258.047098 686.683836 1.754336 -7.177829 2.470915 -0.025934 -1.124254 0.286364 -0.028218 3.190397 13.858004 3.606000 2.846007 0.000849
35  310.241196 692.705776 -0.165634 -1.063406 -1.255622 0.023315 -0.303908 -0.151820 -0.008795 0.785048 0.741328 1.853403 -2.193899 0.041347
37  309.661170 693.440317 -0.187920 -0.673410 -0.843048 0.057850 -0.063207 -0.071978 0.008542 0.701918 0.565986 1.697000 -2.267063 0.043936
38  321.303966 668.655923 1.079075 0.067125 0.084945 0.027213 0.024666 0.030332 0.003977 2.075583 4.417656 2.347000 -0.635065 -0.016736

24 14 1535657119.649820
13  309.896047 664.367867 1.422622 -5.378223 1.052153 -0.240974 -0.528787 0.001376 -0.055086 2.735095 8.754777 3.078000 2.839936 -0.058147
17  317.276113 672.320159 0.681576 -0.153373 0.125255 0.009111 0.004358 0.010482 -0.004600 0.483400 0.508911 1.312000 -1.866354 -0.009399
19  319.066790 670.526495 0.159649 0.057921 0.182113 -0.001503 0.035712 0.057524 -0.003092 1.203750 0.463429 0.514000 -1.362232 0.012447
20  274.843994 660.696542 1.061109 -5.079338 -5.986541 0.158280 -0.273338 -0.317471 -0.008657 2.315511 4.908495 1.518000 -2.260123 0.016148
24  330.374683 641.221628 1.455856 -0.501422 0.102151 0.007320 -0.191316 0.021534 -0.001358 1.968034 4.590358 1.723000 2.397057 -0.018517
27  286.882897 674.130693 1.197489 -4.705536 -6.074862 0.264870 -0.417580 -0.559486 0.032655 2.657667 7.096852 2.455000 -2.258867 -0.010561
28  313.818701 667.007871 0.904647 0.152479 -0.305349 0.007771 0.380255 -0.263055 0.010403 2.146174 4.711519 2.000000 2.660596 -0.002262
30  349.258005 634.542312 2.105719 0.697481 -0.266970 -0.002943 0.270532 -0.099178 -0.006452 2.064592 4.176699 1.563000 -2.467629 -0.071637
34  253.170434 687.500797 1.767683 -8.840650 2.079001 -0.003591 -1.534929 0.086752 -0.014620 3.194180 13.872528 3.606000 2.820783 -0.014929
35  309.872592 692.168737 -0.135413 -0.931191 -1.178619 0.043612 -0.194280 -0.092827 0.000732 0.822883 0.748610 1.862882 -2.196975 0.025562
37  309.481843 692.919193 -0.160415 -0.499244 -0.976160 0.057903 0.015932 -0.109336 0.006920 0.677944 0.562457 1.697000 -2.223380 0.058283
38  321.286982 668.548023 1.092237 0.012051 -0.087643 0.027495 -0.001259 -0.041879 0.003321 2.072902 4.406867 2.347000 -0.570482 0.031448
44  297.455331 687.389016 0.346254 -2.384348 -4.104609 0.164045 -0.512575 -0.622770 0.016208 1.477077 3.287851 1.921110 -2.245631 0.021493
45  348.861492 645.895361 1.933789 1.246940 0.159374 0.002786 0.254253 0.011729 0.000500 2.047146 5.831835 1.996000 2.733205 -0.022675

25 15 1535657120.149686
13  307.075530 664.894147 1.288402 -5.642546 1.052841 -0.268510 -0.528787 0.001376 -0.055086 2.735095 8.754777 3.078000 2.810870 -0.058147
17  317.930195 672.134500 0.686712 0.711267 -0.166058 0.008858 0.325776 -0.100036 -0.003837 0.530055 0.474663 1.312000 -1.819196 0.025169
19  319.398574 670.169244 0.159732 0.423179 -0.336003 -0.001149 0.165194 -0.146300 -0.002384 1.199956 0.493273 0.514000 -1.367453 0.004819
20  272.236708 657.624748 1.138065 -5.215971 -6.145234 0.153953 -0.273338 -0.317471 -0.008657 2.315511 4.908495 1.518000 -2.252051 0.016148
24  330.831182 641.055660 1.460740 0.295386 -0.150002 0.008491 0.141485 -0.076511 -0.000668 1.997954 4.590755 1.723000 2.423343 0.005175
27  284.659113 671.479999 1.315715 -4.639144 -5.732940 0.254787 -0.314854 -0.327397 0.022795 2.638535 7.120582 2.455000 -2.292926 -0.029745
28  313.799567 667.450600 0.911019 0.117426 0.344976 0.012839 0.296083 0.029251 0.010353 2.126296 4.708870 2.000000 2.661994 -0.000576
30  349.250587 635.294100 2.091715 0.368764 0.680006 -0.018127 0.102110 0.262591 -0.010794 2.121103 4.194661 1.563000 -2.375797 0.007060
34  249.009927 689.483162 1.795687 -8.904021 3.132409 0.025768 -1.273920 0.461287 -0.001024 3.151433 13.893037 3.606000 2.784309 -0.032731
35  309.270996 691.521755 -0.101041 -1.132293 -1.266145 0.058688 -0.234018 -0.108543 0.006354 0.799398 0.817171 1.869517 -2.193144 0.019603
37  308.712494 692.306257 -0.132540 -1.114283 -1.146984 0.058034 -0.224419 -0.154154 0.005636 0.677981 0.558902 1.697000 -2.188731 0.061950
38  321.143117 668.825088 1.105256 -0.166489 0.285533 0.027305 -0.069896 0.110166 0.002607 2.071131 4.443111 2.347000 -0.599729 0.001551
44  295.198215 684.531243 0.445856 -3.771514 -5.200791 0.188501 -0.855719 -0.860913 0.021170 1.612657 3.665469 1.944777 -2.283759 -0.007949
45  348.187675 646.500148 1.935905 -0.267928 0.795389 0.003758 -0.243939 0.202926 0.000719 2.104067 5.793643 1.996000 2.749330 -0.006133
47  294.122271 687.203627 0.410536 -3.091325 -2.960237 0.184859 -0.520819 -0.489434 0.029076 0.844474 2.065482 1.839000 -2.293559 0.004725

26 14 1535657120.649535
17  317.679180 671.984071 0.691740 0.060925 -0.266217 0.008784 0.022734 -0.118727 -0.003150 0.533795 0.451407 1.312000 -1.817630 0.017826
19  319.011793 670.625073 0.159795 -0.250277 0.371428 -0.000884 -0.116565 0.144601 -0.001841 1.171588 0.472385 0.514000 -1.357823 0.009633
24  331.081820 640.859622 1.464974 0.446067 -0.308756 0.008342 0.171295 -0.121438 -0.000599 1.992879 4.568763 1.723000 2.391734 -0.017622
27  282.765997 668.704055 1.419816 -4.200162 -5.693878 0.231956 -0.092363 -0.251769 0.010026 2.699798 7.147853 2.455000 -2.275665 -0.008326
28  313.567104 667.771990 0.917431 -0.166319 0.527081 0.014949 0.134882 0.091786 0.009209 2.058018 4.735333 2.000000 2.657953 -0.003078
30  349.242626 634.316004 2.077590 0.181401 -0.703229 -0.026114 0.015799 -0.285716 -0.011732 1.916588 4.174415 1.563000 -2.365778 0.011061
34  246.031648 691.751119 1.827292 -7.576459 4.006881 0.046078 -0.552237 0.697852 0.006626 3.051861 14.043274 3.606000 2.871511 0.030916
35  309.222211 691.378585 -0.066584 -0.566932 -0.707797 0.066053 0.024324 0.123398 0.007940 0.761726 0.806527 1.874162 -2.190827 0.014616
37  308.323716 692.025931 -0.105452 -0.960166 -0.830408 0.056899 -0.122660 -0.003736 0.004126 0.683833 0.606612 1.697000 -2.116032 0.089751
38  321.210558 668.444607 1.118220 -0.001797 -0.313333 0.027023 0.006389 -0.139722 0.002001 2.100473 4.461162 2.347000 -0.613288 -0.007998
44  292.672429 681.454787 0.551058 -4.705070 -5.941332 0.205827 -1.039952 -0.973900 0.023627 1.710991 3.949849 1.961344 -2.269547 0.003809
45  348.096926 646.576013 1.937995 -0.266458 0.455454 0.004155 -0.198994 0.042171 0.000733 2.147392 5.745369 1.996000 2.783698 0.018070
47  292.567154 684.889797 0.529887 -3.206593 -4.063972 0.223148 -0.476813 -0.750043 0.036282 0.837508 2.067397 1.839000 -2.271664 0.016493
49  308.098690 665.386090 1.724850 -2.218145 0.480024 0.101914 -0.306786 0.051486 0.015968 2.824332 8.616093 3.078000 2.802492 -0.018801

27 14 1535657121.149429
17  317.715317 671.821321 0.695344 0.072290 -0.325569 0.007209 0.022734 -0.118727 -0.003150 0.533795 0.451407 1.312000 -1.808718 0.017826
19  319.013527 670.083321 0.159842 -0.124176 -0.458861 -0.000682 -0.047852 -0.191781 -0.001423 1.235993 0.459347 0.514000 -1.373187 -0.003821
24  330.668486 640.893830 1.468999 -0.271095 -0.110701 0.008048 -0.127957 -0.024981 -0.000597 2.001169 4.505188 1.723000 2.458526 0.032782
27  279.372910 666.036653 1.393145 -5.748136 -5.533827 0.065399 -0.652428 -0.145146 -0.053957 2.715126 7.139640 2.455000 -2.282548 -0.010140
28  313.543295 667.212385 0.922742 -0.068594 -0.427262 0.014276 0.146186 -0.281401 0.007241 2.004361 4.717115 2.000000 2.759943 0.065945
30  348.634516 634.764405 2.063522 -0.579714 0.107457 -0.029880 -0.262203 0.058983 -0.010973 1.968763 4.242157 1.563000 -2.359413 0.011577
34  242.062267 693.395566 1.819150 -7.900693 3.771590 0.013405 -0.569805 0.484823 -0.006497 3.216305 13.891216 3.606000 2.801018 -0.021994
35  309.143780 690.386812 -0.042234 -0.319295 -1.437902 0.057409 0.112918 -0.174498 0.003194 0.777475 0.812118 1.877414 -2.158536 0.031272
37  308.188350 691.293104 -0.077713 -0.576678 -1.207753 0.056904 0.045758 -0.145904 0.003347 0.652414 0.605026 1.697000 -2.094867 0.073953
38  321.126913 668.396600 1.131174 -0.098575 -0.213038 0.026774 -0.031464 -0.075301 0.001528 2.189931 4.407267 2.347000 -0.564333 0.027299
44  290.564511 678.366333 0.656546 -4.625700 -6.279613 0.213704 -0.809501 -0.916765 0.022114 1.858853 4.149262 1.972941 -2.222526 0.033617
45  348.645528 646.209354 1.938319 0.503831 -0.242642 0.002220 0.135496 -0.234407 -0.000152 2.173706 5.724543 1.996000 2.853495 0.058216
47  291.004125 683.160444 0.603737 -3.256415 -3.858623 0.185860 -0.408143 -0.538683 0.016094 0.893186 2.085970 1.839000 -2.245258 0.028236
49  307.038037 665.835785 1.604691 -2.220841 0.743338 -0.101407 -0.261080 0.123557 -0.048133 2.780901 8.680169 3.078000 2.771353 -0.031900

28 14 1535657121.649287
17  317.757132 671.628918 0.698161 0.083653 -0.384915 0.005634 0.022734 -0.118727 -0.003150 0.533795 0.451407 1.312000 -1.799808 0.017826
19  318.904427 670.193079 0.159878 -0.189554 -0.097215 -0.000528 -0.063303 -0.021267 -0.001100 1.245437 0.464577 0.514000 -1.393698 -0.016222
24  330.522285 641.217944 1.472982 -0.309902 0.332731 0.007879 -0.118581 0.144959 -0.000549 1.971166 4.545697 1.723000 2.483576 0.038558
27  277.499862 662.829052 1.335748 -4.699174 -6.085391 -0.052131 -0.139741 -0.323741 -0.087721 2.699200 7.116643 2.455000 -2.251575 0.013889
28  313.672684 667.178047 0.927669 0.154793 -0.272916 0.013144 0.202245 -0.171380 0.005469 2.017411 4.722844 2.000000 2.691066 -0.001952
30  348.753596 634.561881 2.068382 -0.191744 -0.159549 -0.010705 -0.074724 -0.048111 -0.002066 1.966014 4.247243 1.563000 -2.397962 -0.015763
34  236.669081 695.063937 1.876101 -9.610910 3.643756 0.066965 -1.087205 0.350454 0.014123 3.123360 13.957693 3.606000 2.766429 -0.036533
35  307.964880 690.447466 -0.044695 -1.502198 -0.551407 0.021199 -0.351562 0.190431 -0.010975 0.716093 0.765894 1.823289 -2.136972 0.035227
37  308.203050 690.169795 -0.026616 -0.208660 -1.852700 0.084407 0.175617 -0.361122 0.013065 0.696904 0.689437 1.753400 -2.122403 0.030952
38  321.217357 668.298660 1.144134 0.060421 -0.218282 0.026584 0.034275 -0.063113 0.001169 2.196009 4.394405 2.347000 -0.606685 -0.010033
44  287.876102 675.521286 0.742361 -5.237258 -6.115839 0.193198 -0.889334 -0.676777 0.009937 1.889545 4.284808 1.981059 -2.237102 0.012751
45  348.600753 646.445677 1.938196 0.178459 0.135234 0.000723 -0.016168 -0.043410 -0.000701 2.170226 5.627388 1.996000 2.913831 0.078987
47  289.834941 681.613575 0.664900 -2.793960 -3.513793 0.151385 -0.151823 -0.302505 -0.000259 0.881891 1.981139 1.839000 -2.276190 -0.001525
49  306.677623 666.551445 1.484509 -1.385532 1.176318 -0.193573 0.090696 0.258766 -0.072939 2.792506 8.720388 3.078000 2.851545 0.030260

29 14 1535657122.149177
19  319.094375 670.290250 0.159906 0.134039 0.070742 -0.000408 0.069097 0.045295 -0.000851 1.262014 0.466228 0.514000 -1.390593 -0.008745
24  330.895375 641.088632 1.476969 0.289994 0.012905 0.007824 0.127117 -0.001262 -0.000467 1.994411 4.525585 1.723000 2.433776 -0.007495
27  275.115872 659.706125 1.287768 -4.769030 -6.247226 -0.095981 -0.139741 -0.323741 -0.087721 2.699200 7.116643 2.455000 -2.244632 0.013889
28  313.522611 667.213102 0.932514 -0.072731 -0.105244 0.012223 0.079715 -0.076919 0.004106 2.098243 4.748645 2.000000 2.744172 0.034105
30  348.929405 634.692061 2.079712 0.088548 0.059241 0.007078 0.039960 0.039565 0.004727 1.968604 4.208055 1.563000 -2.387313 -0.004337
34  231.593000 696.972989 1.913105 -10.154393 3.818944 0.074025 -1.087205 0.350454 0.014123 3.123360 13.957693 3.606000 2.748166 -0.036533
35  307.286477 690.259811 -0.035262 -1.488259 -0.408431 0.017579 -0.280634 0.208298 -0.010277 0.724696 0.674887 1.785403 -2.101877 0.046885
37  308.423066 689.759168 0.000968 0.210926 -1.316526 0.069789 0.299972 -0.092509 0.005139 0.747230 0.696506 1.792880 -2.137973 0.010255
38  321.029433 668.812042 1.157102 -0.190653 0.505328 0.026443 -0.066247 0.219916 0.000898 2.144867 4.397807 2.347000 -0.573777 0.015251
44  285.308674 672.820621 0.865101 -5.357832 -5.829935 0.226282 -0.765509 -0.438213 0.020683 1.875364 4.387736 1.986741 -2.234720 0.010092
45  348.103440 646.015055 1.938054 -0.521262 -0.465176 -0.000017 -0.280500 -0.264582 -0.000850 2.222152 5.691190 1.996000 2.844684 0.006615
47  288.297049 679.789647 0.724613 -2.992706 -3.655288 0.132344 -0.199224 -0.298753 -0.007555 0.878360 1.988717 1.839000 -2.278672 -0.002669
49  306.055831 666.492764 1.372507 -1.282936 0.459868 -0.226480 0.112718 -0.066530 -0.071572 2.747497 8.725259 3.078000 2.784255 -0.024191
57  317.590889 672.060529 0.683713 -0.109420 -0.105207 -0.012602 -0.030371 -0.045858 -0.002044 0.475338 0.583732 1.312000 -1.823199 0.007212

30 14 1535657122.649085
19  319.178650 670.336933 0.159489 0.168581 0.093385 -0.000833 0.069097 0.045295 -0.000851 1.262014 0.466228 0.514000 -1.394965 -0.008745
24  330.879749 640.897806 1.480966 0.126156 -0.220546 0.007830 0.042362 -0.088042 -0.000378 2.033779 4.468449 1.723000 2.502753 0.040991
27  272.696874 656.502182 1.217864 -4.838887 -6.409066 -0.139834 -0.139741 -0.323741 -0.087721 2.699200 7.116643 2.455000 -2.237688 0.013889
28  313.779927 667.152436 0.937378 0.290721 -0.130494 0.011589 0.200356 -0.071997 0.003104 2.056787 4.723840 2.000000 2.724135 0.009379
30  348.815392 634.663302 2.092091 -0.075560 0.004340 0.017820 -0.026486 0.012609 0.007752 1.928459 4.180303 1.563000 -2.345153 0.022998
34  228.279518 698.172941 1.968808 -8.902086 3.290858 0.094474 -0.498117 0.119753 0.018515 3.125143 13.762365 3.606000 2.788116 -0.005140
35  307.224625 690.040101 -0.021289 -0.739054 -0.384217 0.021609 0.051541 0.178454 -0.006853 0.717476 0.599105 1.758882 -2.134927 0.009224
37  307.766169 688.788044 0.022442 -0.629370 -1.705584 0.054976 -0.070327 -0.220701 -0.001361 0.712347 0.722353 1.820516 -2.163938 -0.010474
38  321.120777 668.715120 1.166648 0.016557 0.136879 0.022282 0.023622 0.041026 -0.000826 2.116018 4.422153 2.347000 -0.646395 -0.038248
44  283.126083 669.665834 0.955593 -4.926052 -6.204090 0.203675 -0.457092 -0.496941 0.008207 1.911591 4.442650 1.990719 -2.169562 0.050161
45  348.582328 645.839576 1.937976 0.298096 -0.451429 -0.000272 0.082871 -0.209290 -0.000785 2.093598 5.733971 1.996000 2.748834 -0.059481
47  286.783099 678.128660 0.785549 -3.054405 -3.518500 0.124607 -0.184740 -0.189392 -0.009069 0.903859 2.015708 1.839000 -2.258924 0.011377
49  306.527356 666.343231 1.361297 0.063659 -0.004935 -0.119645 0.610551 -0.233038 -0.016545 2.689020 8.701184 3.078000 2.773209 -0.023495
57  317.653566 672.529178 0.676123 0.026202 0.514711 -0.014564 0.015378 0.149161 -0.002329 0.469792 0.557921 1.312000 -1.857360 -0.015541

31 13 1535657123.148366
19  319.280044 670.394850 0.158861 0.203080 0.116000 -0.001258 0.069097 0.045295 -0.000851 1.262014 0.466228 0.514000 -1.399331 -0.008745
24  330.783384 640.888513 1.484969 -0.053595 -0.119345 0.007863 -0.032503 -0.033949 -0.000295 2.085575 4.563657 1.723000 2.522432 0.040466
28  313.440253 667.406729 0.937991 -0.241557 0.232494 0.006107 -0.035300 0.076681 0.000484 1.994082 4.776105 2.000000 2.764685 0.033289
30  348.885151 634.363053 2.103784 0.036056 -0.323724 0.022636 0.018560 -0.108037 0.008093 1.838442 4.069827 1.563000 -2.340532 0.018767
34  224.546073 698.562573 1.982399 -8.261023 1.983805 0.063037 -0.179387 -0.369877 0.003942 3.200093 13.698014 3.606000 3.048879 0.147774
35  306.819858 689.220567 -0.006030 -0.770818 -1.090039 0.025495 0.030091 -0.118104 -0.004127 0.692357 0.625079 1.740317 -2.113337 0.020546
37  307.861147 688.072782 0.042221 -0.159760 -1.589495 0.045626 0.118116 -0.136217 -0.004598 0.755919 0.712029 1.839861 -2.137928 0.010352
38  321.281879 668.710308 1.175367 0.202150 0.058747 0.019267 0.088511 0.004207 -0.001798 2.101835 4.483424 2.347000 -0.631353 -0.015489
44  280.814417 666.799529 0.950986 -4.844277 -6.031608 0.079466 -0.340475 -0.338716 -0.040061 1.918374 4.482237 1.993503 -2.213150 0.004411
45  348.478671 645.889332 1.937949 0.015996 -0.168297 -0.000303 -0.038818 -0.063468 -0.000650 2.047500 5.772661 1.996000 2.747613 -0.040498
47  285.567111 676.452441 0.818474 -2.725660 -3.461639 0.088034 -0.025356 -0.132064 -0.021201 0.889077 2.009361 1.839000 -2.192647 0.051764
49  305.976017 666.412595 1.376893 -0.504856 0.033021 -0.033534 0.276830 -0.174075 0.019516 2.747967 8.709330 3.078000 2.734757 -0.041295
57  317.336685 672.091802 0.668896 -0.361821 -0.278030 -0.014986 -0.128707 -0.166615 -0.002059 0.464508 0.584166 1.312000 -1.850478 -0.006076

32 12 1535657123.648262
24  330.498837 641.026932 1.489832 -0.364985 0.107904 0.008906 -0.142502 0.057072 0.000148 2.095209 4.578351 1.723000 2.476895 -0.003390
28  313.487824 667.323603 0.937594 -0.049761 0.012477 0.002127 0.042765 -0.019612 -0.001090 2.042477 4.768656 2.000000 2.769253 0.025238
30  348.778878 634.388640 2.114623 -0.095748 -0.143117 0.023947 -0.032347 -0.023381 0.007106 1.875484 4.058113 1.563000 -2.171899 0.116988
34  218.732076 700.956451 1.983685 -10.171807 3.459061 0.030340 -0.838147 0.230661 -0.008598 3.094323 13.711296 3.606000 2.908233 0.016881
35  306.903294 687.973481 0.054826 -0.210385 -1.944460 0.081539 0.233494 -0.414741 0.017544 0.737641 0.625002 1.783722 -2.142367 -0.005662
37  306.986861 688.500004 0.017683 -1.075038 -0.172530 -0.011302 -0.245428 0.417894 -0.024982 0.690028 0.652447 1.797003 -2.134721 0.009040
38  321.333276 668.289341 1.184078 0.161521 -0.472922 0.017812 0.056842 -0.194956 -0.002005 2.099672 4.484346 2.347000 -0.619461 -0.002396
44  278.307699 663.699708 0.980700 -5.014479 -6.200931 0.059439 -0.340475 -0.338716 -0.040061 1.918374 4.482237 1.993503 -2.210946 0.004411
45  348.389990 645.875085 1.937948 -0.106336 -0.098557 -0.000258 -0.077394 -0.025440 -0.000511 1.990229 5.860510 1.996000 2.775028 -0.008716
47  284.340883 674.565892 0.845016 -2.569405 -3.673415 0.063026 0.038204 -0.186906 -0.026623 0.922946 2.029787 1.839000 -2.246146 -0.001165
49  306.531445 666.062654 1.393322 0.509212 -0.436871 0.009792 0.608412 -0.319052 0.032227 2.802427 8.690831 3.078000 2.731584 -0.029647
57  317.931401 671.932028 0.661843 0.534419 -0.336528 -0.014882 0.240697 -0.157081 -0.001624 0.467214 0.533628 1.312000 -1.883761 -0.026063

33 13 1535657124.148113
24  330.280795 641.095127 1.494321 -0.436214 0.136432 0.008980 -0.142502 0.057072 0.000148 2.095209 4.578351 1.723000 2.475200 -0.003390
28  314.013836 667.315304 0.937198 0.610208 -0.008716 0.000178 0.280802 -0.023858 -0.001613 2.129207 4.758636 2.000000 2.790677 0.031112
30  348.942495 634.810716 2.116868 0.128290 0.391621 0.014917 0.054330 0.173792 0.002566 1.953495 4.143098 1.563000 -2.276009 0.016716
34  212.631602 700.652732 1.982488 -11.480301 1.269245 0.010369 -1.158694 -0.599985 -0.014246 3.027168 13.845472 3.606000 2.924821 0.021924
35  306.778844 687.175755 0.086278 -0.185445 -1.823306 0.074125 0.199274 -0.292262 0.011509 0.747525 0.650471 1.814105 -2.121216 0.010328
37  304.682187 690.397058 -0.023180 -3.214643 2.257680 -0.058041 -0.997721 1.246426 -0.037758 1.091135 1.798545 1.722002 0.141723 1.523950
38  321.033816 668.262849 1.192926 -0.276348 -0.264629 0.017336 -0.117076 -0.080917 -0.001809 2.118178 4.469820 2.347000 -0.613148 0.002612
44  275.716138 660.515537 1.000401 -5.184666 -6.370239 0.039415 -0.340475 -0.338716 -0.040061 1.918374 4.482237 1.993503 -2.208741 0.004411
45  348.363522 646.207396 1.937956 -0.090589 0.347554 -0.000201 -0.057038 0.146144 -0.000394 2.052204 5.836073 1.996000 2.833016 0.032855
47  282.863352 673.033425 0.871696 -2.790211 -3.352255 0.051882 -0.051717 -0.031509 -0.025812 0.899701 2.016315 1.839000 -2.262264 -0.011524
49  306.095885 666.618724 1.406896 -0.183729 0.414977 0.026644 0.233228 0.061502 0.032507 2.838356 8.614530 3.078000 2.748161 -0.008714
57  317.836937 672.038982 0.654859 0.153053 -0.041027 -0.014671 0.047124 -0.012766 -0.001229 0.397392 0.537607 1.312000 -1.882100 -0.016295
79  318.704334 670.372599 0.160000 -0.422016 0.472270 0.000000 -0.058753 0.122479 0.000000 1.217112 0.559036 0.514000 -1.360547 -0.010456

34 11 1535657124.648599
28  313.855985 667.531467 0.936983 0.120160 0.247018 -0.000510 0.045688 0.075945 -0.001569 2.126564 4.768851 2.000000 2.707981 -0.034415
30  349.414689 634.998437 2.116188 0.586823 0.421933 0.006589 0.210008 0.153340 -0.000903 1.950325 4.135147 1.563000 -2.255280 0.024341
34  206.595636 701.137683 1.984109 -12.060211 0.968961 0.003239 -1.158694 -0.599985 -0.014246 3.027168 13.845472 3.606000 2.935794 0.021924
35  306.287189 687.188155 0.116604 -0.616062 -0.789949 0.068474 0.001490 0.147658 0.007254 0.644616 0.556719 1.778974 -2.128254 0.002189
37  302.823388 691.839207 -0.061687 -3.713989 2.881498 -0.076938 -0.997721 1.246426 -0.037758 1.091135 1.798545 1.722002 0.904438 1.523950
38  321.207018 668.232344 1.201879 0.067876 -0.160697 0.017293 0.033172 -0.027046 -0.001487 2.179432 4.439036 2.347000 -0.602541 0.008814
45  348.041136 645.995147 1.937965 -0.429756 -0.079113 -0.000151 -0.173074 -0.040567 -0.000302 2.028400 5.797183 1.996000 2.847497 0.031546
47  281.627279 671.636834 0.914186 -2.611136 -3.026243 0.066146 0.024951 0.096340 -0.015644 0.995679 2.062754 1.839000 -2.267291 -0.011030
49  306.038381 666.781578 1.417759 -0.095356 0.374502 0.030358 0.222597 0.034786 0.027800 2.745650 8.645177 3.078000 2.714370 -0.028338
57  317.936142 671.984461 0.647888 0.189458 -0.083967 -0.014478 0.052026 -0.026740 -0.000920 0.417431 0.550916 1.312000 -1.843676 0.014742
79  319.252111 670.548933 0.160000 0.481976 0.424137 0.000000 0.224526 0.089268 0.000000 1.232079 0.523759 0.514000 -1.385388 -0.022272

35 12 1535657125.148970
28  313.927549 667.674082 0.936335 0.143022 0.285019 -0.001295 0.045688 0.075945 -0.001569 2.126564 4.768851 2.000000 2.690760 -0.034415
30  348.967034 634.253222 2.115049 -0.176207 -0.589105 0.001533 -0.103316 -0.239262 -0.002565 1.871527 4.297718 1.563000 -2.354479 -0.044332
35  306.072879 686.609026 0.151240 -0.504747 -0.976999 0.070399 0.042722 0.050354 0.006618 0.688115 0.581759 1.810782 -2.148505 -0.012042
37  301.794322 694.075827 0.126727 -3.213210 3.952523 0.123209 -0.661945 1.396633 0.035790 1.513240 2.955836 1.845301 -1.751613 -0.429354
38  320.979380 668.236327 1.210880 -0.234453 -0.066509 0.017400 -0.085769 0.013127 -0.001170 2.148424 4.509688 2.347000 -0.686574 -0.050145
45  347.967117 646.310937 1.937974 -0.298493 0.332572 -0.000114 -0.091750 0.120684 -0.000231 2.014268 5.697634 1.996000 2.835822 0.013240
47  279.664660 669.961210 0.961061 -3.381485 -3.197288 0.079232 -0.267496 0.014434 -0.007831 0.953718 2.059007 1.839000 -2.256343 -0.000053
49  306.167896 666.802427 1.426265 0.159659 0.184727 0.028137 0.276327 -0.042716 0.021765 2.822733 8.677855 3.078000 2.772269 0.019711
57  317.223417 671.825844 0.646925 -0.756717 -0.227567 -0.007223 -0.316248 -0.076067 0.002002 0.394800 0.558736 1.312000 -1.816224 0.028123
79  319.010612 670.453002 0.160000 -0.044057 0.077273 0.000000 -0.008090 -0.053401 0.000000 1.266098 0.554769 0.514000 -1.331107 0.020027
88  330.884251 641.047968 1.479207 -0.120279 -0.358495 -0.005390 -0.005025 -0.103285 -0.000787 2.062052 4.584536 1.723000 2.389257 -0.008967
91  305.662906 687.047110 0.163209 -1.159381 -0.505304 0.083517 -0.299630 -0.055822 0.012713 0.619696 0.630508 1.736480 -2.097765 -0.002036

36 11 1535657125.649405
30  349.155267 634.540999 2.114234 0.102634 -0.006276 -0.000778 0.015980 0.014300 -0.002936 1.824170 4.198759 1.563000 -2.306775 -0.001246
35  305.861388 685.714764 0.184588 -0.447445 -1.445624 0.069529 0.056116 -0.133773 0.005059 0.699370 0.645254 1.833047 -2.147253 -0.007190
37  300.020544 696.403574 0.197348 -3.544471 4.651447 0.141119 -0.661945 1.396633 0.035790 1.513240 2.955836 1.845301 -1.966477 -0.429354
38  321.145347 668.389710 1.219900 0.082733 0.156732 0.017529 0.048509 0.093920 -0.000903 2.114238 4.461675 2.347000 -0.623235 0.008801
45  347.984745 645.916983 1.937980 -0.119914 -0.304930 -0.000086 -0.007995 -0.139690 -0.000178 2.039173 5.706171 1.996000 2.861160 0.025713
47  278.596601 668.229486 1.008397 -2.698592 -3.349959 0.086713 0.037365 -0.045248 -0.003576 0.985850 2.069171 1.839000 -2.260448 -0.002771
49  306.305525 666.506432 1.434822 0.284384 -0.283098 0.026059 0.271262 -0.209488 0.016920 2.822379 8.675366 3.078000 2.846036 0.062306
57  317.710427 671.901890 0.647405 0.203213 -0.018330 -0.001969 0.104614 0.017012 0.003603 0.404718 0.511554 1.312000 -1.818201 0.017425
79  318.768497 670.638201 0.160000 -0.307232 0.240582 0.000000 -0.107778 0.019706 0.000000 1.236312 0.526835 0.514000 -1.347092 0.002848
88  331.171694 640.463613 1.475179 0.298019 -0.867409 -0.007151 0.122743 -0.242109 -0.001202 1.997751 4.618992 1.723000 2.417833 0.010954
91  305.433929 686.894383 0.188163 -0.795204 -0.395589 0.065727 -0.143531 -0.014028 0.005380 0.612884 0.650080 1.724636 -2.127258 -0.019192

37 11 1535657126.149278
30  349.210564 634.541435 2.113112 0.110622 0.000872 -0.002245 0.015980 0.014300 -0.002936 1.824170 4.198759 1.563000 -2.307398 -0.001246
35  305.615667 684.944286 0.232089 -0.462030 -1.529539 0.085626 0.040224 -0.140127 0.010116 0.702221 0.634879 1.848633 -2.145082 -0.003348
38  321.391180 668.167097 1.228920 0.334308 -0.179729 0.017649 0.133244 -0.048993 -0.000691 2.105403 4.504660 2.347000 -0.577199 0.036550
45  347.870641 646.065393 1.937985 -0.185562 0.022043 -0.000066 -0.030983 0.008263 -0.000137 2.033675 5.604296 1.996000 2.724890 -0.073670
47  277.256985 666.543626 1.050849 -2.679914 -3.372577 0.084926 0.037365 -0.045248 -0.003576 0.985850 2.069171 1.839000 -2.261833 -0.002771
49  306.050816 666.040649 1.443438 -0.129232 -0.709231 0.024306 0.066328 -0.329421 0.013110 2.763096 8.699907 3.078000 2.816954 0.022168
57  317.813354 671.980023 0.647903 0.226178 0.088405 0.000521 0.093622 0.053829 0.003861 0.380037 0.476266 1.312000 -1.846706 -0.007377
79  318.770443 670.200344 0.160000 -0.144130 -0.419148 0.000000 -0.024065 -0.238628 0.000000 1.184632 0.520076 0.514000 -1.345791 0.002767
88  330.894507 641.105620 1.471901 -0.181912 0.357708 -0.007045 -0.074453 0.248303 -0.000944 1.977874 4.571424 1.723000 2.366544 -0.025738
91  304.651823 685.678315 0.205750 -1.280167 -1.605041 0.048732 -0.294069 -0.452089 -0.001791 0.592066 0.628035 1.716345 -2.109993 -0.001831
102  313.312691 667.083491 0.937000 -0.787977 -0.292566 0.000000 -0.169895 -0.057552 0.000000 1.957336 4.965466 2.000000 2.745215 -0.005506

38 9 1535657126.649732
35  304.999396 684.662843 0.283070 -0.908810 -0.986230 0.097301 -0.133814 0.088528 0.012581 0.766059 0.703454 1.859543 -2.130864 0.007247
38  321.097623 668.245665 1.237940 -0.183044 0.009385 0.017730 -0.084457 0.030639 -0.000532 2.112506 4.543922 2.347000 -0.638811 -0.016717
45  347.679369 645.838685 1.937988 -0.308188 -0.257212 -0.000051 -0.070920 -0.097392 -0.000106 1.930344 5.574755 1.996000 2.730706 -0.045215
49  305.906716 666.246519 1.451266 -0.209536 -0.113816 0.021862 0.023995 -0.045847 0.009751 2.764110 8.697346 3.078000 2.793400 -0.000929
57  317.773130 671.859725 0.648161 0.063925 -0.095133 0.001306 0.015425 -0.024881 0.003432 0.437690 0.473227 1.312000 -1.909317 -0.046655
79  319.176967 669.955183 0.160000 0.419147 -0.509644 0.000000 0.195815 -0.227573 0.000000 1.162168 0.527965 0.514000 -1.383724 -0.023424
88  330.852631 641.332501 1.468020 -0.138575 0.464947 -0.007659 -0.043452 0.241755 -0.000999 1.970403 4.590709 1.723000 2.447333 0.036144
91  304.449536 685.174017 0.222229 -0.818737 -1.341374 0.038968 -0.059978 -0.263647 -0.005202 0.595780 0.605173 1.710542 -2.124140 -0.010572
102  313.352026 667.286705 0.937000 -0.298487 0.117805 0.000000 0.004492 0.075754 0.000000 2.054713 4.896005 2.000000 2.683276 -0.041169

39 9 1535657127.150180
35  304.511071 684.191458 0.334915 -0.975777 -0.941927 0.103597 -0.133814 0.088528 0.012581 0.766059 0.703454 1.859543 -2.127237 0.007247
38  320.904643 668.394481 1.208368 -0.320094 0.185929 -0.027802 -0.119789 0.090732 -0.017405 2.079081 4.496733 2.347000 -0.584752 0.024894
45  347.645520 645.864396 1.937991 -0.180459 -0.094669 -0.000039 -0.010070 -0.018625 -0.000082 1.944181 5.566732 1.996000 2.742587 -0.022212
49  305.815359 666.573088 1.459805 -0.188672 0.329971 0.021019 0.027297 0.128199 0.007617 2.768003 8.630330 3.078000 2.822615 0.018855
57  317.623163 671.820003 0.648238 -0.147969 -0.090898 0.001327 -0.066595 -0.018649 0.002798 0.440982 0.521070 1.312000 -1.886454 -0.015851
79  319.240824 670.316845 0.160000 0.286184 0.174628 0.000000 0.108353 0.074684 0.000000 1.163136 0.495387 0.514000 -1.431393 -0.047380
88  330.922998 641.227011 1.464850 0.018731 0.111888 -0.007073 0.025637 0.058837 -0.000580 2.063465 4.553884 1.723000 2.483101 0.047898
91  304.489088 684.902607 0.239201 -0.296725 -0.919388 0.034907 0.153030 -0.049905 -0.005764 0.596776 0.602440 1.706479 -2.167107 -0.035620
102  314.027114 667.407928 0.937000 0.679092 0.207004 0.000000 0.359896 0.094443 0.000000 2.008903 4.825254 2.000000 2.655806 -0.045609

40 10 1535657127.650049
38  321.089505 668.520157 1.170300 0.062949 0.243177 -0.059926 0.045278 0.095165 -0.026134 2.157428 4.516876 2.347000 -0.608338 0.000882
45  347.745739 646.540338 1.937993 0.042520 0.756255 -0.000030 0.074911 0.301987 -0.000063 1.985083 5.527022 1.996000 2.802514 0.025126
49  306.046300 666.284557 1.467744 0.201297 -0.179719 0.019543 0.167576 -0.085681 0.005648 2.772501 8.656956 3.078000 2.776934 -0.017871
57  317.737033 672.043966 0.648228 0.060426 0.223710 0.001103 0.023577 0.102210 0.002193 0.437561 0.484719 1.312000 -1.839302 0.020854
79  319.182718 670.027523 0.160000 0.070203 -0.255895 0.000000 0.006721 -0.101330 0.000000 1.154614 0.429845 0.514000 -1.371406 0.008379
88  330.594887 641.350493 1.461024 -0.376669 0.204038 -0.007536 -0.130354 0.082812 -0.000646 2.043342 4.524907 1.723000 2.442548 0.004947
91  304.379002 684.430564 0.255210 -0.220230 -0.944334 0.032025 0.153030 -0.049905 -0.005764 0.596776 0.602440 1.706479 -2.184913 -0.035620
102  313.680556 667.282611 0.937000 -0.063363 -0.045801 0.000000 0.005151 -0.020945 0.000000 2.060590 4.851731 2.000000 2.713012 0.007231
118  301.122379 692.191029 0.173863 -3.155212 -3.809312 0.217557 -0.534926 -0.600319 0.034237 2.082689 4.404624 1.682000 -2.259321 -0.003975
119  349.062108 633.918677 2.114000 0.084064 -1.082508 0.000000 0.032830 -0.220821 0.000000 1.996994 4.153402 1.563000 -2.271905 -0.011751

41 10 1535657128.149910
38  321.132284 668.665490 1.133815 0.085582 0.290746 -0.072990 0.045278 0.095165 -0.026134 2.157428 4.516876 2.347000 -0.607898 0.000882
45  348.452793 646.893111 1.937995 0.868456 0.788175 -0.000023 0.368740 0.257630 -0.000049 1.961006 5.497263 1.996000 2.769656 -0.005148
49  306.010841 666.007540 1.476417 0.074722 -0.418496 0.019403 0.089186 -0.158708 0.004543 2.810334 8.693637 3.078000 2.758351 -0.024304
57  317.282271 672.036145 0.648189 -0.508041 0.103177 0.000854 -0.192790 0.038214 0.001691 0.445379 0.468859 1.312000 -1.843343 0.011212
79  318.909118 670.448736 0.160000 -0.293625 0.373054 0.000000 -0.130868 0.153323 0.000000 1.201822 0.433551 0.514000 -1.388094 -0.005536
88  330.707813 640.779027 1.457872 -0.046221 -0.577298 -0.006939 0.019413 -0.228654 -0.000298 1.993421 4.565254 1.723000 2.432752 -0.003230
91  304.307154 683.946059 0.269778 -0.143736 -0.969280 0.029144 0.153030 -0.049905 -0.005764 0.596776 0.602440 1.706479 -2.202718 -0.035620
102  313.743103 667.138251 0.937000 0.049750 -0.194523 0.000000 0.047793 -0.074278 0.000000 2.068294 4.748704 2.000000 2.782897 0.051290
118  299.461703 689.849594 0.202953 -3.362084 -4.456105 0.128220 -0.516565 -0.705516 0.001938 2.078728 4.423944 1.682000 -2.294947 -0.024241
119  349.603604 634.430006 2.114000 0.649811 0.045629 0.000000 0.188209 0.129491 0.000000 2.057486 4.136643 1.563000 -2.355059 -0.054096

