1 0 1535657108.301401

2 0 1535657108.801262

3 9 1535657109.301132
3  340.369718 661.768158 0.621812 -0.097196 -0.203373 0.081796 -0.053686 -0.052650 0.012865 0.425926 0.559997 1.221000 -1.942242 -0.013515
4  324.069738 664.599223 0.401370 -0.211160 0.202087 0.010966 -0.008528 0.072360 0.001786 0.919377 0.635138 1.135000 2.541573 -0.007348
5  330.794062 640.898222 1.262350 0.192114 -0.266223 0.089491 0.044581 -0.092512 0.014137 2.179625 4.594904 1.723000 2.404746 -0.011865
6  341.215431 657.127583 1.166213 -3.165576 1.114460 -0.025024 -0.446294 0.208458 -0.003874 2.083167 4.770462 2.000000 2.881697 0.010973
7  349.286030 634.783926 1.769074 -0.239600 -0.116696 0.037626 -0.101881 -0.049549 0.005918 2.065468 4.237080 1.563000 -2.352763 -0.007237
8  298.725040 689.908660 1.008000 -2.711691 -0.989480 0.000000 -0.345294 -0.076481 0.000000 3.399697 13.994181 3.606000 -2.226938 0.000756
9  321.185752 668.007260 0.890497 0.022292 0.196834 0.009816 -0.018456 0.093065 0.001544 2.090054 4.635658 2.347000 -0.567433 -0.008554
10  345.306689 628.550462 1.843178 -0.076019 0.284473 0.112394 -0.033012 0.040429 0.017739 1.888118 3.889636 1.555000 2.395184 -0.014863
11  348.459184 645.828779 1.516817 0.580332 -0.166457 0.062165 0.123451 0.002234 0.009778 2.135252 5.550108 1.996000 2.821170 -0.018717

4 9 1535657109.801064
3  340.307709 661.653327 0.665920 -0.124036 -0.229694 0.088228 -0.053686 -0.052650 0.012865 0.425926 0.559997 1.221000 -1.948999 -0.013515
4  324.535369 664.430339 0.408768 0.476439 -0.109280 0.013631 0.201363 -0.033074 0.002324 0.881658 0.669152 1.135000 2.582138 0.019306
5  330.842107 640.995656 1.320447 0.143033 -0.006381 0.108413 0.022930 0.000347 0.017733 2.168481 4.535416 1.723000 2.388861 -0.017862
6  337.818405 658.039317 1.149510 -5.443676 1.583691 -0.030852 -1.069716 0.319193 -0.005055 2.075291 4.839825 2.000000 2.866782 -0.001318
7  349.267485 634.478760 1.793367 -0.137637 -0.424380 0.045416 -0.055497 -0.135376 0.007384 2.020747 4.219610 1.563000 -2.297398 0.028300
8  298.139528 688.301857 1.008000 -1.850797 -2.346710 0.000000 -0.031755 -0.476625 0.000000 3.406138 13.925076 3.606000 -2.277213 -0.029761
9  321.133763 668.061135 0.896835 -0.057555 0.161557 0.011848 -0.039880 0.068249 0.001926 2.100200 4.592592 2.347000 -0.540619 0.010178
10  344.725084 628.128599 1.915198 -0.738555 -0.388210 0.135016 -0.229000 -0.169775 0.021912 1.874170 3.982722 1.555000 2.429874 0.010514
11  348.372864 646.060580 1.557817 0.150539 0.214134 0.076077 -0.025659 0.117355 0.012515 2.044674 5.585752 1.996000 2.883358 0.024387

5 11 1535657110.200261
3  340.249639 661.553244 0.703191 -0.145467 -0.250712 0.093364 -0.053686 -0.052650 0.012865 0.425926 0.559997 1.221000 -1.954394 -0.013515
4  324.370048 664.357629 0.414924 0.082054 -0.151654 0.014981 0.038323 -0.043092 0.002469 0.874458 0.702046 1.135000 2.596851 0.023662
5  330.775362 640.855367 1.366099 -0.003983 -0.175028 0.114939 -0.030700 -0.057615 0.017543 2.140442 4.497483 1.723000 2.397907 -0.007804
6  335.650388 658.722117 1.133610 -5.655674 1.710781 -0.036274 -0.995872 0.319079 -0.006224 2.058794 4.862249 2.000000 2.824377 -0.027357
7  349.258325 634.425357 1.812121 -0.092878 -0.309900 0.047687 -0.032518 -0.077504 0.007151 2.006347 4.174903 1.563000 -2.329973 0.001022
8  297.592623 687.146676 1.008000 -1.622185 -2.711434 0.000000 0.051106 -0.536535 0.000000 3.265147 13.908847 3.606000 -2.240324 0.000562
9  321.090820 668.297084 0.901977 -0.090148 0.385493 0.012746 -0.045606 0.135795 0.001971 2.148774 4.601484 2.347000 -0.519270 0.020926
10  344.587443 628.141785 1.922079 -0.592735 -0.216871 0.081896 -0.147531 -0.087661 0.000666 1.961909 3.966668 1.555000 2.489333 0.044874
11  348.227623 645.996827 1.589213 -0.106208 0.055280 0.079886 -0.110311 0.046715 0.012107 2.062917 5.636739 1.996000 2.871885 0.011201
13  350.259211 652.600713 1.991164 -3.762641 1.267154 -0.001169 -0.520092 0.204436 -0.000221 2.800189 8.754855 3.078000 2.828530 0.005573
14  339.589811 659.678432 0.697958 0.065896 0.163983 0.051187 -0.002633 0.025667 0.007412 0.524587 0.603258 1.017000 2.748720 -0.028804

6 13 1535657110.651414
3  340.173084 661.429418 0.747931 -0.169687 -0.274465 0.099168 -0.053686 -0.052650 0.012865 0.425926 0.559997 1.221000 -1.960491 -0.013515
4  324.488369 664.106110 0.421185 0.191878 -0.390564 0.014835 0.072423 -0.123968 0.002004 0.876869 0.692991 1.135000 2.591721 0.012986
5  331.015385 640.851962 1.416016 0.294468 -0.091134 0.115918 0.084386 -0.017121 0.014987 2.133416 4.535046 1.723000 2.411590 0.003817
6  333.413769 659.522139 1.114308 -5.453274 1.808473 -0.041184 -0.755718 0.302032 -0.006998 2.070174 4.871032 2.000000 2.844165 -0.005653
7  349.169694 634.866528 1.833325 -0.158044 0.406414 0.048691 -0.051126 0.199350 0.006332 2.060145 4.205595 1.563000 -2.335930 -0.003313
8  296.729214 685.901329 1.008000 -1.777845 -2.843803 0.000000 -0.014753 -0.496113 0.000000 3.131954 13.886934 3.606000 -2.252376 -0.007751
9  321.191210 667.843166 0.907176 0.078549 -0.378442 0.012436 0.024143 -0.168300 0.001529 2.152278 4.601108 2.347000 -0.521160 0.013272
10  345.132018 629.053381 1.912586 0.400750 1.036859 0.023560 0.243107 0.388926 -0.020942 2.002675 3.871833 1.555000 2.459806 0.011254
11  348.058286 646.628192 1.624579 -0.280570 0.827835 0.081397 -0.156226 0.323643 0.010651 2.087179 5.583378 1.996000 2.834744 -0.017301
13  347.954776 653.126073 1.990940 -4.647256 1.245321 -0.000817 -0.698097 0.173197 -0.000097 2.798298 8.788529 3.078000 2.825066 0.001986
14  339.490873 659.740784 0.729760 -0.101507 0.153701 0.063871 -0.048154 0.019680 0.009970 0.540676 0.597557 1.017000 2.775113 -0.005173
15  290.173751 672.237574 0.698678 2.169456 3.710274 0.000124 0.292821 0.561232 0.002601 2.401367 5.216774 1.975000 0.903973 -0.041998
16  340.506593 661.710780 0.765402 0.148550 0.081954 0.084041 0.016797 0.015215 0.012095 0.436037 0.598669 1.221000 -1.951396 -0.000244

7 12 1535657111.149672
4  324.126449 664.138213 0.428147 -0.352681 -0.137918 0.014702 -0.150734 -0.003131 0.001569 0.832731 0.643951 1.135000 2.601952 0.015594
5  330.866309 640.939369 1.411463 -0.050268 0.067708 0.042755 -0.064265 0.047205 -0.016001 2.212178 4.573546 1.723000 2.469452 0.042629
6  331.030353 660.066504 1.092870 -5.193206 1.431803 -0.043670 -0.511051 0.099430 -0.006614 2.100643 4.821519 2.000000 2.842928 -0.004557
7  349.092052 634.920321 1.856432 -0.166670 0.263720 0.048517 -0.044651 0.106335 0.005053 2.055233 4.218292 1.563000 -2.336555 -0.002602
8  295.830865 684.377040 1.008000 -1.796015 -3.071671 0.000000 -0.018911 -0.488686 0.000000 3.157006 13.792403 3.606000 -2.222294 0.015791
9  321.683810 668.120807 0.913103 0.636988 0.158008 0.012405 0.234143 0.070101 0.001224 2.154991 4.600443 2.347000 -0.514095 0.013585
10  344.806626 628.795802 1.899163 -0.192987 0.167353 -0.011251 -0.031636 -0.019726 -0.030311 2.017920 3.939394 1.555000 2.476896 0.019217
11  347.896350 646.334673 1.662791 -0.338085 0.028881 0.080612 -0.148414 -0.045393 0.008310 2.092351 5.633879 1.996000 2.776222 -0.051910
13  345.459957 654.255571 1.990070 -5.002354 1.898210 -0.001399 -0.700647 0.372061 -0.000285 2.801660 8.825514 3.078000 2.831559 0.005663
14  339.442920 660.051568 0.764871 -0.107774 0.442317 0.069825 -0.041932 0.117537 0.010316 0.564417 0.581743 1.017000 2.800538 0.013535
15  292.562934 675.072700 0.607001 3.847890 5.040661 -0.113172 0.727241 0.859083 -0.029882 2.425363 5.237847 1.975000 0.954419 0.001742
16  340.731504 661.891422 0.823931 0.338914 0.258265 0.107002 0.068386 0.063044 0.016895 0.424588 0.595550 1.221000 -1.928629 0.013783

8 13 1535657111.649009
4  323.912759 664.068565 0.435879 -0.427948 -0.139481 0.015485 -0.150734 -0.003131 0.001569 0.832731 0.643951 1.135000 2.609738 0.015594
5  330.876461 640.866975 1.391957 -0.021000 -0.049891 -0.009349 -0.040374 -0.007761 -0.033177 2.132211 4.606301 1.723000 2.439792 0.007878
6  329.090663 660.916745 1.071640 -4.513954 1.613677 -0.044309 -0.147217 0.150913 -0.005577 2.174188 4.818686 2.000000 2.812816 -0.023544
7  348.755382 634.452594 1.879406 -0.478923 -0.432181 0.048034 -0.157549 -0.185296 0.003882 2.081489 4.142687 1.563000 -2.286186 0.032641
8  294.446533 683.092452 1.115610 -2.383189 -2.871673 0.128769 -0.243857 -0.315803 0.050138 3.112164 13.805929 3.606000 -2.259386 -0.014887
9  321.325557 668.472388 0.919084 -0.125264 0.498394 0.012396 -0.108171 0.189005 0.000983 2.145840 4.590751 2.347000 -0.492889 0.023423
10  345.013442 628.586894 1.887720 0.163450 -0.186594 -0.024313 0.113297 -0.153704 -0.029504 1.891070 3.952686 1.555000 2.468612 0.007022
11  348.116022 646.410639 1.700712 0.096966 0.093404 0.079492 0.049833 -0.011444 0.006258 2.083948 5.626498 1.996000 2.819957 -0.004398
13  342.805955 655.385576 1.989902 -5.330028 2.190869 -0.000822 -0.692072 0.413373 -0.000006 2.788259 8.718095 3.078000 2.836893 0.007352
14  339.118494 659.879440 0.798603 -0.439755 -0.003895 0.070545 -0.162166 -0.077633 0.008603 0.582315 0.603594 1.017000 2.796170 0.006036
15  294.279425 677.697989 0.492289 3.751160 5.343542 -0.188519 0.561205 0.813558 -0.051699 2.442319 5.271058 1.975000 0.934945 -0.011588
16  340.917787 662.036103 0.881574 0.373061 0.289745 0.115438 0.068386 0.063044 0.016895 0.424588 0.595550 1.221000 -1.921746 0.013783
17  317.798775 671.533309 0.410000 0.093928 -0.369805 0.000000 0.058680 -0.081508 0.000000 0.493657 0.385398 1.312000 -1.834990 0.008648

9 13 1535657112.148325
4  323.661497 663.998140 0.444003 -0.503212 -0.141044 0.016269 -0.150734 -0.003131 0.001569 0.832731 0.643951 1.135000 2.617524 0.015594
5  330.846098 640.858991 1.372988 -0.052843 -0.031304 -0.033095 -0.044903 0.000945 -0.035961 2.107684 4.560371 1.723000 2.468881 0.024819
6  326.881432 661.931512 1.056610 -4.490574 1.893144 -0.036990 -0.109662 0.230030 -0.001661 2.101709 4.836697 2.000000 2.840472 0.002997
7  348.355785 634.927727 1.902332 -0.701898 0.353081 0.047560 -0.213484 0.154941 0.002947 2.078203 4.141700 1.563000 -2.269142 0.033143
8  292.720686 681.289026 1.248769 -3.070692 -3.375671 0.220921 -0.463144 -0.450037 0.076153 3.120316 13.723517 3.606000 -2.283275 -0.025969
9  321.434334 668.072507 0.925073 0.056854 -0.235875 0.012356 -0.016645 -0.132185 0.000777 2.111745 4.545673 2.347000 -0.528327 -0.008318
10  344.994360 628.345867 1.878343 0.066474 -0.393779 -0.026996 0.053781 -0.204263 -0.024833 1.873977 3.837587 1.555000 2.468804 0.004790
11  347.837900 646.691837 1.738558 -0.281795 0.370406 0.078561 -0.106623 0.098139 0.004686 2.113443 5.607007 1.996000 2.850645 0.017747
13  340.087663 656.003164 1.971877 -5.537540 1.705466 -0.021855 -0.637815 0.141481 -0.008272 2.760393 8.702154 3.078000 2.819803 -0.006577
14  339.273454 660.059772 0.832558 -0.025262 0.198088 0.070764 0.032561 0.016985 0.007001 0.608639 0.607955 1.017000 2.810139 0.013386
15  296.768664 680.473057 0.377308 4.599312 5.635439 -0.223826 0.782506 0.769009 -0.055398 2.412059 5.253671 1.975000 0.914551 -0.021300
16  341.121112 662.196495 0.943426 0.407208 0.321224 0.123874 0.068386 0.063044 0.016895 0.424588 0.595550 1.221000 -1.914864 0.013783
17  317.964991 671.614019 0.442806 0.249637 -0.065541 0.039614 0.096982 0.023015 0.012003 0.510033 0.393058 1.312000 -1.838703 0.003810

10 15 1535657112.648213
4  323.372281 663.926851 0.452528 -0.578562 -0.142609 0.017054 -0.150734 -0.003131 0.001569 0.832731 0.643951 1.135000 2.625319 0.015594
5  330.691386 641.003118 1.355653 -0.214379 0.158707 -0.041336 -0.098246 0.073636 -0.032227 2.096728 4.548528 1.723000 2.399723 -0.029785
6  324.560838 662.462104 1.043111 -4.602902 1.445898 -0.031397 -0.131718 0.014405 0.000803 2.063571 4.855537 2.000000 2.819214 -0.012237
7  348.896993 634.488489 1.925260 0.314580 -0.346982 0.047153 0.217277 -0.143247 0.002226 2.068215 4.248527 1.563000 -2.335622 -0.022453
8  291.087012 680.629198 1.274978 -3.281942 -2.246177 0.136317 -0.455370 0.069418 0.029107 3.148978 13.753500 3.606000 -2.317032 -0.039878
9  321.310327 668.573419 0.931063 -0.127615 0.472471 0.012292 -0.084200 0.164817 0.000603 2.103658 4.539309 2.347000 -0.538482 -0.012333
10  344.450375 628.300724 1.870973 -0.608357 -0.255020 -0.024761 -0.215337 -0.111887 -0.019215 1.966093 3.935036 1.555000 2.381805 -0.055055
11  348.040592 645.931642 1.781576 0.104717 -0.732786 0.083964 0.062051 -0.343765 0.005860 2.129024 5.587546 1.996000 2.769772 -0.042332
13  337.535790 656.645395 1.949530 -5.408872 1.483541 -0.037134 -0.463783 0.027671 -0.012605 2.790074 8.674297 3.078000 2.801909 -0.016344
14  339.268962 660.163039 0.869681 -0.008985 0.206579 0.074263 0.032561 0.016985 0.007001 0.608639 0.607955 1.017000 2.816831 0.013386
15  298.929987 682.822069 0.267413 4.592802 5.232225 -0.232627 0.626694 0.460410 -0.047996 2.386751 5.235251 1.975000 0.916082 -0.013180
16  341.341759 662.372825 1.009571 0.441393 0.352739 0.132320 0.068386 0.063044 0.016895 0.424588 0.595550 1.221000 -1.907974 0.013783
17  317.697024 672.170478 0.482248 -0.196198 0.637628 0.065339 -0.083027 0.274891 0.019186 0.486457 0.422897 1.312000 -1.864160 -0.013888
18  324.307916 664.228150 0.558231 0.016082 -0.357195 0.073622 -0.013173 -0.068684 0.011574 0.906124 0.551599 1.135000 2.571520 0.009993
19  318.971673 670.160362 0.010000 -0.260531 -0.091067 0.000000 -0.059568 -0.035523 0.000000 1.162961 0.583798 0.514000 -1.375332 -0.021506

11 13 1535657113.148632
5  330.971256 641.022326 1.361325 0.224595 0.102313 -0.016648 0.087150 0.038222 -0.016725 2.172411 4.454976 1.723000 2.404412 -0.016700
6  323.236122 662.696440 1.029660 -3.469492 0.868854 -0.028553 0.323788 -0.207496 0.001730 2.056104 4.830759 2.000000 2.830476 -0.000627
7  348.987210 634.710771 1.949059 0.279133 0.093227 0.047846 0.162519 0.051171 0.002066 2.093262 4.193728 1.563000 -2.364962 -0.034542
8  288.935208 679.187827 1.318305 -3.978598 -2.608260 0.112735 -0.633414 -0.081295 0.014618 3.092478 13.756731 3.606000 -2.443558 -0.111043
9  320.736861 668.267175 0.937052 -0.748897 -0.137334 0.012222 -0.304161 -0.098113 0.000462 2.166634 4.521735 2.347000 -0.540328 -0.009445
10  344.660434 629.002556 1.914061 -0.042249 0.705530 0.037099 0.040599 0.274197 0.007931 2.003778 3.844885 1.555000 2.514047 0.051650
11  348.126878 645.888587 1.825867 0.157516 -0.419070 0.087852 0.070311 -0.159279 0.006223 2.071723 5.697095 1.996000 2.828937 0.011323
13  335.573959 657.339050 1.926252 -4.618379 1.431276 -0.045269 -0.071626 0.002317 -0.013306 2.747227 8.718172 3.078000 2.810794 -0.004953
14  339.272620 660.270668 0.908597 0.007309 0.215078 0.077767 0.032561 0.016985 0.007001 0.608639 0.607955 1.017000 2.823530 0.013386
15  301.424923 686.331633 0.161341 4.953609 6.385722 -0.230047 0.644948 0.817431 -0.037709 2.366141 5.260172 1.975000 0.886246 -0.028681
17  317.888089 672.050546 0.522540 0.130816 0.171473 0.078258 0.058780 0.042607 0.020463 0.520161 0.431177 1.312000 -1.833400 0.011033
18  324.071771 664.374843 0.604905 -0.281137 0.021814 0.087779 -0.101358 0.056748 0.014112 0.889994 0.582242 1.135000 2.552009 -0.004778
19  319.082119 669.785784 0.041954 0.018196 -0.495043 0.038551 0.034051 -0.152707 0.011698 1.223179 0.522478 0.514000 -1.381706 -0.018862

12 13 1535657113.648526
5  331.105308 641.083023 1.348823 0.268160 0.121420 -0.025009 0.087150 0.038222 -0.016725 2.172411 4.454976 1.723000 2.396064 -0.016700
6  321.960181 663.712744 1.015974 -2.860610 1.515627 -0.027505 0.492339 0.075483 0.001800 2.031565 4.904473 2.000000 2.776319 -0.036537
7  348.445738 634.862370 1.972212 -0.494088 0.227990 0.047362 -0.159660 0.092339 0.001494 2.014590 4.146612 1.563000 -2.356052 -0.017084
8  287.622676 678.683577 1.370323 -3.306962 -1.678044 0.110582 -0.260780 0.284770 0.011051 3.159982 13.817273 3.606000 -2.587336 -0.169910
9  321.070980 668.363932 0.943039 0.027966 0.038510 0.012172 0.046089 -0.013317 0.000356 2.205909 4.510803 2.347000 -0.587845 -0.037986
10  345.425404 628.608436 1.970116 0.896832 -0.122822 0.083131 0.387032 -0.089820 0.023793 1.811035 3.790986 1.555000 2.476473 0.009372
11  348.171040 646.193326 1.869332 0.130915 0.157330 0.088587 0.047028 0.088077 0.005327 2.052839 5.641249 1.996000 2.812482 -0.003427
13  332.634521 658.429852 1.904333 -5.380600 1.876620 -0.047137 -0.347164 0.170801 -0.011492 2.792829 8.768646 3.078000 2.829139 0.008932
15  303.942544 689.701103 0.055877 5.133819 6.762328 -0.226401 0.590684 0.805211 -0.029124 2.392230 5.271148 1.975000 0.954968 0.026694
17  317.762442 671.856812 0.560956 -0.084482 -0.152254 0.081567 -0.035661 -0.090565 0.017792 0.481745 0.494205 1.312000 -1.899320 -0.036463
18  323.945213 664.525146 0.651186 -0.285227 0.198555 0.093500 -0.084389 0.110800 0.013626 0.885901 0.562800 1.135000 2.530846 -0.016915
19  319.258989 670.229010 0.082039 0.223935 0.292259 0.065598 0.102800 0.161914 0.019420 1.216693 0.576177 0.514000 -1.322256 0.025668
20  300.790233 690.854435 -0.142718 -2.039878 -3.191922 0.209375 -0.324198 -0.529113 0.032948 2.267519 4.945893 1.518000 -2.275202 0.027271

13 14 1535657114.148383
5  331.261125 641.153265 1.332143 0.311723 0.140525 -0.033370 0.087150 0.038222 -0.016725 2.172411 4.454976 1.723000 2.387716 -0.016700
6  320.035829 663.919860 1.002096 -3.345196 0.879627 -0.027291 0.218124 -0.177358 0.001542 2.077535 4.876444 2.000000 2.749411 -0.042301
7  349.147277 634.541646 1.995179 0.595736 -0.267542 0.046831 0.279285 -0.110949 0.001015 2.049282 4.173420 1.563000 -2.324938 0.009354
8  285.465617 677.909209 1.446062 -3.956680 -1.543672 0.137054 -0.455690 0.281778 0.018913 3.176405 13.837894 3.606000 -2.759943 -0.228367
9  320.991201 668.422112 0.949030 -0.073571 0.081860 0.012134 -0.000662 0.005450 0.000275 2.202620 4.487060 2.347000 -0.589679 -0.026549
10  345.134115 628.599603 2.025412 0.100680 -0.078965 0.104252 0.015644 -0.056512 0.027256 1.762744 3.800468 1.555000 2.452080 -0.010015
11  348.347634 646.085055 1.913277 0.272052 -0.045871 0.089277 0.091173 -0.004703 0.004587 2.065006 5.687236 1.996000 2.902233 0.057555
13  330.321282 659.547495 1.883133 -5.005878 2.124123 -0.046685 -0.140686 0.231860 -0.009158 2.785149 8.740015 3.078000 2.819735 -0.000315
15  306.454398 693.474266 -0.049494 5.189849 7.392046 -0.223098 0.500248 0.891110 -0.022372 2.418679 5.292316 1.975000 0.878062 -0.033472
17  317.855886 671.816605 0.577691 0.069371 -0.128029 0.056640 0.029965 -0.063999 0.004864 0.480463 0.472562 1.312000 -1.836027 0.017841
18  324.081516 664.616699 0.695896 0.029228 0.211874 0.093854 0.052779 0.094621 0.011142 0.858360 0.606536 1.135000 2.532422 -0.010288
19  319.417239 670.450287 0.121672 0.299847 0.414489 0.077672 0.112234 0.177798 0.020330 1.234219 0.588888 0.514000 -1.296267 0.034360
20  299.003960 689.312197 -0.007527 -3.029307 -3.232588 0.252755 -0.575232 -0.461205 0.041113 2.260459 4.952615 1.518000 -2.296466 0.006248
22  290.857118 672.854634 0.558310 2.717020 3.959099 -0.063316 0.433656 0.630588 -0.010020 2.205250 4.956989 1.597000 0.843278 0.001097

14 15 1535657114.648261
5  331.438725 641.233062 1.311283 0.355287 0.159632 -0.041730 0.087150 0.038222 -0.016725 2.172411 4.454976 1.723000 2.379368 -0.016700
6  318.927031 664.764664 0.988977 -2.634228 1.322556 -0.026357 0.443381 0.021574 0.001603 2.121787 4.826958 2.000000 2.764048 -0.018444
7  348.803694 634.618380 2.018120 -0.105850 -0.041256 0.046483 -0.035509 -0.005513 0.000695 2.063080 4.162305 1.563000 -2.239885 0.062942
8  283.077042 677.979506 1.527618 -4.535596 -0.490216 0.156349 -0.587089 0.623294 0.022595 3.185847 13.861378 3.606000 -2.964848 -0.288871
9  321.328775 668.363146 0.961026 0.369090 -0.035176 0.019205 0.165115 -0.039367 0.002870 2.181119 4.570533 2.347000 -0.583965 -0.013891
10  345.188352 628.546009 2.084336 0.108500 -0.107214 0.117876 0.015644 -0.056512 0.027256 1.762744 3.800468 1.555000 2.447074 -0.010015
11  348.053600 646.612506 1.921276 -0.217972 0.604180 0.046888 -0.109261 0.239440 -0.012134 2.079800 5.636695 1.996000 2.905164 0.040327
13  328.808638 659.596348 1.888805 -3.863580 0.972917 -0.014231 0.314040 -0.243297 0.004729 2.860644 8.701937 3.078000 2.818521 -0.001019
15  309.173691 697.392058 -0.166605 5.439912 7.837492 -0.234281 0.500248 0.891110 -0.022372 2.418679 5.292316 1.975000 0.861330 -0.033472
17  317.811441 672.061982 0.588151 -0.018313 0.225652 0.036469 -0.008913 0.082055 -0.003696 0.480578 0.450726 1.312000 -1.871970 -0.012062
18  324.163443 664.771258 0.740790 0.119997 0.288915 0.093707 0.077620 0.106097 0.008937 0.827203 0.658929 1.135000 2.535789 -0.004630
19  319.262020 670.044697 0.160787 -0.040336 -0.278394 0.082136 -0.040664 -0.123826 0.018132 1.231503 0.571860 0.514000 -1.354739 -0.015940
20  297.458202 687.355939 0.139310 -3.183803 -3.729927 0.285415 -0.526772 -0.558379 0.045524 2.268474 4.944202 1.518000 -2.349233 -0.029889
22  293.001085 675.603138 0.483439 3.751306 5.012710 -0.117461 0.681656 0.854587 -0.024926 2.193925 4.936472 1.597000 0.864267 0.013412
23  330.540854 640.942291 1.396163 -0.593694 -0.389263 0.016359 -0.120541 -0.105381 0.002573 2.105479 4.504289 1.723000 2.459320 0.009513

15 15 1535657115.148131
6  317.681274 665.329963 0.975171 -2.459628 1.213672 -0.026775 0.425809 -0.023135 0.001148 2.100472 4.861708 2.000000 2.657609 -0.083261
7  348.683897 634.585881 2.041132 -0.192201 -0.056427 0.046361 -0.061139 -0.010151 0.000519 1.963480 4.256287 1.563000 -2.320425 -0.011731
8  280.637141 678.236002 1.574189 -4.859806 0.230262 0.123620 -0.598575 0.776065 0.006148 3.179560 13.874560 3.606000 -3.142777 -0.311226
9  321.377428 668.190212 0.974479 0.242200 -0.226928 0.024347 0.086874 -0.103654 0.004255 2.192575 4.565685 2.347000 -0.556168 0.009271
10  345.246497 628.478295 2.150069 0.116320 -0.135463 0.131501 0.015644 -0.056512 0.027256 1.762744 3.800468 1.555000 2.442068 -0.010015
11  348.281426 646.412155 1.920519 0.157950 0.059067 0.015797 0.051589 -0.008931 -0.021484 2.110539 5.677822 1.996000 2.878727 0.009262
13  327.469447 660.305284 1.900990 -3.099109 1.186487 0.009560 0.541274 -0.117919 0.012744 2.877233 8.707411 3.078000 2.794223 -0.016879
15  312.017936 701.532445 -0.289305 5.689971 8.282931 -0.245464 0.500248 0.891110 -0.022372 2.418679 5.292316 1.975000 0.844599 -0.033472
17  317.895880 671.978739 0.599060 0.090679 0.010292 0.027047 0.033774 -0.014414 -0.006546 0.468387 0.484611 1.312000 -1.795376 0.043020
18  324.242821 664.942188 0.789864 0.158797 0.341950 0.098174 0.077620 0.106097 0.008937 0.827203 0.658929 1.135000 2.533475 -0.004630
19  319.061538 670.002557 0.166558 -0.262709 -0.188349 0.043920 -0.117881 -0.065758 0.000063 1.250412 0.570701 0.514000 -1.387058 -0.032163
20  295.765576 685.497176 0.287042 -3.410873 -3.836362 0.300665 -0.512832 -0.491970 0.042637 2.309895 4.948080 1.518000 -2.349918 -0.020470
22  295.079749 677.866272 0.402626 4.131362 4.899339 -0.148729 0.695976 0.657701 -0.031777 2.169265 4.991638 1.597000 0.974604 0.080419
23  330.602193 641.270932 1.406725 -0.185441 0.221253 0.019747 0.021585 0.095804 0.003211 2.147187 4.523163 1.723000 2.406916 -0.024924
24  304.620500 695.907980 0.245866 -2.700138 -3.750173 0.197946 -0.465318 -0.623292 0.031134 2.674160 7.133314 2.455000 -2.203918 0.037377

16 13 1535657115.648632
6  316.556894 665.931612 0.962058 -2.246510 1.202093 -0.026201 0.425809 -0.023135 0.001148 2.100472 4.861708 2.000000 2.615936 -0.083261
7  348.564834 634.874614 2.064094 -0.231088 0.289150 0.046213 -0.064146 0.117111 0.000371 1.905777 4.164332 1.563000 -2.288154 0.012362
8  278.480531 679.391949 1.611357 -4.656248 1.619007 0.095677 -0.410735 1.149515 -0.005433 3.147008 13.794562 3.606000 1.471171 2.869128
9  321.305352 668.280591 0.987962 0.031479 -0.007038 0.026750 -0.008027 -0.002195 0.004357 2.164840 4.548486 2.347000 -0.575140 -0.006474
11  348.551408 645.958533 1.919576 0.394172 -0.513885 0.000946 0.130138 -0.221162 -0.023014 2.240562 5.567226 1.996000 2.885674 0.010803
13  326.377982 660.566826 1.913283 -2.445126 0.769568 0.021041 0.684389 -0.251630 0.014650 2.774967 8.704173 3.078000 2.835176 0.016061
17  317.981428 671.821858 0.610136 0.145081 -0.184306 0.022799 0.047833 -0.084664 -0.006910 0.434364 0.484636 1.312000 -1.842925 -0.003041
18  324.341743 665.139912 0.841239 0.197646 0.395052 0.102647 0.077620 0.106097 0.008937 0.827203 0.658929 1.135000 2.531157 -0.004630
19  319.046007 670.121596 0.164044 -0.149312 0.051024 0.014906 -0.052586 0.037370 -0.010938 1.223913 0.560253 0.514000 -1.386033 -0.020748
20  293.807032 683.147100 0.388754 -3.813735 -4.447349 0.251307 -0.569247 -0.632730 0.015354 2.318973 4.993416 1.518000 -2.313893 0.010301
22  297.544722 681.010624 0.326042 4.744621 5.855494 -0.157721 0.797889 0.898891 -0.029118 2.170450 5.057639 1.597000 0.958449 0.043148
23  330.298568 641.374334 1.417058 -0.430818 0.232078 0.020935 -0.071753 0.082278 0.003058 2.143297 4.498015 1.723000 2.431671 -0.000849
24  302.710197 694.451302 0.373692 -3.466633 -3.366747 0.238808 -0.627265 -0.412245 0.038806 2.703748 7.084376 2.455000 -2.229875 0.010462

17 13 1535657116.148450
6  315.540423 666.526660 0.949249 -2.033683 1.190530 -0.025627 0.425809 -0.023135 0.001148 2.100472 4.861708 2.000000 2.574321 -0.083261
7  348.798145 634.624125 2.074279 0.132798 -0.112761 0.032284 0.078949 -0.049294 -0.004730 1.822655 4.145869 1.563000 -2.297644 0.002695
8  276.257748 680.177195 1.647687 -4.616746 1.825797 0.080982 -0.319414 1.012322 -0.009902 3.200934 13.815856 3.606000 2.995550 2.929342
9  321.285312 668.439154 1.001203 -0.012447 0.184093 0.027489 -0.022917 0.069516 0.003820 2.176617 4.510225 2.347000 -0.557759 0.007268
11  348.507441 646.027892 1.920044 0.135950 -0.173542 -0.003767 0.009543 -0.052959 -0.020481 2.139032 5.516697 1.996000 2.832004 -0.028570
13  325.331800 660.995660 1.902203 -2.097189 0.770342 -0.001493 0.686579 -0.204402 0.003507 2.755789 8.747729 3.078000 2.847998 0.019257
17  318.151987 672.052863 0.622545 0.270794 0.180472 0.022585 0.085905 0.067577 -0.005699 0.436961 0.524901 1.312000 -1.823919 0.010641
19  319.062524 670.269183 0.161246 -0.052154 0.203165 0.000542 -0.006137 0.087590 -0.014286 1.264629 0.520912 0.514000 -1.351973 0.008865
20  291.828234 680.718918 0.479393 -4.015647 -4.819692 0.212914 -0.537674 -0.654169 -0.002252 2.315661 4.986831 1.518000 -2.192486 0.087735
22  299.956020 684.352990 0.252014 4.953759 6.532080 -0.157910 0.724707 0.986598 -0.023575 2.160806 5.044155 1.597000 0.953061 0.025229
23  330.498695 641.222848 1.427182 0.048504 -0.069205 0.021151 0.126401 -0.049421 0.002553 2.100203 4.459118 1.723000 2.427180 -0.003535
24  301.051917 692.429213 0.497816 -3.506306 -3.852844 0.252361 -0.527507 -0.514263 0.036678 2.705732 7.142499 2.455000 -2.234435 0.004134
25  309.865520 702.690366 -0.510221 1.867860 -0.672169 -0.148323 0.537824 0.016578 -0.037936 1.285327 2.835494 1.887300 -2.252734 0.010402

18 12 1535657116.649423
7  348.730195 635.005852 2.081057 0.004198 0.353605 0.020969 0.018141 0.128286 -0.007965 1.931797 4.155765 1.563000 -2.343238 -0.026135
8  273.549935 681.315609 1.673102 -5.148695 2.297110 0.061052 -0.458159 0.998955 -0.015486 3.127159 13.824348 3.606000 3.334954 2.177173
9  321.101652 668.525715 1.014275 -0.226768 0.191612 0.027444 -0.098585 0.059330 0.003090 2.148067 4.469489 2.347000 -0.573555 -0.005692
11  348.007208 646.085163 1.921579 -0.533620 -0.013976 -0.003910 -0.242017 0.016462 -0.016707 2.038525 5.419810 1.996000 2.843750 -0.011195
13  323.700878 661.072510 1.884036 -2.642500 0.363362 -0.021358 0.354763 -0.318051 -0.004561 2.733365 8.790987 3.078000 2.920505 0.061168
17  317.988719 672.201798 0.634634 -0.064929 0.263446 0.022336 -0.055592 0.085927 -0.004725 0.419626 0.532860 1.312000 -1.837725 -0.002118
19  319.154845 670.257518 0.159706 0.086661 0.086899 -0.004517 0.047063 0.027546 -0.013499 1.238616 0.499362 0.514000 -1.368564 -0.005158
20  289.527871 678.090014 0.568758 -4.467083 -5.206872 0.191961 -0.606644 -0.676691 -0.009762 2.374634 4.977131 1.518000 -2.279859 0.000192
22  301.674351 687.381045 0.179024 4.195017 6.442503 -0.155438 0.295825 0.763389 -0.018115 2.186211 5.007611 1.597000 0.969657 0.027865
23  330.867546 640.790185 1.432045 0.483745 -0.552384 0.014852 0.269948 -0.226356 -0.000372 2.031812 4.536743 1.723000 2.435884 0.003431
24  299.409950 690.301697 0.615029 -3.477062 -4.191616 0.248849 -0.414578 -0.545482 0.028257 2.707177 7.149263 2.455000 -2.276740 -0.025187
25  310.936247 702.357788 -0.594048 2.137295 -0.663864 -0.167328 0.537824 0.016578 -0.037936 1.285327 2.835494 1.887300 -2.247523 0.010402

19 13 1535657117.149304
7  348.736827 635.214669 2.089549 0.013267 0.417733 0.016987 0.018141 0.128286 -0.007965 1.931797 4.155765 1.563000 -2.356302 -0.026135
8  270.704565 681.572935 1.697393 -5.563418 1.448697 0.050524 -0.527396 0.496440 -0.016525 3.156229 13.790164 3.606000 3.228124 1.380718
9  321.191525 668.553828 1.027252 -0.006790 0.123788 0.027200 0.001808 0.022984 0.002423 2.126947 4.416793 2.347000 -0.563933 0.002617
11  347.941331 645.539806 1.923637 -0.345779 -0.646779 -0.002587 -0.126874 -0.222545 -0.013100 2.084899 5.409070 1.996000 2.808030 -0.031269
13  321.613209 661.713537 1.866030 -3.475955 0.841143 -0.030952 -0.022167 -0.080597 -0.007288 2.794585 8.772670 3.078000 2.949653 0.060216
17  317.652097 671.982672 0.647518 -0.435770 -0.133579 0.023400 -0.183607 -0.078259 -0.003447 0.497196 0.506420 1.312000 -1.829278 0.004216
19  319.193690 670.509962 0.159155 0.090993 0.339622 -0.005259 0.039885 0.116905 -0.011253 1.212103 0.463230 0.514000 -1.387661 -0.016166
20  287.034194 675.180264 0.650888 -4.899424 -5.708268 0.173604 -0.655218 -0.738075 -0.014833 2.347380 4.983389 1.518000 -2.234786 0.030163
22  304.173275 689.971667 -0.001712 4.731517 5.851796 -0.281212 0.442991 0.395188 -0.062314 2.155114 5.002712 1.597000 0.937415 -0.002897
23  331.175410 640.814671 1.436477 0.617017 -0.241594 0.011226 0.269310 -0.064326 -0.001687 2.053647 4.567648 1.723000 2.441100 0.005762
24  297.616690 688.298988 0.729751 -3.626690 -4.192112 0.243077 -0.392348 -0.440461 0.020579 2.706950 7.181438 2.455000 -2.178045 0.048780
25  312.139032 702.030078 -0.687171 2.406143 -0.655577 -0.186291 0.537824 0.016578 -0.037936 1.285327 2.835494 1.887300 -2.242323 0.010402
27  314.558786 667.012655 0.958498 -0.983106 0.910343 0.009814 -0.154006 0.186449 0.001545 2.221524 4.743408 2.000000 2.711638 -0.007038

20 13 1535657117.649169
7  348.747992 635.455533 2.096050 0.022335 0.481859 0.013006 0.018141 0.128286 -0.007965 1.931797 4.155765 1.563000 -2.369366 -0.026135
8  268.441400 682.348371 1.785800 -5.059256 1.610849 0.121790 -0.241222 0.464385 0.013116 3.206501 13.853528 3.606000 3.083679 0.824428
9  321.248243 668.641837 1.040207 0.064632 0.159376 0.026938 0.028092 0.031966 0.001874 2.105743 4.473929 2.347000 -0.591316 -0.016506
11  348.109793 646.162002 1.925868 0.031693 0.425278 -0.001100 0.037458 0.218500 -0.010105 2.053376 5.477581 1.996000 2.777064 -0.041491
13  319.440126 661.961282 1.848105 -3.995342 0.620510 -0.035342 -0.211643 -0.147822 -0.007567 2.782349 8.832313 3.078000 3.021367 0.087953
17  317.594394 671.948231 0.659765 -0.284038 -0.111365 0.023346 -0.092799 -0.055387 -0.002824 0.488438 0.557865 1.312000 -1.834771 -0.000849
19  319.180479 670.501883 0.159104 0.029750 0.153252 -0.004513 0.009574 0.025499 -0.008874 1.211194 0.489058 0.514000 -1.388937 -0.011631
20  284.841066 672.392121 0.733137 -4.730499 -5.781875 0.165215 -0.469180 -0.627402 -0.015198 2.391761 4.872950 1.518000 -2.239060 0.017265
22  306.306774 693.145987 -0.207731 4.547716 6.227466 -0.371410 0.290538 0.462202 -0.084529 2.176110 4.992320 1.597000 0.960475 0.013437
23  330.837016 641.023527 1.440237 -0.094733 0.135970 0.008687 -0.051131 0.090797 -0.002329 2.043647 4.625434 1.723000 2.413121 -0.014802
24  295.582210 685.957801 0.807977 -3.969549 -4.573329 0.195872 -0.448420 -0.502000 -0.001389 2.695883 7.191401 2.455000 -2.246927 -0.013337
27  314.040448 667.055760 0.930298 -1.046136 0.450224 -0.029828 -0.149772 0.018539 -0.010719 2.226620 4.783057 2.000000 2.744844 0.015085
30  311.576640 694.664271 -0.199880 -0.111103 -0.732331 0.068338 -0.028297 -0.078186 0.004776 0.674918 0.625031 1.792880 -2.269159 0.026907

21 14 1535657118.149616
8  265.006470 684.391967 1.790837 -6.175744 3.168157 0.058397 -0.612400 0.958252 -0.012960 3.235958 13.860328 3.606000 2.958181 0.465693
9  321.351110 668.454465 1.053165 0.153715 -0.149768 0.026702 0.056058 -0.089232 0.001436 2.080824 4.505558 2.347000 -0.626345 -0.034353
11  348.258389 646.040549 1.928115 0.196211 0.074922 0.000139 0.091795 0.047143 -0.007758 2.109227 5.507973 1.996000 2.789370 -0.019444
13  317.564098 662.497966 1.757758 -3.892756 0.857539 -0.122756 -0.133918 -0.031887 -0.038741 2.718084 8.819744 3.078000 2.981850 0.032262
17  317.792061 671.906122 0.666675 0.098579 -0.106590 0.017128 0.067183 -0.043271 -0.004616 0.479465 0.538429 1.312000 -1.844081 -0.006773
19  319.068215 670.284650 0.159234 -0.118579 -0.188939 -0.003504 -0.047562 -0.106949 -0.006841 1.208285 0.509956 0.514000 -1.357027 0.013524
20  282.415458 669.398391 0.815432 -4.895232 -6.028553 0.161653 -0.442979 -0.602235 -0.013686 2.357293 4.913904 1.518000 -2.311880 -0.037044
22  308.655430 696.378261 -0.414772 4.693115 6.458773 -0.413713 0.290538 0.462202 -0.084529 2.176110 4.992320 1.597000 0.967199 0.013437
23  330.423288 640.957917 1.444000 -0.538738 -0.003700 0.007521 -0.208566 0.021147 -0.002329 2.056456 4.592786 1.723000 2.435896 0.005320
24  293.749951 683.035845 0.878484 -3.878052 -5.425951 0.162983 -0.328798 -0.729727 -0.013580 2.702573 7.184045 2.455000 -2.219610 0.009320
27  313.581790 667.233433 0.894075 -0.999776 0.397555 -0.057244 -0.105575 -0.004030 -0.018753 2.199471 4.763492 2.000000 2.632395 -0.062510
30  311.196114 693.975486 -0.187384 -0.508708 -1.136654 0.043101 -0.144667 -0.189018 -0.003608 0.714672 0.693530 1.820516 -2.224068 0.045965
32  349.044086 634.838574 2.098965 0.381077 0.142396 0.010844 0.064071 0.044345 0.001673 2.099195 4.319667 1.563000 -2.330145 -0.008618
33  310.238075 694.526144 -0.245383 -0.768411 -0.507744 0.045301 -0.111211 -0.047453 0.007188 0.661533 0.569810 1.697000 -2.332871 0.011347

22 14 1535657118.649480
8  261.766420 686.215048 1.816789 -6.481861 3.647153 0.051919 -0.612400 0.958252 -0.012960 3.235958 13.860328 3.606000 3.190965 0.465693
9  321.195745 668.647786 1.066124 -0.109238 0.148924 0.026538 -0.052388 0.038714 0.001107 2.115390 4.435396 2.347000 -0.631396 -0.026274
11  347.923890 645.674798 1.930321 -0.296239 -0.391946 0.001078 -0.108841 -0.135640 -0.005963 2.089583 5.660291 1.996000 2.761852 -0.031307
13  315.458506 663.537852 1.650096 -4.108940 1.573388 -0.185401 -0.189543 0.240858 -0.054871 2.724191 8.789574 3.078000 2.969487 0.013272
17  317.535149 672.124837 0.671440 -0.249547 0.206017 0.011696 -0.075105 0.081321 -0.005781 0.434252 0.514637 1.312000 -1.844733 -0.004951
19  318.822462 670.389974 0.159397 -0.348714 0.025299 -0.002640 -0.124520 -0.007117 -0.005243 1.191690 0.545947 0.514000 -1.382000 -0.007627
20  279.590086 666.416279 0.898118 -5.433172 -6.114644 0.161079 -0.561163 -0.521975 -0.011346 2.350407 4.880237 1.518000 -2.327541 -0.035140
22  311.073944 699.722258 -0.642693 4.838345 6.689811 -0.455966 0.290538 0.462202 -0.084529 2.176110 4.992320 1.597000 0.973916 0.013437
23  330.767684 641.162425 1.447883 0.144574 0.244717 0.007191 0.086581 0.110282 -0.002016 2.039247 4.612689 1.723000 2.467717 0.024757
24  291.315230 679.914429 0.908901 -4.532529 -6.059228 0.099782 -0.513193 -0.830748 -0.034804 2.723322 7.119213 2.455000 -2.254727 -0.017190
27  313.587706 667.675135 0.891010 -0.420087 0.685574 -0.030676 0.137662 0.107513 -0.004930 2.196666 4.767707 2.000000 2.684814 -0.007246
30  310.919933 693.264727 -0.176401 -0.564136 -1.344129 0.029851 -0.138515 -0.230179 -0.007778 0.742243 0.744794 1.839861 -2.226656 0.029439
32  348.747370 634.913582 2.106575 -0.149472 0.156457 0.013661 -0.095067 0.042052 0.002233 2.222117 4.254885 1.563000 -2.357232 -0.021099
33  310.019734 693.687567 -0.216675 -0.590484 -1.222691 0.054043 -0.040349 -0.257208 0.008750 0.685440 0.609719 1.697000 -2.316233 0.017953

23 13 1535657119.149935
8  258.369162 688.280283 1.839526 -6.788339 4.126715 0.045433 -0.612400 0.958252 -0.012960 3.235958 13.860328 3.606000 3.424023 0.465693
9  321.306388 668.655910 1.079097 0.075397 0.078368 0.026400 0.026208 0.005192 0.000850 2.087416 4.447178 2.347000 -0.636627 -0.020995
11  347.919388 645.797052 1.931625 -0.148625 -0.043425 0.000761 -0.033514 0.019574 -0.004968 2.029661 5.716187 1.996000 2.794664 0.001013
13  312.584540 663.841912 1.543081 -5.113890 1.051466 -0.213438 -0.528787 0.001376 -0.055086 2.735095 8.754777 3.078000 2.869002 -0.058147
17  317.201017 672.375358 0.675978 -0.512174 0.396854 0.008960 -0.158998 0.137291 -0.005722 0.471391 0.528020 1.312000 -1.877224 -0.024960
19  319.077655 670.357793 0.159539 0.133640 -0.029149 -0.001983 0.078582 -0.026092 -0.004020 1.175490 0.553611 0.514000 -1.393982 -0.013070
20  277.383080 663.689125 0.981987 -4.942701 -5.827842 0.162608 -0.273338 -0.317471 -0.008657 2.315511 4.908495 1.518000 -2.268196 0.016148
23  330.893796 641.204450 1.451854 0.225826 0.172141 0.007220 0.100763 0.062502 -0.001628 2.018715 4.595200 1.723000 2.388626 -0.036231
24  289.305378 677.085097 1.039228 -4.331624 -5.988743 0.187757 -0.341625 -0.648496 0.004699 2.718791 7.100871 2.455000 -2.253993 -0.010966
27  313.853840 667.028557 0.897254 0.174272 -0.469496 -0.005996 0.340419 -0.358945 0.005545 2.180196 4.748696 2.000000 2.611733 -0.053429
30  310.241196 692.705776 -0.165634 -1.063406 -1.255622 0.023315 -0.303908 -0.151820 -0.008795 0.785048 0.741328 1.853403 -2.193899 0.041347
32  348.381533 634.707034 2.113994 -0.490201 -0.146539 0.014804 -0.195562 -0.069032 0.002242 2.133083 4.311259 1.563000 -2.393350 -0.036288
33  309.661170 693.440317 -0.187920 -0.673410 -0.843048 0.057850 -0.063207 -0.071978 0.008542 0.701918 0.565986 1.697000 -2.267063 0.043936

24 13 1535657119.649820
9  321.288043 668.546852 1.092072 0.014537 -0.095751 0.026312 -0.001357 -0.060668 0.000658 2.081185 4.427532 2.347000 -0.571156 0.029638
11  348.825116 645.873237 1.933538 1.002711 0.076269 0.001556 0.401826 0.060536 -0.003746 2.069605 5.657684 1.996000 2.727765 -0.043914
13  310.860958 664.599940 1.578973 -4.237889 1.326417 -0.056198 -0.103786 0.103593 0.013780 2.751080 8.701054 3.078000 2.834384 -0.061847
17  317.276113 672.320159 0.681576 -0.153373 0.125255 0.009111 0.004358 0.010482 -0.004600 0.483400 0.508911 1.312000 -1.866354 -0.009399
19  319.066790 670.526495 0.159649 0.057921 0.182113 -0.001503 0.035712 0.057524 -0.003092 1.203750 0.463429 0.514000 -1.362232 0.012447
20  274.843994 660.696542 1.061109 -5.079338 -5.986541 0.158280 -0.273338 -0.317471 -0.008657 2.315511 4.908495 1.518000 -2.260123 0.016148
23  330.374914 641.222062 1.455865 -0.500421 0.104016 0.007362 -0.189233 0.025397 -0.001271 1.965963 4.591628 1.723000 2.397044 -0.018549
24  286.882897 674.130693 1.197489 -4.705536 -6.074862 0.264870 -0.417580 -0.559486 0.032655 2.657667 7.096852 2.455000 -2.258867 -0.010561
27  313.803377 667.012899 0.904535 0.080134 -0.282423 0.007333 0.239412 -0.218883 0.009580 2.144215 4.707328 2.000000 2.660215 -0.003350
30  309.872592 692.168737 -0.135413 -0.931191 -1.178619 0.043612 -0.194280 -0.092827 0.000732 0.822883 0.748610 1.862882 -2.196975 0.025562
32  349.257488 634.547758 2.105960 0.699697 -0.256745 -0.001680 0.278715 -0.096913 -0.004243 2.119624 4.194066 1.563000 -2.466614 -0.069919
33  309.481843 692.919193 -0.160415 -0.499244 -0.976160 0.057903 0.015932 -0.109336 0.006920 0.677944 0.562457 1.697000 -2.223380 0.058283
39  297.455331 687.389016 0.346254 -2.384348 -4.104609 0.164045 -0.512575 -0.622770 0.016208 1.477077 3.287851 1.921110 -2.245631 0.021493

25 14 1535657120.149686
9  321.294970 668.483831 1.105389 0.013858 -0.126077 0.026641 -0.001357 -0.060668 0.000658 2.081185 4.427532 2.347000 -0.556341 0.029638
11  348.179980 646.489098 1.935626 -0.270099 0.771534 0.002338 -0.147353 0.308358 -0.002757 2.119789 5.671737 1.996000 2.746157 -0.017021
13  309.118046 665.218105 1.651778 -3.815317 1.294573 0.065880 0.073025 0.072429 0.056707 2.730208 8.658057 3.078000 2.840636 -0.037071
17  317.930195 672.134500 0.686712 0.711267 -0.166058 0.008858 0.325776 -0.100036 -0.003837 0.530055 0.474663 1.312000 -1.819196 0.025169
19  319.398574 670.169244 0.159732 0.423179 -0.336003 -0.001149 0.165194 -0.146300 -0.002384 1.199956 0.493273 0.514000 -1.367453 0.004819
20  272.236708 657.624748 1.138065 -5.215971 -6.145234 0.153953 -0.273338 -0.317471 -0.008657 2.315511 4.908495 1.518000 -2.252051 0.016148
23  330.831381 641.055986 1.460747 0.296249 -0.148596 0.008523 0.143284 -0.073585 -0.000601 1.996504 4.591644 1.723000 2.423336 0.005158
24  284.659113 671.479999 1.315715 -4.639144 -5.732940 0.254787 -0.314854 -0.327397 0.022795 2.638535 7.120582 2.455000 -2.292926 -0.029745
27  313.787121 667.455026 0.910942 0.062162 0.364342 0.012534 0.187298 0.067413 0.009736 2.124924 4.705937 2.000000 2.661762 -0.001203
30  309.270996 691.521755 -0.101041 -1.132293 -1.266145 0.058688 -0.234018 -0.108543 0.006354 0.799398 0.817171 1.869517 -2.193144 0.019603
32  349.250257 635.298125 2.091975 0.368664 0.690273 -0.017125 0.103176 0.274599 -0.009215 2.159625 4.206818 1.563000 -2.375513 0.007597
33  308.712494 692.306257 -0.132540 -1.114283 -1.146984 0.058034 -0.224419 -0.154154 0.005636 0.677981 0.558902 1.697000 -2.188731 0.061950
39  295.198215 684.531243 0.445856 -3.771514 -5.200791 0.188501 -0.855719 -0.860913 0.021170 1.612657 3.665469 1.944777 -2.283759 -0.007949
42  294.122271 687.203627 0.410536 -3.091325 -2.960237 0.184859 -0.520819 -0.489434 0.029076 0.844474 2.065482 1.839000 -2.293559 0.004725

26 14 1535657120.649535
9  321.301558 668.405654 1.118870 0.013180 -0.156402 0.026970 -0.001357 -0.060668 0.000658 2.081185 4.427532 2.347000 -0.541526 0.029638
11  348.099030 646.576804 1.937730 -0.236334 0.482411 0.002880 -0.107323 0.143177 -0.002042 2.158397 5.660036 1.996000 2.781944 0.012508
13  307.917252 665.455291 1.725559 -2.965510 0.824855 0.125765 0.376108 -0.116106 0.068460 2.806055 8.677516 3.078000 2.792631 -0.056721
17  317.679180 671.984071 0.691740 0.060925 -0.266217 0.008784 0.022734 -0.118727 -0.003150 0.533795 0.451407 1.312000 -1.817630 0.017826
19  319.011793 670.625073 0.159795 -0.250277 0.371428 -0.000884 -0.116565 0.144601 -0.001841 1.171588 0.472385 0.514000 -1.357823 0.009633
20  269.561217 654.473740 1.212856 -5.352599 -6.303922 0.149626 -0.273338 -0.317471 -0.008657 2.315511 4.908495 1.518000 -2.243980 0.016148
23  331.081976 640.859872 1.464980 0.446739 -0.307679 0.008367 0.172695 -0.119192 -0.000547 1.991865 4.569386 1.723000 2.391730 -0.017631
24  282.765997 668.704055 1.419816 -4.200162 -5.693878 0.231956 -0.092363 -0.251769 0.010026 2.699798 7.147853 2.455000 -2.275665 -0.008326
27  313.557368 667.775419 0.917375 -0.208418 0.541807 0.014719 0.050284 0.121499 0.008727 2.057058 4.733280 2.000000 2.657817 -0.003432
30  309.222211 691.378585 -0.066584 -0.566932 -0.707797 0.066053 0.024324 0.123398 0.007940 0.761726 0.806527 1.874162 -2.190827 0.014616
32  349.242118 634.315320 2.077812 0.180099 -0.709355 -0.025363 0.014134 -0.295270 -0.010562 1.943553 4.182925 1.563000 -2.365598 0.011368
33  308.323716 692.025931 -0.105452 -0.960166 -0.830408 0.056899 -0.122660 -0.003736 0.004126 0.683833 0.606612 1.697000 -2.116032 0.089751
39  292.672429 681.454787 0.551058 -4.705070 -5.941332 0.205827 -1.039952 -0.973900 0.023627 1.710991 3.949849 1.961344 -2.269547 0.003809
42  292.567154 684.889797 0.529887 -3.206593 -4.063972 0.223148 -0.476813 -0.750043 0.036282 0.837508 2.067397 1.839000 -2.271664 0.016493

27 13 1535657121.149429
9  321.307808 668.312309 1.132516 0.012502 -0.186729 0.027299 -0.001357 -0.060668 0.000658 2.081185 4.427532 2.347000 -0.526711 0.029638
11  348.650336 646.215743 1.938094 0.533038 -0.200157 0.001191 0.199396 -0.137872 -0.002291 2.181409 5.664810 1.996000 2.852569 0.055425
13  306.982308 665.862881 1.609606 -2.241424 0.795496 -0.071611 0.575888 -0.105417 -0.017851 2.768107 8.723166 3.078000 2.763480 -0.057252
17  317.631488 671.938216 0.697621 -0.026801 -0.187392 0.009900 -0.014195 -0.067232 -0.002147 0.516119 0.494901 1.312000 -1.834204 0.000835
19  319.013527 670.083321 0.159842 -0.124176 -0.458861 -0.000682 -0.047852 -0.191781 -0.001423 1.235993 0.459347 0.514000 -1.373187 -0.003821
23  330.668599 640.894025 1.469004 -0.270604 -0.109860 0.008068 -0.126935 -0.023226 -0.000557 2.000458 4.505624 1.723000 2.458524 0.032777
24  279.372910 666.036653 1.393145 -5.748136 -5.533827 0.065399 -0.652428 -0.145146 -0.053957 2.715126 7.139640 2.455000 -2.282548 -0.010140
27  313.535910 667.214745 0.922700 -0.100270 -0.417167 0.014096 0.081394 -0.260647 0.006858 2.003689 4.715678 2.000000 2.759864 0.065746
30  309.143780 690.386812 -0.042234 -0.319295 -1.437902 0.057409 0.112918 -0.174498 0.003194 0.777475 0.812118 1.877414 -2.158536 0.031272
32  348.633040 634.764633 2.063702 -0.584345 0.106771 -0.029317 -0.269278 0.058754 -0.010075 1.987639 4.248114 1.563000 -2.359301 0.011746
33  308.188350 691.293104 -0.077713 -0.576678 -1.207753 0.056904 0.045758 -0.145904 0.003347 0.652414 0.605026 1.697000 -2.094867 0.073953
39  290.564511 678.366333 0.656546 -4.625700 -6.279613 0.213704 -0.809501 -0.916765 0.022114 1.858853 4.149262 1.972941 -2.222526 0.033617
42  291.004125 683.160444 0.603737 -3.256415 -3.858623 0.185860 -0.408143 -0.538683 0.016094 0.893186 2.085970 1.839000 -2.245258 0.028236

28 12 1535657121.649287
11  348.606388 646.452321 1.938017 0.206915 0.169561 -0.000073 0.040708 0.025602 -0.002335 2.175618 5.585575 1.996000 2.913283 0.077433
13  306.697366 666.550608 1.488463 -1.136095 1.116843 -0.176148 0.880549 0.033984 -0.053485 2.783551 8.750485 3.078000 2.847437 0.017802
17  317.688656 672.171035 0.692574 0.053708 0.184788 -0.002354 0.018454 0.084001 -0.006314 0.539099 0.504360 1.312000 -1.833020 0.001346
19  318.904427 670.193079 0.159878 -0.189554 -0.097215 -0.000528 -0.063303 -0.021267 -0.001100 1.245437 0.464577 0.514000 -1.393698 -0.016222
23  330.522372 641.218097 1.472985 -0.309522 0.333392 0.007894 -0.117790 0.146337 -0.000518 1.970669 4.546002 1.723000 2.483574 0.038555
24  277.499862 662.829052 1.335748 -4.699174 -6.085391 -0.052131 -0.139741 -0.323741 -0.087721 2.699200 7.116643 2.455000 -2.251575 0.013889
27  313.667088 667.179881 0.927635 0.130782 -0.265047 0.013002 0.152574 -0.155051 0.005167 2.016940 4.721838 2.000000 2.691022 -0.002062
30  307.964880 690.447466 -0.044695 -1.502198 -0.551407 0.021199 -0.351562 0.190431 -0.010975 0.716093 0.765894 1.823289 -2.136972 0.035227
32  348.752977 634.561570 2.068541 -0.193526 -0.161057 -0.010224 -0.077649 -0.049638 -0.001275 1.979227 4.251413 1.563000 -2.397894 -0.015673
33  308.203050 690.169795 -0.026616 -0.208660 -1.852700 0.084407 0.175617 -0.361122 0.013065 0.696904 0.689437 1.753400 -2.122403 0.030952
39  287.876102 675.521286 0.742361 -5.237258 -6.115839 0.193198 -0.889334 -0.676777 0.009937 1.889545 4.284808 1.981059 -2.237102 0.012751
42  289.834941 681.613575 0.664900 -2.793960 -3.513793 0.151385 -0.151823 -0.302505 -0.000259 0.881891 1.981139 1.839000 -2.276190 -0.001525

29 12 1535657122.149177
11  348.719995 646.543481 1.937397 0.227265 0.182360 -0.001240 0.040708 0.025602 -0.002335 2.175618 5.585575 1.996000 2.951991 0.077433
13  306.104538 666.481271 1.375003 -0.985458 0.381890 -0.217116 0.772636 -0.246268 -0.058789 2.741228 8.746328 3.078000 2.781389 -0.032166
17  317.592021 672.060007 0.683973 -0.088483 -0.038468 -0.012422 -0.037979 -0.014858 -0.008890 0.495547 0.534003 1.312000 -1.821663 0.008469
19  319.094375 670.290250 0.159906 0.134039 0.070742 -0.000408 0.069097 0.045295 -0.000851 1.262014 0.466228 0.514000 -1.390593 -0.008745
23  330.895445 641.088749 1.476972 0.290296 0.013411 0.007836 0.127746 -0.000207 -0.000443 1.994063 4.525798 1.723000 2.433776 -0.007496
24  275.115872 659.706125 1.287768 -4.769030 -6.247226 -0.095981 -0.139741 -0.323741 -0.087721 2.699200 7.116643 2.455000 -2.244632 0.013889
27  313.518306 667.214526 0.932488 -0.091256 -0.099112 0.012111 0.041178 -0.064143 0.003870 2.097914 4.747941 2.000000 2.744148 0.034045
30  307.286477 690.259811 -0.035262 -1.488259 -0.408431 0.017579 -0.280634 0.208298 -0.010277 0.724696 0.674887 1.785403 -2.101877 0.046885
32  348.929126 634.691901 2.079841 0.087769 0.058620 0.007460 0.038571 0.039127 0.005377 1.977854 4.210974 1.563000 -2.387275 -0.004293
33  308.423066 689.759168 0.000968 0.210926 -1.316526 0.069789 0.299972 -0.092509 0.005139 0.747230 0.696506 1.792880 -2.137973 0.010255
39  285.308674 672.820621 0.865101 -5.357832 -5.829935 0.226282 -0.765509 -0.438213 0.020683 1.875364 4.387736 1.986741 -2.234720 0.010092
42  288.297049 679.789647 0.724613 -2.992706 -3.655288 0.132344 -0.199224 -0.298753 -0.007555 0.878360 1.988717 1.839000 -2.278672 -0.002669

30 13 1535657122.649085
11  348.843780 646.641042 1.936194 0.247615 0.195159 -0.002407 0.040708 0.025602 -0.002335 2.175618 5.585575 1.996000 2.990701 0.077433
13  306.577122 666.330267 1.362564 0.313486 -0.072632 -0.115546 1.112814 -0.369791 -0.009979 2.684632 8.715932 3.078000 2.771496 -0.028041
17  317.654064 672.531195 0.675935 0.029374 0.538191 -0.016401 0.013024 0.202841 -0.008717 0.483938 0.523111 1.312000 -1.857979 -0.018566
19  318.978699 670.178895 0.159927 -0.067770 -0.093424 -0.000316 -0.018996 -0.024333 -0.000658 1.244924 0.450316 0.514000 -1.345694 0.024104
23  330.879803 640.897896 1.480968 0.126388 -0.220156 0.007839 0.042845 -0.087230 -0.000359 2.033536 4.468599 1.723000 2.502753 0.040990
24  272.696874 656.502182 1.217864 -4.838887 -6.409066 -0.139834 -0.139741 -0.323741 -0.087721 2.699200 7.116643 2.455000 -2.237688 0.013889
27  313.776634 667.153532 0.937358 0.276508 -0.125760 0.011501 0.170726 -0.062121 0.002921 2.056556 4.723347 2.000000 2.724121 0.009346
30  307.224625 690.040101 -0.021289 -0.739054 -0.384217 0.021609 0.051541 0.178454 -0.006853 0.717476 0.599105 1.758882 -2.134927 0.009224
32  348.815137 634.663165 2.092189 -0.076300 0.003945 0.018111 -0.027820 0.012246 0.008261 1.934933 4.182347 1.563000 -2.345133 0.023017
33  307.766169 688.788044 0.022442 -0.629370 -1.705584 0.054976 -0.070327 -0.220701 -0.001361 0.712347 0.722353 1.820516 -2.163938 -0.010474
39  283.126083 669.665834 0.955593 -4.926052 -6.204090 0.203675 -0.457092 -0.496941 0.008207 1.911591 4.442650 1.990719 -2.169562 0.050161
42  286.783099 678.128660 0.785549 -3.054405 -3.518500 0.124607 -0.184740 -0.189392 -0.009069 0.903859 2.015708 1.839000 -2.258924 0.011377
66  321.123006 668.708920 1.165420 0.065943 -0.012461 0.016664 0.035790 -0.056452 0.002375 2.122968 4.407448 2.347000 -0.643931 -0.022701

31 14 1535657123.148366
11  348.977558 646.744863 1.934410 0.267940 0.207941 -0.003573 0.040708 0.025602 -0.002335 2.175618 5.585575 1.996000 3.029362 0.077433
13  306.019936 666.400849 1.377481 -0.302765 -0.021937 -0.031738 0.676139 -0.282100 0.023108 2.744895 8.719653 3.078000 2.733752 -0.043869
17  317.337175 672.096282 0.668510 -0.359984 -0.252262 -0.017280 -0.134487 -0.129448 -0.007423 0.474410 0.559799 1.312000 -1.850854 -0.007637
19  319.212132 670.181921 0.159944 0.244357 -0.039672 -0.000244 0.100849 0.000224 -0.000509 1.228223 0.470094 0.514000 -1.352443 0.011582
23  330.783425 640.888582 1.484970 -0.053416 -0.119043 0.007870 -0.032131 -0.033320 -0.000281 2.085405 4.563762 1.723000 2.522432 0.040466
24  270.246075 653.221555 1.126180 -4.908657 -6.570704 -0.183631 -0.139741 -0.323741 -0.087721 2.699200 7.116643 2.455000 -2.230754 0.013889
27  313.437697 667.407586 0.937975 -0.252621 0.236204 0.006039 -0.058367 0.084417 0.000340 1.993920 4.775760 2.000000 2.764677 0.033272
30  306.819858 689.220567 -0.006030 -0.770818 -1.090039 0.025495 0.030091 -0.118104 -0.004127 0.692357 0.625079 1.740317 -2.113337 0.020546
32  348.884979 634.362914 2.103858 0.035547 -0.324085 0.022857 0.017632 -0.108542 0.008485 1.842974 4.071257 1.563000 -2.340522 0.018775
33  307.861147 688.072782 0.042221 -0.159760 -1.589495 0.045626 0.118116 -0.136217 -0.004598 0.755919 0.712029 1.839861 -2.137928 0.010352
39  280.814417 666.799529 0.950986 -4.844277 -6.031608 0.079466 -0.340475 -0.338716 -0.040061 1.918374 4.482237 1.993503 -2.213150 0.004411
42  285.567111 676.452441 0.818474 -2.725660 -3.461639 0.088034 -0.025356 -0.132064 -0.021201 0.889077 2.009361 1.839000 -2.192647 0.051764
66  321.287003 668.695354 1.174909 0.231268 -0.032524 0.018546 0.080504 -0.053989 0.002586 2.106700 4.473130 2.347000 -0.629583 -0.007232
71  348.500081 645.929759 1.938000 0.018763 0.060005 0.000000 -0.057995 0.019186 0.000000 2.106869 5.845608 1.996000 2.751115 -0.007568

32 12 1535657123.648262
13  306.565624 666.053528 1.393634 0.659578 -0.477283 0.010841 0.908828 -0.399247 0.034672 2.800277 8.698057 3.078000 2.731013 -0.031072
17  317.930395 671.935803 0.661432 0.526647 -0.319368 -0.016954 0.221011 -0.130341 -0.005918 0.474146 0.516571 1.312000 -1.884154 -0.027297
19  318.976182 669.962513 0.159956 -0.158412 -0.275585 -0.000189 -0.068050 -0.087741 -0.000393 1.206850 0.488168 0.514000 -1.322267 0.027844
23  330.498869 641.026986 1.489834 -0.364847 0.108138 0.008911 -0.142216 0.057559 0.000160 2.095089 4.578424 1.723000 2.476895 -0.003391
27  313.485852 667.324261 0.937582 -0.058299 0.015327 0.002073 0.024964 -0.013670 -0.001202 2.042364 4.768414 2.000000 2.769249 0.025229
30  306.903294 687.973481 0.054826 -0.210385 -1.944460 0.081539 0.233494 -0.414741 0.017544 0.737641 0.625002 1.783722 -2.142367 -0.005662
32  348.778734 634.388573 2.114679 -0.096182 -0.143278 0.024116 -0.033134 -0.023633 0.007408 1.878657 4.059114 1.563000 -2.171895 0.116990
33  306.986861 688.500004 0.017683 -1.075038 -0.172530 -0.011302 -0.245428 0.417894 -0.024982 0.690028 0.652447 1.797003 -2.134721 0.009040
39  278.307699 663.699708 0.980700 -5.014479 -6.200931 0.059439 -0.340475 -0.338716 -0.040061 1.918374 4.482237 1.993503 -2.210946 0.004411
42  284.340883 674.565892 0.845016 -2.569405 -3.673415 0.063026 0.038204 -0.186906 -0.026623 0.922946 2.029787 1.839000 -2.246146 -0.001165
66  321.335731 668.278336 1.184117 0.168383 -0.518572 0.018998 0.042947 -0.221166 0.002280 2.103077 4.477140 2.347000 -0.618148 0.002501
71  348.391856 645.899586 1.938000 -0.134692 -0.008819 0.000000 -0.095741 -0.004594 0.000000 2.031787 5.911573 1.996000 2.779046 0.011541

33 12 1535657124.148113
13  307.122386 665.715205 1.407715 1.113857 -0.676847 0.028172 0.908828 -0.399247 0.034672 2.800277 8.698057 3.078000 2.715482 -0.031072
17  317.836286 672.041139 0.654498 0.149403 -0.032790 -0.016343 0.039223 0.000760 -0.004588 0.402244 0.525667 1.312000 -1.882337 -0.016988
19  318.718117 670.357838 0.159966 -0.383791 0.336639 -0.000146 -0.139378 0.156803 -0.000304 1.236206 0.536423 0.514000 -1.359141 -0.006024
23  331.010882 641.105477 1.487188 0.426924 0.148797 0.000551 0.179405 0.061991 -0.002986 2.101850 4.607060 1.723000 2.440497 -0.026530
27  314.012317 667.315813 0.937188 0.603631 -0.006512 0.000137 0.267096 -0.019264 -0.001700 2.129128 4.758467 2.000000 2.790675 0.031107
30  306.778844 687.175755 0.086278 -0.185445 -1.823306 0.074125 0.199274 -0.292262 0.011509 0.747525 0.650471 1.814105 -2.121216 0.010328
32  348.942396 634.810702 2.116910 0.127988 0.391604 0.015045 0.053786 0.173761 0.002796 1.955716 4.143799 1.563000 -2.276007 0.016716
33  304.682187 690.397058 -0.023180 -3.214643 2.257680 -0.058041 -0.997721 1.246426 -0.037758 1.091135 1.798545 1.722002 0.141723 1.523950
39  275.716138 660.515537 1.000401 -5.184666 -6.370239 0.039415 -0.340475 -0.338716 -0.040061 1.918374 4.482237 1.993503 -2.208741 0.004411
42  282.863352 673.033425 0.871696 -2.790211 -3.352255 0.051882 -0.051717 -0.031509 -0.025812 0.899701 2.016315 1.839000 -2.262264 -0.011524
66  321.033685 668.257441 1.193168 -0.282124 -0.280057 0.018930 -0.138572 -0.086917 0.001816 2.120562 4.464776 2.347000 -0.612223 0.005590
71  348.361153 646.218224 1.938000 -0.110791 0.373119 0.000000 -0.069607 0.135344 0.000000 2.081295 5.871817 1.996000 2.836004 0.044642

34 11 1535657124.648599
13  307.907505 665.276447 1.430500 1.568712 -0.876665 0.045525 0.908828 -0.399247 0.034672 2.800277 8.698057 3.078000 2.699931 -0.031072
17  317.935491 671.985884 0.647597 0.186294 -0.078540 -0.015770 0.045658 -0.016439 -0.003518 0.420827 0.542558 1.312000 -1.843808 0.014374
19  319.248456 670.539025 0.159974 0.441450 0.383713 -0.000113 0.194312 0.145094 -0.000235 1.245445 0.507930 0.514000 -1.385085 -0.021313
23  330.952782 641.390074 1.482672 0.142435 0.409795 -0.005723 0.039858 0.147734 -0.004768 2.112513 4.599638 1.723000 2.393409 -0.049075
27  313.854807 667.531862 0.936976 0.115062 0.248728 -0.000542 0.035064 0.079508 -0.001636 2.126509 4.768733 2.000000 2.707979 -0.034418
30  306.287189 687.188155 0.116604 -0.616062 -0.789949 0.068474 0.001490 0.147658 0.007254 0.644616 0.556719 1.778974 -2.128254 0.002189
32  349.414625 634.998430 2.116221 0.586628 0.421922 0.006688 0.209659 0.153308 -0.000727 1.951880 4.135637 1.563000 -2.255280 0.024339
33  302.823388 691.839207 -0.061687 -3.713989 2.881498 -0.076938 -0.997721 1.246426 -0.037758 1.091135 1.798545 1.722002 0.904438 1.523950
42  281.627279 671.636834 0.914186 -2.611136 -3.026243 0.066146 0.024951 0.096340 -0.015644 0.995679 2.062754 1.839000 -2.267291 -0.011030
66  321.206431 668.230496 1.202155 0.063145 -0.163027 0.018719 0.021451 -0.024961 0.001383 2.181101 4.435505 2.347000 -0.601945 0.010565
71  348.038631 645.997631 1.938000 -0.442363 -0.083626 0.000000 -0.183762 -0.066426 0.000000 2.048764 5.822203 1.996000 2.849747 0.038959

35 12 1535657125.148970
17  317.223681 671.826910 0.646692 -0.755566 -0.223307 -0.008235 -0.314033 -0.067348 -0.000052 0.397177 0.552885 1.312000 -1.816301 0.027916
19  319.006564 670.450969 0.159980 -0.065617 0.082484 -0.000087 -0.030999 0.005712 -0.000182 1.275454 0.543689 0.514000 -1.330211 0.022377
23  330.913520 641.071062 1.478945 0.019985 -0.179207 -0.007718 -0.013234 -0.099439 -0.004623 2.054323 4.551795 1.723000 2.382972 -0.039663
27  313.887519 667.385747 0.936900 0.092858 -0.054715 -0.000646 0.020243 -0.048475 -0.001369 2.060858 4.847742 2.000000 2.745285 0.001931
30  306.072879 686.609026 0.151240 -0.504747 -0.976999 0.070399 0.042722 0.050354 0.006618 0.688115 0.581759 1.810782 -2.148505 -0.012042
32  348.966968 634.253197 2.115074 -0.176408 -0.589175 0.001610 -0.103673 -0.239396 -0.002429 1.872615 4.298061 1.563000 -2.354479 -0.044333
33  301.794322 694.075827 0.126727 -3.213210 3.952523 0.123209 -0.661945 1.396633 0.035790 1.513240 2.955836 1.845301 -1.751613 -0.429354
42  279.664660 669.961210 0.961061 -3.381485 -3.197288 0.079232 -0.267496 0.014434 -0.007831 0.953718 2.059007 1.839000 -2.256343 -0.000053
66  320.978150 668.236110 1.211122 -0.240944 -0.064615 0.018527 -0.098910 0.017438 0.001045 2.149592 4.507216 2.347000 -0.686179 -0.049067
71  347.965812 646.310681 1.938000 -0.303009 0.324882 0.000000 -0.094489 0.104068 0.000000 2.028522 5.715149 1.996000 2.837344 0.017752
91  306.171939 666.773608 1.423375 0.214596 0.007494 0.013566 0.038437 0.000589 0.002074 2.863812 8.590617 3.078000 2.772469 0.018254
95  305.662906 687.047110 0.163209 -1.159381 -0.505304 0.083517 -0.299630 -0.055822 0.012713 0.619696 0.630508 1.736480 -2.097765 -0.002036

36 12 1535657125.649405
17  316.766924 671.698293 0.642558 -0.912719 -0.257010 -0.008261 -0.314033 -0.067348 -0.000052 0.397177 0.552885 1.312000 -1.802331 0.027916
19  318.765835 670.640195 0.159984 -0.317587 0.258456 -0.000067 -0.119157 0.070254 -0.000140 1.242861 0.519079 0.514000 -1.346664 0.003946
23  331.183112 640.482507 1.474847 0.323993 -0.788979 -0.008942 0.102578 -0.308227 -0.004216 1.992340 4.596074 1.723000 2.413437 -0.006126
27  313.926407 667.298073 0.936891 0.088040 -0.135868 -0.000555 0.014669 -0.069688 -0.001080 2.046304 4.851642 2.000000 2.747856 0.003001
30  305.861388 685.714764 0.184588 -0.447445 -1.445624 0.069529 0.056116 -0.133773 0.005059 0.699370 0.645254 1.833047 -2.147253 -0.007190
32  349.155220 634.540988 2.114253 0.102489 -0.006308 -0.000719 0.015724 0.014237 -0.002830 1.824932 4.199000 1.563000 -2.306775 -0.001247
33  300.020544 696.403574 0.197348 -3.544471 4.651447 0.141119 -0.661945 1.396633 0.035790 1.513240 2.955836 1.845301 -1.966477 -0.429354
42  278.596601 668.229486 1.008397 -2.698592 -3.349959 0.086713 0.037365 -0.045248 -0.003576 0.985850 2.069171 1.839000 -2.260448 -0.002771
66  321.144545 668.390146 1.220093 0.078901 0.159745 0.018383 0.040988 0.099115 0.000793 2.115055 4.459945 2.347000 -0.623009 0.009394
71  347.984420 645.914960 1.938000 -0.120154 -0.316595 0.000000 -0.006509 -0.161069 0.000000 2.049152 5.718431 1.996000 2.862099 0.028323
91  306.301620 666.489238 1.432684 0.249105 -0.339901 0.017017 0.043075 -0.104977 0.002806 2.851134 8.614300 3.078000 2.843990 0.055843
95  305.433929 686.894383 0.188163 -0.795204 -0.395589 0.065727 -0.143531 -0.014028 0.005380 0.612884 0.650080 1.724636 -2.127258 -0.019192

37 12 1535657126.149278
17  316.232213 671.552993 0.638416 -1.069695 -0.290676 -0.008287 -0.314033 -0.067348 -0.000052 0.397177 0.552885 1.312000 -1.788376 0.027916
19  318.768595 670.204705 0.159988 -0.151090 -0.394508 -0.000052 -0.034902 -0.186203 -0.000108 1.189217 0.514647 0.514000 -1.345547 0.003376
23  330.897648 641.110615 1.471618 -0.183776 0.356339 -0.008338 -0.105784 0.176073 -0.003206 1.974086 4.555381 1.723000 2.362704 -0.037897
27  313.328882 667.078157 0.936906 -0.667118 -0.329756 -0.000429 -0.269529 -0.128971 -0.000832 2.032396 4.875133 2.000000 2.744107 -0.000497
30  305.615667 684.944286 0.232089 -0.462030 -1.529539 0.085626 0.040224 -0.140127 0.010116 0.702221 0.634879 1.848633 -2.145082 -0.003348
32  348.348399 634.963329 2.113838 -0.832400 0.462281 -0.001422 -0.324460 0.180756 -0.002574 1.977243 4.179148 1.563000 -2.316378 -0.006782
33  298.083357 699.077687 0.276833 -3.875359 5.349586 0.159010 -0.661945 1.396633 0.035790 1.513240 2.955836 1.845301 -2.181100 -0.429354
42  277.256985 666.543626 1.050849 -2.679914 -3.372577 0.084926 0.037365 -0.045248 -0.003576 0.985850 2.069171 1.839000 -2.261833 -0.002771
66  321.390639 668.167367 1.229068 0.331875 -0.178236 0.018292 0.128463 -0.046696 0.000609 2.105975 4.503449 2.347000 -0.577069 0.036880
71  347.870580 646.063845 1.938000 -0.185210 0.014558 0.000000 -0.029911 -0.005188 0.000000 2.040660 5.612878 1.996000 2.725465 -0.072152
91  306.039308 666.037678 1.441985 -0.200467 -0.695021 0.018530 -0.128553 -0.215234 0.002846 2.783225 8.657161 3.078000 2.816229 0.019855
95  304.651823 685.678315 0.205750 -1.280167 -1.605041 0.048732 -0.294069 -0.452089 -0.001791 0.592066 0.628035 1.716345 -2.109993 -0.001831

38 11 1535657126.649732
19  319.175100 669.959396 0.159991 0.411485 -0.489160 -0.000040 0.181299 -0.186749 -0.000084 1.165377 0.524164 0.514000 -1.383599 -0.023118
23  330.851743 641.330555 1.467807 -0.150973 0.441513 -0.008567 -0.073825 0.174976 -0.002693 1.967752 4.579479 1.723000 2.445172 0.029723
27  313.356022 667.278164 0.936926 -0.295643 0.075228 -0.000322 -0.080787 0.046041 -0.000637 2.107255 4.832772 2.000000 2.681810 -0.041861
30  304.999396 684.662843 0.283070 -0.908810 -0.986230 0.097301 -0.133814 0.088528 0.012581 0.766059 0.703454 1.859543 -2.130864 0.007247
32  348.862673 634.885867 2.113697 0.112107 0.165503 -0.001380 0.074943 0.041027 -0.002094 1.946434 4.139045 1.563000 -2.308477 0.000182
42  275.925169 664.844472 1.092455 -2.661214 -3.395222 0.083136 0.037365 -0.045248 -0.003576 0.985850 2.069171 1.839000 -2.263220 -0.002771
66  321.097034 668.245953 1.238053 -0.185594 0.010677 0.018216 -0.089590 0.032871 0.000467 2.112907 4.543074 2.347000 -0.638736 -0.016533
71  347.679371 645.837316 1.938000 -0.307916 -0.263232 0.000000 -0.070450 -0.108738 0.000000 1.935234 5.580762 1.996000 2.731038 -0.044366
91  305.893028 666.251924 1.450279 -0.281156 -0.070583 0.017943 -0.134844 0.066382 0.002073 2.778200 8.667424 3.078000 2.793043 -0.002027
95  304.449536 685.174017 0.222229 -0.818737 -1.341374 0.038968 -0.059978 -0.263647 -0.005202 0.595780 0.605173 1.710542 -2.124140 -0.010572
110  317.749591 671.853444 0.648000 -0.103220 -0.160454 0.000000 -0.016723 -0.038868 0.000000 0.449030 0.419282 1.312000 -1.905498 -0.031646

39 10 1535657127.150180
19  319.426433 669.667826 0.159950 0.502216 -0.582618 -0.000082 0.181299 -0.186749 -0.000084 1.165377 0.524164 0.514000 -1.395168 -0.023118
23  330.920635 641.223388 1.464693 0.004589 0.089632 -0.007731 -0.002068 0.011172 -0.001879 2.061609 4.546023 1.723000 2.481775 0.044207
27  314.024158 667.402578 0.936944 0.652034 0.187159 -0.000241 0.287534 0.079175 -0.000488 2.045683 4.780990 2.000000 2.655280 -0.045581
30  304.826811 684.395184 0.334130 -0.602732 -0.701226 0.102670 0.005241 0.178251 0.012235 0.818769 0.728361 1.867180 -2.121707 0.010933
32  348.899944 634.878374 2.113697 0.108497 0.076040 -0.001099 0.060107 0.001337 -0.001614 2.082053 4.121687 1.563000 -2.183137 0.077399
66  320.904179 668.394721 1.208446 -0.322087 0.186938 -0.027464 -0.123867 0.092636 -0.016704 2.079362 4.496140 2.347000 -0.584711 0.024994
71  347.645603 645.863428 1.938000 -0.180013 -0.098783 0.000000 -0.009293 -0.026699 0.000000 1.947603 5.570937 1.996000 2.742776 -0.021742
91  305.802780 666.581557 1.459110 -0.248498 0.376776 0.018186 -0.096203 0.226183 0.001766 2.777866 8.609384 3.078000 2.822357 0.018137
95  304.489088 684.902607 0.239201 -0.296725 -0.919388 0.034907 0.153030 -0.049905 -0.005764 0.596776 0.602440 1.706479 -2.167107 -0.035620
110  317.606142 671.814308 0.648000 -0.217251 -0.118517 0.000000 -0.048800 -0.020231 0.000000 0.448920 0.483308 1.312000 -1.884744 -0.009599

40 11 1535657127.650049
19  319.722776 669.329930 0.159888 0.592842 -0.675968 -0.000124 0.181299 -0.186749 -0.000084 1.165377 0.524164 0.514000 -1.406724 -0.023118
23  330.593064 641.346610 1.460908 -0.385655 0.184589 -0.008021 -0.147115 0.044478 -0.001637 2.042043 4.519404 1.723000 2.441735 0.002795
27  313.676591 667.280202 0.936957 -0.085053 -0.051821 -0.000182 -0.040722 -0.024635 -0.000375 2.086335 4.820747 2.000000 2.713156 0.008176
30  304.306733 683.853066 0.363212 -0.860219 -0.891180 0.078891 -0.091694 0.074254 0.001094 0.831979 0.683134 1.872526 -2.142875 -0.006816
32  349.085231 633.939677 2.113749 0.265443 -0.991836 -0.000807 0.105889 -0.384161 -0.001218 2.032219 4.199252 1.563000 -2.265797 0.002596
66  321.089195 668.520332 1.170358 0.061617 0.243907 -0.059676 0.042524 0.096618 -0.025614 2.157625 4.516460 2.347000 -0.608315 0.000936
71  347.745848 646.539761 1.938000 0.043008 0.753822 0.000000 0.075830 0.297074 0.000000 1.987479 5.529966 1.996000 2.802620 0.025383
91  306.036396 666.291811 1.467232 0.156726 -0.144778 0.017396 0.077022 -0.016323 0.001127 2.779406 8.642294 3.078000 2.776796 -0.018243
95  304.379002 684.430564 0.255210 -0.220230 -0.944334 0.032025 0.153030 -0.049905 -0.005764 0.596776 0.602440 1.706479 -2.184913 -0.035620
110  317.730486 672.041350 0.648000 0.048810 0.216572 0.000000 0.057018 0.105532 0.000000 0.443117 0.458286 1.312000 -1.838637 0.023306
121  301.122379 692.191029 0.173863 -3.155212 -3.809312 0.217557 -0.534926 -0.600319 0.034237 2.082689 4.404624 1.682000 -2.259321 -0.003975

41 11 1535657128.149910
23  330.705985 640.776403 1.457785 -0.054416 -0.589353 -0.007309 0.003716 -0.252199 -0.001067 1.992512 4.561402 1.723000 2.432278 -0.004440
27  313.739189 667.137553 0.936968 0.030860 -0.194852 -0.000139 0.010056 -0.073344 -0.000289 2.086316 4.727015 2.000000 2.783120 0.052087
30  303.879973 683.182622 0.386700 -0.875155 -1.141915 0.060266 -0.080180 -0.033008 -0.006050 0.805971 0.666742 1.876268 -2.169436 -0.022250
32  349.626161 634.426518 2.113809 0.736001 -0.004001 -0.000577 0.256541 0.041452 -0.000915 2.082143 4.168739 1.563000 -2.355525 -0.053523
66  321.243114 668.701484 1.132304 0.215864 0.333687 -0.074637 0.092138 0.112094 -0.026419 2.163235 4.470390 2.347000 -0.607126 0.001417
71  348.452952 646.892669 1.938000 0.869139 0.786299 0.000000 0.370116 0.253758 0.000000 1.962683 5.499323 1.996000 2.769714 -0.005008
91  306.002892 666.013343 1.476030 0.039854 -0.392380 0.017746 0.018201 -0.106971 0.001046 2.815167 8.683374 3.078000 2.758271 -0.024512
95  304.307154 683.946059 0.269778 -0.143736 -0.969280 0.029144 0.153030 -0.049905 -0.005764 0.596776 0.602440 1.706479 -2.202718 -0.035620
110  317.281111 672.035211 0.648000 -0.502910 0.101966 0.000000 -0.166120 0.041171 0.000000 0.449269 0.450356 1.312000 -1.842817 0.012849
121  299.461703 689.849594 0.202953 -3.362084 -4.456105 0.128220 -0.516565 -0.705516 0.001938 2.078728 4.423944 1.682000 -2.294947 -0.024241
125  318.891339 670.449890 0.160000 -0.361531 0.443685 0.000000 -0.070626 0.134323 0.000000 1.202928 0.396304 0.514000 -1.386488 0.005809

