1 0 1542800367.947576

2 8 1542800368.447460
2  610.882717 2024.996028 0.301174 0.188776 0.313195 0.034500 -0.016618 0.007299 0.003216 4.430231 2.034734 1.636000 -2.147870 0.000648
5  597.304794 2002.330270 0.993560 -1.448349 6.121334 0.102810 -0.070611 0.187567 0.009585 5.033793 1.884901 1.595000 1.846167 -0.043146
6  595.586196 2024.072442 1.355698 0.143045 0.139268 0.138000 0.003883 -0.005653 0.012866 5.281944 2.074692 2.121000 -0.024893 0.002343
7  598.325666 2009.483875 0.979582 1.362614 5.659326 0.083490 0.039877 0.141767 0.007784 4.368949 1.980602 1.564000 1.430162 -0.014040
9  619.199793 1993.573379 0.606864 6.001783 -5.564135 -0.129720 -0.006269 -0.110964 -0.012094 4.666039 2.020287 1.650000 -0.744177 0.000663
10  602.588674 2019.014199 0.941174 3.602260 6.408600 0.034500 0.100792 0.171502 0.003216 4.674926 1.969768 1.638000 1.075532 -0.007848
11  608.058393 2021.074987 0.511000 -0.209497 0.144724 0.000000 0.015232 0.006744 0.000000 4.194183 1.745987 1.544000 -2.161893 0.005462
13  625.242153 1972.065310 0.782369 -6.739243 6.389662 -0.195960 -0.074378 -0.082551 -0.018270 4.725929 2.196257 1.641000 2.369487 -0.001653

3 8 1542800368.948430
2  610.973396 2025.154638 0.319211 0.180451 0.316851 0.036111 -0.016618 0.007299 0.003216 4.430231 2.034734 1.636000 -2.147546 0.000648
5  596.970001 2005.194634 1.139871 -1.232503 6.063468 0.251110 0.207921 0.019230 0.040154 5.033678 1.944921 1.595000 1.621882 -0.143224
6  595.588089 2024.411269 1.368821 0.101399 0.303195 0.052940 -0.044447 0.179235 -0.006627 5.250608 2.101655 2.121000 -0.031226 -0.001364
7  599.386421 2012.609702 1.001175 1.610041 5.889140 0.053196 0.292054 0.317823 0.000500 4.391763 1.936617 1.564000 1.295114 -0.077254
9  622.709231 1990.670191 0.515338 6.531114 -5.714488 -0.172532 0.459793 -0.193909 -0.019923 4.646357 2.092185 1.650000 -0.716303 0.014263
10  604.397227 2022.447295 0.931712 3.640615 6.607016 -0.006521 0.087333 0.296231 -0.005865 4.694630 2.062076 1.638000 1.011251 -0.037648
11  607.884654 2021.376979 0.617497 -0.246492 0.288667 0.165102 -0.034245 0.162590 0.035171 4.140379 1.787747 1.544000 -2.205078 -0.017214
13  621.836360 1975.578069 0.688185 -6.789399 6.697942 -0.192299 -0.085665 0.223478 -0.015540 4.713985 2.216368 1.641000 2.350549 -0.010596

4 12 1542800369.448339
2  611.059767 2025.314721 0.338007 0.172143 0.320500 0.037719 -0.016618 0.007299 0.003216 4.430231 2.034734 1.636000 -2.147222 0.000648
5  597.489363 2007.887333 1.252465 -0.074895 5.740821 0.244928 0.980568 -0.224415 0.029703 5.045845 1.972851 1.595000 1.528430 -0.156582
6  595.597519 2024.173430 1.475281 -0.009651 -0.277471 0.145994 -0.100053 -0.273699 0.031731 5.306507 2.187226 2.121000 -0.025522 0.002539
7  601.258086 2016.004346 1.030579 3.598330 6.632050 0.056632 1.503050 0.711136 0.001768 4.382250 1.920923 1.564000 1.171767 -0.129044
9  626.022583 1987.533509 0.511435 7.050084 -6.722782 -0.079715 0.589312 -0.681016 0.020987 4.636367 2.093904 1.650000 -0.770867 -0.023449
10  606.336958 2025.416671 0.959885 3.780763 6.365660 0.029303 0.158088 0.010654 0.009561 4.709179 2.021138 1.638000 0.959684 -0.057665
11  607.511370 2021.171097 0.740028 -0.498233 -0.005735 0.220359 -0.206292 -0.112896 0.050167 4.108526 1.814870 1.544000 -2.138243 0.028900
13  618.246367 1978.789356 0.711764 -7.003056 6.511170 -0.054321 -0.198156 0.045064 0.042474 4.738535 2.151544 1.641000 2.370295 0.004712
21  588.449792 2026.181623 1.735921 0.186124 -0.369623 0.168045 -0.180829 -0.229429 0.026845 4.614696 2.008467 1.718000 -0.561834 -0.014471
25  637.826316 1961.479282 0.481530 -5.595457 4.776149 0.103561 -0.037884 -0.013594 0.010108 4.967145 2.096119 1.613000 2.330407 0.007630
29  605.789289 1990.378895 0.855161 -6.717547 6.057846 0.015879 -0.074890 0.016389 0.001550 4.926597 2.217809 1.749000 2.364859 0.001656
32  645.449921 1955.034211 0.447930 -3.366054 4.094751 0.000666 -0.000042 0.199191 0.000065 4.826768 1.716368 1.592000 2.331776 -0.020672

5 13 1542800369.949334
5  598.262202 2011.259525 1.270548 1.402301 6.228256 0.139641 1.452525 0.098748 -0.036329 5.101124 1.965259 1.595000 1.376763 -0.204760
6  595.617843 2024.263033 1.603636 -0.006243 -0.261496 0.214109 -0.068028 -0.174318 0.060424 5.299261 2.196392 2.121000 -0.013900 0.009350
7  603.284608 2019.040656 1.061568 3.964091 6.358280 0.059929 1.263151 0.340331 0.003093 4.361344 1.839003 1.564000 1.079334 -0.147324
9  629.755614 1984.157678 0.454237 7.410341 -6.651406 -0.092827 0.609136 -0.445167 0.008004 4.647816 2.129882 1.650000 -0.755474 -0.005590
10  608.350858 2028.627282 0.787653 3.864551 6.381124 -0.170313 0.168808 0.015717 -0.102758 4.619700 2.013242 1.638000 1.021628 0.002102
11  607.759036 2020.915409 0.861062 -0.080746 -0.007431 0.245145 0.077765 -0.099231 0.049976 4.090380 1.796897 1.544000 -2.103703 0.042100
13  614.916704 1981.976059 0.760140 -6.909888 6.451386 0.038677 -0.080745 -0.003819 0.081882 4.702405 2.190192 1.641000 2.378145 0.008324
21  588.597349 2026.094932 1.796617 -0.243002 -0.037815 0.146694 -0.386248 0.100224 0.013308 4.576181 2.006138 1.718000 -0.516547 0.018069
24  675.033452 1923.689831 0.646841 -4.114642 4.414002 0.017250 -0.453621 0.661585 0.002615 4.209725 2.282038 1.582000 2.414837 0.151609
25  635.154863 1964.393780 0.627801 -5.794451 5.118308 0.251924 -0.172902 0.259488 0.039473 4.933019 2.022303 1.613000 2.367475 0.024389
26  610.491806 2025.108331 0.337870 -0.348115 0.103482 0.089073 -0.083253 0.054108 0.008289 4.532023 2.206897 1.636000 -2.124908 -0.002565
29  603.128077 1992.739912 1.033983 -5.371849 5.021969 0.281752 1.082925 -0.862522 0.055873 4.905312 2.204027 1.749000 2.346402 -0.008066
32  643.452644 1956.341105 0.489894 -2.813974 3.246599 0.059337 0.314001 -0.461819 0.011713 4.746181 1.810731 1.592000 2.358788 -0.003610

6 14 1542800370.450291
5  599.303768 2014.402664 1.332022 2.129953 6.277724 0.121442 1.452525 0.098748 -0.036329 5.101124 1.965259 1.595000 1.274187 -0.204760
6  595.646192 2024.160513 1.757510 -0.020019 -0.319166 0.278832 -0.055633 -0.156214 0.080415 5.341864 2.271535 2.121000 0.068484 0.060723
7  605.120375 2021.970290 1.093719 4.426591 6.400548 0.062970 1.149629 0.254850 0.003959 4.310191 1.868709 1.564000 1.010886 -0.143784
9  633.413178 1980.804707 0.409100 7.639386 -6.842327 -0.089350 0.557582 -0.423430 0.007695 4.623492 2.196971 1.650000 -0.778272 -0.018812
10  610.166643 2031.992178 0.560522 3.843470 6.497929 -0.346660 0.112191 0.074095 -0.175211 4.670322 1.975485 1.638000 1.031845 0.008161
11  607.747707 2020.885146 0.980918 -0.037569 -0.058441 0.254690 0.080511 -0.100077 0.040987 4.091157 1.777996 1.544000 -2.167191 -0.013822
13  611.723169 1984.815253 0.888132 -6.839453 6.298036 0.174551 -0.005632 -0.106402 0.136920 4.684323 2.181733 1.641000 2.431582 0.040898
21  588.811279 2025.998995 1.910033 -0.215269 -0.039762 0.193345 -0.194321 0.054977 0.035718 4.522009 2.016131 1.718000 -0.550420 -0.009807
24  673.517032 1926.146777 0.659302 -3.895167 4.808091 0.022208 -0.032065 0.720719 0.003888 4.347305 2.457555 1.582000 2.325489 0.059715
25  631.952666 1967.380489 0.697176 -6.025252 5.449819 0.193217 -0.295303 0.430562 0.007764 5.003890 2.065059 1.613000 2.376371 0.022363
26  610.225486 2025.382982 0.787335 -0.426074 0.235694 0.484143 -0.118428 0.156089 0.098883 4.514062 2.157051 1.636000 -2.151902 -0.015623
29  600.464729 1995.378526 1.207086 -4.951950 4.766457 0.332219 0.983901 -0.719902 0.064954 4.968749 2.174910 1.749000 2.302763 -0.032213
32  641.912170 1957.256573 0.695197 -2.784706 2.636887 0.261677 0.211339 -0.765204 0.080266 4.748986 1.913901 1.592000 2.417965 0.030294
36  653.215100 1946.954489 0.733925 -3.309745 3.617447 0.061076 -0.626075 0.516289 0.009394 5.069152 1.971670 1.659000 2.253345 -0.059909

7 16 1542800370.949037
5  600.697100 2017.556159 1.384311 2.854395 6.326974 0.103323 1.452525 0.098748 -0.036329 5.101124 1.965259 1.595000 1.172064 -0.204760
6  595.486758 2023.483148 1.872042 -0.080052 -0.628521 0.275233 -0.078652 -0.278282 0.057119 5.328243 2.268586 2.121000 0.003990 -0.002522
7  607.590116 2025.220618 1.126027 4.999964 6.527654 0.064945 1.149629 0.254850 0.003959 4.310191 1.868709 1.564000 0.939174 -0.143784
9  637.643866 1977.319450 0.449455 8.079148 -7.071532 -0.000707 0.642450 -0.428287 0.052898 4.598590 2.173343 1.650000 -0.764768 -0.003540
10  612.109127 2035.249881 0.347697 3.899425 6.534884 -0.434046 0.112191 0.074095 -0.175211 4.670322 1.975485 1.638000 1.035916 0.008161
11  607.986808 2021.120202 1.098057 0.168883 -0.019923 0.255524 0.161682 -0.043903 0.030536 4.001409 1.817022 1.544000 -2.129049 0.016230
13  608.579717 1987.858143 1.033319 -6.384883 5.814143 0.270298 0.188619 -0.273447 0.151556 4.670931 2.112739 1.641000 2.422572 0.021275
21  589.185502 2026.424135 2.037406 0.219390 0.145487 0.235315 0.117444 0.176192 0.049686 4.585579 2.090951 1.718000 -0.500143 0.026820
24  671.019592 1927.521013 0.671056 -4.381321 4.119236 0.023933 -0.362269 -0.016558 0.003785 4.682854 2.370903 1.582000 2.356781 0.060619
25  628.998716 1969.639614 0.788334 -6.259085 5.274656 0.189524 -0.317180 0.173410 0.003550 4.929753 2.057926 1.613000 2.421236 0.044335
26  610.330785 2025.432883 0.879785 -0.114817 0.391374 0.348736 0.171415 0.182235 -0.003413 4.545104 2.133930 1.636000 -2.187314 -0.032893
29  600.455701 1997.906685 1.371144 -0.657039 4.969359 0.346791 2.981508 -0.428405 0.055026 4.982456 2.202155 1.749000 2.160890 -0.114207
32  639.652820 1959.059473 0.833028 -3.501345 2.847761 0.289547 -0.288263 -0.405098 0.073758 4.857892 1.968109 1.592000 2.434912 0.031476
36  649.839095 1950.554439 0.775109 -5.417509 5.778802 0.075498 -1.245341 1.172924 0.012753 5.154563 2.134331 1.659000 2.258446 -0.040420
46  561.950463 2046.789018 3.018496 3.594521 -0.810710 0.099156 0.169547 -0.061352 0.009580 4.556557 2.110584 1.844000 -0.718056 0.023900
51  660.228191 1938.403429 0.618034 -4.500506 4.554225 0.075199 0.055546 0.052033 0.007265 5.056471 2.209102 1.615000 2.296420 0.002400

8 17 1542800371.448359
5  602.438174 2020.736826 1.428004 3.579672 6.376281 0.085183 1.452525 0.098748 -0.036329 5.101124 1.965259 1.595000 1.069823 -0.204760
6  595.709227 2023.771068 1.933181 0.010091 -0.440451 0.217942 -0.014312 -0.116586 0.016393 5.460303 2.245177 2.121000 0.121407 0.077446
7  610.336664 2028.535429 1.159316 5.573999 6.654906 0.066921 1.149629 0.254850 0.003959 4.310191 1.868709 1.564000 0.867380 -0.143784
9  641.478193 1973.769963 0.513065 8.047375 -7.757531 0.076454 0.477438 -0.597064 0.076983 4.568383 2.143613 1.650000 -0.772468 -0.007538
10  614.080589 2038.529002 0.092873 3.955445 6.571881 -0.521533 0.112191 0.074095 -0.175211 4.670322 1.975485 1.638000 1.039991 0.008161
11  607.834299 2021.162933 1.133479 0.117996 -0.058359 0.175193 0.094768 -0.045616 -0.014825 4.041679 1.839997 1.544000 -2.188492 -0.029285
13  605.595328 1990.431874 1.178233 -6.184445 5.545653 0.323721 0.234550 -0.332964 0.140995 4.603773 2.054266 1.641000 2.427750 0.017606
21  589.157090 2026.500997 2.149092 0.052884 0.081522 0.243152 0.007737 0.106202 0.040710 4.574680 2.033918 1.718000 -0.508362 0.012278
24  669.361865 1929.210985 0.721107 -4.143019 4.074532 0.063038 -0.103095 -0.055087 0.023319 4.644889 2.415207 1.582000 2.419397 0.080587
25  625.658135 1972.120354 0.885616 -6.183944 5.402508 0.193286 -0.205598 0.176871 0.004689 4.961147 2.058652 1.613000 2.425462 0.032344
26  610.310724 2025.667927 1.053175 -0.029226 0.482368 0.347032 0.171415 0.182235 -0.003413 4.545104 2.133930 1.636000 -2.203738 -0.032893
29  597.441262 2001.475440 1.489620 -5.228388 6.329158 0.303596 -0.002298 0.356836 0.014569 4.989576 2.163478 1.749000 2.047412 -0.151999
32  635.939477 1961.866730 0.913057 -6.058161 5.376238 0.239464 -1.381480 0.817389 0.024923 4.842225 1.987323 1.592000 2.440031 0.024349
36  646.254543 1953.746106 0.859079 -6.102601 5.964546 0.126469 -1.147271 0.878416 0.034054 5.101127 2.207706 1.659000 2.417486 0.067761
46  566.326764 2044.525165 3.162203 7.668273 -4.766183 0.233998 2.843396 -2.628507 0.035400 4.409587 2.076960 1.844000 -0.633789 0.056892
51  658.038178 1940.639888 0.684339 -4.753138 4.724639 0.117199 -0.116865 0.130185 0.014883 4.980481 2.028213 1.615000 2.339600 0.021548
57  697.234285 1902.107771 0.610369 -3.704459 4.313930 0.166334 -0.002098 0.189042 0.015355 5.032990 2.155046 1.651000 2.506079 -0.052497

9 16 1542800371.948272
6  595.561988 2023.628166 1.989937 -0.044804 -0.465244 0.175041 -0.042257 -0.096982 -0.005669 5.478658 2.320226 2.121000 0.065006 0.014165
7  613.391384 2031.921759 1.193695 6.148714 6.782309 0.068900 1.149629 0.254850 0.003959 4.310191 1.868709 1.564000 0.795501 -0.143784
9  645.762282 1969.701354 0.614194 8.334388 -8.072549 0.155935 0.505894 -0.606800 0.094684 4.589698 2.112853 1.650000 -0.747812 0.011372
10  616.084141 2041.831657 -0.208724 4.011531 6.608922 -0.609124 0.112191 0.074095 -0.175211 4.670322 1.975485 1.638000 1.044070 0.008161
11  607.863534 2020.606609 1.305797 0.148704 -0.247161 0.248223 0.084984 -0.143059 0.019908 3.988545 1.791210 1.544000 -2.202256 -0.028703
13  602.712536 1992.886808 1.372992 -6.017417 5.301804 0.394236 0.263853 -0.378529 0.141008 4.609667 2.046055 1.641000 2.383777 -0.017505
21  589.107061 2026.395498 2.251519 0.025064 0.065372 0.237144 -0.010249 0.066900 0.028450 4.606012 1.966970 1.718000 -0.415586 0.066931
24  667.123584 1932.076794 0.670256 -4.264036 4.455742 -0.010371 -0.144277 0.187193 -0.019836 4.452736 2.469001 1.582000 2.419790 0.056061
25  622.716308 1975.121884 1.068224 -6.214610 5.585641 0.282262 -0.158414 0.238840 0.050882 4.956417 2.098662 1.613000 2.362010 -0.020530
26  610.336104 2025.951584 1.225864 0.056467 0.573470 0.345326 0.171415 0.182235 -0.003413 4.545104 2.133930 1.636000 -2.220182 -0.032893
29  596.082642 2004.467505 1.690441 -4.788616 6.417927 0.357467 0.276277 0.300215 0.039410 5.107117 2.109500 1.749000 1.914872 -0.189554
32  633.047854 1964.504893 1.004117 -6.582172 5.697722 0.216461 -1.277426 0.762966 0.006111 4.823283 1.998347 1.592000 2.371357 -0.029578
36  643.058291 1956.710681 0.950129 -6.610882 6.285042 0.164877 -1.092316 0.778506 0.046205 5.098550 2.218689 1.659000 2.421731 0.048400
46  570.823590 2041.529265 3.287441 9.089724 -6.080207 0.251695 2.843396 -2.628507 0.035400 4.409587 2.076960 1.844000 -0.605348 0.056892
51  655.631628 1943.057252 0.733754 -4.813512 4.805364 0.110243 -0.118437 0.142785 0.009866 4.989812 1.972538 1.615000 2.436149 0.069169
57  695.381888 1904.308464 0.697104 -3.705508 4.408435 0.174010 -0.002098 0.189042 0.015355 5.032990 2.155046 1.651000 2.479835 -0.052497

10 15 1542800372.397808
6  595.534198 2023.401467 2.067598 -0.063800 -0.508841 0.172493 -0.042257 -0.096982 -0.005669 5.478658 2.320226 2.121000 0.071374 0.014165
9  649.550564 1965.728669 0.603627 8.593795 -8.433243 0.112354 0.512489 -0.653514 0.060470 4.659450 2.112105 1.650000 -0.764193 -0.003362
11  607.813942 2020.722158 1.429506 0.123740 -0.144937 0.264677 0.054004 -0.071150 0.022888 4.037396 1.878847 1.544000 -2.197739 -0.016760
13  600.880383 1994.988668 1.573620 -4.736990 4.757992 0.455758 0.711044 -0.519162 0.140267 4.591517 2.006035 1.641000 2.351326 -0.034357
21  589.484848 2026.475980 2.316433 0.237680 0.199758 0.209171 0.089645 0.105904 0.011336 4.630674 1.901861 1.718000 -0.503811 -0.007774
24  664.789529 1934.100130 0.754537 -4.287029 4.571040 0.067801 -0.153913 0.199594 0.020896 4.373717 2.341599 1.582000 2.366787 0.006764
25  619.725041 1977.663562 1.110401 -6.203797 5.718805 0.212579 -0.139775 0.247120 0.006327 4.964407 2.120906 1.613000 2.365138 -0.012063
26  610.392517 2026.242366 1.380483 0.133524 0.655391 0.343792 0.171415 0.182235 -0.003413 4.545104 2.133930 1.636000 -2.234969 -0.032893
29  596.605827 2006.523969 1.758039 -1.055069 5.922607 0.276410 1.774983 0.007762 -0.008137 4.977285 2.106867 1.749000 1.908566 -0.135489
32  630.956440 1966.739252 1.018643 -5.962861 5.376873 0.136103 -0.757197 0.484262 -0.033993 4.907497 2.004361 1.592000 2.336680 -0.044263
36  640.501948 1958.809073 1.020013 -6.296798 5.197303 0.172230 -0.566258 -0.137707 0.038986 5.046531 2.205935 1.659000 2.408499 0.024333
46  572.742912 2040.567675 3.097386 6.907271 -4.920549 -0.006928 0.885216 -1.263226 -0.061856 4.585375 2.170433 1.844000 -0.660865 0.014055
51  653.366318 1945.505495 0.771152 -4.933732 5.089016 0.100064 -0.159754 0.278166 0.002897 4.953007 2.087816 1.615000 2.349368 -0.002689
57  692.428219 1904.977684 0.725860 -4.458507 3.799258 0.130262 -0.495572 -0.292175 0.003910 4.989305 2.142973 1.651000 2.591328 0.012499
79  641.730100 1944.031786 1.128012 -7.563905 6.905010 0.050340 -0.094311 0.071652 0.004329 4.723338 2.077307 1.918000 2.348290 -0.026405

11 15 1542800372.948008
6  595.487336 2023.094514 2.160926 -0.087050 -0.562201 0.169374 -0.042257 -0.096982 -0.005669 5.478658 2.320226 2.121000 0.079168 0.014165
9  654.645118 1961.495861 0.611872 9.037129 -8.297691 0.087777 0.569351 -0.435246 0.038953 4.625299 2.100903 1.650000 -0.797056 -0.023648
11  608.161434 2020.808268 1.566966 0.225355 -0.089920 0.265327 0.097571 -0.028216 0.018446 4.079573 1.829406 1.544000 -2.167372 0.009134
13  598.620490 1997.646436 1.716264 -3.664581 5.076240 0.412022 0.937185 -0.289490 0.095293 4.501659 2.078495 1.641000 2.338415 -0.030437
21  588.870889 2026.779882 2.383238 0.070970 0.326461 0.173884 -0.022199 0.136395 -0.004594 4.651985 1.929118 1.718000 -0.447997 0.028656
24  662.551622 1936.286423 0.924764 -4.234089 4.240827 0.189920 -0.094077 0.016410 0.067583 4.434568 2.280832 1.582000 2.326993 -0.019731
25  616.436454 1980.956391 1.258735 -6.339153 6.197529 0.242810 -0.147800 0.370119 0.017859 4.958088 2.125819 1.613000 2.354813 -0.014475
29  597.698810 2009.960155 1.879850 1.416476 5.878833 0.246635 2.342041 0.002532 -0.019043 5.018768 2.217615 1.749000 1.806196 -0.153686
32  627.751141 1969.785147 1.156723 -5.767745 5.375781 0.183320 -0.500232 0.373674 -0.005386 4.925482 1.998401 1.592000 2.390233 0.006738
36  636.762772 1962.175220 1.004991 -6.823851 5.849779 0.076485 -0.664719 0.272613 -0.017307 4.994884 2.191615 1.659000 2.366474 -0.012072
46  574.760316 2037.219835 2.920883 5.393734 -4.644581 -0.188700 -0.151970 -0.798190 -0.137240 4.780748 2.188258 1.844000 -0.806137 -0.073101
51  650.454372 1948.619630 0.892123 -5.420579 5.707412 0.170724 -0.321241 0.478078 0.041820 4.955037 2.048426 1.615000 2.302596 -0.031786
57  690.280341 1908.052313 0.781830 -4.297068 4.284178 0.115887 -0.257446 0.104367 -0.003848 5.061698 2.050968 1.651000 2.586323 0.005889
79  637.021212 1948.153167 1.161619 -8.495511 7.774345 0.059654 -0.703720 0.617940 0.005759 4.674611 2.068383 1.918000 2.345715 -0.020652
82  596.365888 2022.264364 2.031453 0.686108 -0.489333 0.026810 0.020382 -0.092696 0.002837 5.189106 2.209595 2.121000 0.017011 -0.013926

12 15 1542800373.447883
6  595.433958 2022.790846 2.244269 -0.108173 -0.610680 0.166540 -0.042257 -0.096982 -0.005669 5.478658 2.320226 2.121000 0.086249 0.014165
9  658.958640 1957.397815 0.624245 9.215245 -8.467406 0.074917 0.508476 -0.407890 0.027497 4.661646 2.085289 1.650000 -0.789579 -0.010832
11  608.104594 2021.173347 1.684903 0.179884 0.100191 0.260074 0.054221 0.065718 0.013444 4.046980 1.787203 1.544000 -2.180826 -0.002160
13  597.218983 1999.948571 1.868875 -3.129216 4.878486 0.399453 0.975424 -0.319814 0.073961 4.562270 2.073370 1.641000 2.302031 -0.044496
21  589.127817 2026.577810 2.439427 0.148452 0.239439 0.148616 0.020211 0.062086 -0.012830 4.750217 2.113862 1.718000 -0.510043 -0.018022
24  660.471821 1938.214982 1.002183 -4.261086 4.182410 0.194623 -0.082994 -0.020453 0.056006 4.345377 2.165429 1.582000 2.290339 -0.037364
25  612.975889 1984.308109 1.418340 -6.496311 6.436705 0.280976 -0.196228 0.401616 0.029400 4.978818 2.127899 1.613000 2.351659 -0.011764
29  598.711364 2013.421216 1.958957 2.496815 6.074835 0.204520 2.294701 0.104523 -0.031615 5.177009 2.214892 1.749000 1.759446 -0.134838
32  624.993559 1972.488771 1.313260 -5.939279 5.539626 0.237661 -0.454439 0.360292 0.017297 4.938612 1.968542 1.592000 2.392731 0.006160
36  633.315161 1965.214115 1.114298 -7.110289 6.005799 0.136436 -0.633851 0.285911 0.012388 4.956730 2.206032 1.659000 2.321648 -0.037893
46  577.255650 2035.774551 2.806495 5.236681 -4.522513 -0.245595 -0.192892 -0.535231 -0.131265 4.611777 2.366813 1.844000 -0.540825 0.109803
51  647.620809 1951.534547 1.017769 -5.612965 5.914130 0.223054 -0.337217 0.461874 0.058474 4.945462 2.035411 1.615000 2.294920 -0.026315
57  689.627565 1910.957559 0.830374 -3.276188 4.882807 0.105385 0.359701 0.397733 -0.008397 5.127603 2.221693 1.651000 2.424084 -0.093675
79  632.789422 1951.936834 1.191248 -8.752975 7.953343 0.060759 -0.621230 0.504322 0.005030 4.694109 2.054270 1.918000 2.370470 0.000627
82  597.185576 2022.477213 2.065522 0.990982 -0.236532 0.055976 0.300476 0.191629 0.008845 5.153729 1.994626 2.121000 -0.057975 -0.045063

13 14 1542800373.947765
9  663.328423 1953.214265 0.598116 9.054960 -8.722602 0.034241 0.352439 -0.413399 0.008867 4.662225 2.125745 1.650000 -0.763038 0.010636
11  607.979215 2020.761896 1.800410 0.082326 -0.128553 0.253962 0.003256 -0.039870 0.009204 4.028583 1.702568 1.544000 -2.242109 -0.039475
13  596.232193 2002.151161 2.007295 -2.170413 4.571859 0.378193 1.145373 -0.376869 0.054516 4.558601 2.164800 1.641000 2.268110 -0.051915
21  589.557280 2026.062750 2.454129 0.270298 0.135855 0.099516 0.071787 -0.012411 -0.027379 4.728229 2.183614 1.718000 -0.505456 -0.009612
24  658.184683 1940.380112 1.058255 -4.511883 4.428148 0.177098 -0.158935 0.065469 0.039060 4.405692 2.128968 1.582000 2.330220 0.002181
25  609.703077 1987.107019 1.699613 -6.440258 6.298836 0.406321 -0.138884 0.247842 0.070154 4.790941 2.202696 1.613000 2.426371 0.042377
29  600.212492 2017.278989 2.153742 3.109885 6.952449 0.265888 2.087687 0.436714 -0.004083 5.224052 2.162231 1.749000 1.538090 -0.230259
32  621.822658 1975.222425 1.477723 -6.334352 5.785315 0.280877 -0.509908 0.370137 0.030120 4.919148 2.011699 1.592000 2.415725 0.019540
36  630.851695 1968.146276 1.302088 -6.180620 5.938102 0.243855 -0.050132 0.188270 0.052457 4.919334 2.151661 1.659000 2.332379 -0.017940
46  579.829845 2033.393045 2.654104 5.140257 -4.790065 -0.311212 -0.192892 -0.535231 -0.131265 4.611777 2.366813 1.844000 -0.485936 0.109803
51  644.387043 1954.635673 1.086481 -6.084357 6.008919 0.197813 -0.463767 0.411419 0.032505 4.942343 1.978841 1.615000 2.354482 0.022733
57  687.682908 1911.945372 0.878718 -3.208037 3.575328 0.098783 0.304459 -0.265954 -0.009609 5.051239 2.189267 1.651000 2.308341 -0.136477
79  628.559572 1956.285992 1.279862 -8.720625 8.242765 0.124727 -0.413267 0.531126 0.039718 4.690678 2.068402 1.918000 2.364274 -0.003635
82  597.748756 2022.402218 2.095500 1.141185 -0.140740 0.060398 0.300476 0.191629 0.008845 5.153729 1.994626 2.121000 -0.080501 -0.045063

14 14 1542800374.447637
9  667.937020 1948.757574 0.617302 9.231134 -8.929249 0.038673 0.352439 -0.413399 0.008867 4.662225 2.125745 1.650000 -0.757722 0.010636
11  608.021128 2020.688329 1.929507 0.083953 -0.148482 0.258563 0.003256 -0.039870 0.009204 4.028583 1.702568 1.544000 -2.261841 -0.039475
13  595.689326 2003.590760 2.146154 -1.455305 3.990164 0.360108 1.207062 -0.547052 0.039731 4.718600 2.121172 1.641000 2.283868 -0.026129
21  589.596106 2026.093781 2.453456 0.262278 0.116454 0.053415 0.051056 -0.018642 -0.038140 4.779401 2.252344 1.718000 -0.553887 -0.036536
24  655.456026 1942.992633 1.068132 -4.816316 4.658802 0.125309 -0.264380 0.158233 0.013635 4.506961 2.180512 1.582000 2.343349 0.010259
25  607.484883 1990.007755 1.854193 -5.695833 5.732513 0.389589 0.255787 -0.060325 0.051795 4.675452 2.216382 1.613000 2.366458 -0.011795
29  602.254401 2020.856273 2.285698 4.153462 7.170750 0.263847 2.087687 0.436714 -0.004083 5.224052 2.162231 1.749000 1.422991 -0.230259
32  618.451620 1977.985895 1.642231 -6.512908 5.772996 0.309606 -0.481328 0.275931 0.034993 4.948386 2.057881 1.592000 2.421943 0.017169
36  627.793593 1971.304412 1.511722 -6.098462 5.964168 0.332660 0.000296 0.164970 0.075803 4.927956 2.184708 1.659000 2.406665 0.037693
46  582.354286 2030.873678 2.467895 5.043836 -5.057613 -0.376828 -0.192892 -0.535231 -0.131265 4.611777 2.366813 1.844000 -0.431049 0.109803
51  641.542922 1957.289573 1.137295 -6.197086 6.040798 0.163119 -0.404070 0.324313 0.010426 4.899544 2.027624 1.615000 2.363929 0.021450
57  685.855121 1914.311316 0.927491 -3.416690 3.685082 0.095505 0.150177 -0.152885 -0.008905 5.387125 2.171136 1.651000 2.317669 -0.088380
79  624.531965 1960.040086 1.384390 -8.357823 7.886836 0.179346 -0.095851 0.183360 0.059974 4.694644 2.077516 1.918000 2.376443 0.005639
82  598.389348 2022.376602 2.127756 1.291384 -0.044950 0.064819 0.300476 0.191629 0.008845 5.153729 1.994626 2.121000 -0.103027 -0.045063

15 14 1542800374.947539
9  672.634010 1944.197256 0.638707 9.407319 -9.135908 0.043106 0.352439 -0.413399 0.008867 4.662225 2.125745 1.650000 -0.752405 0.010636
11  608.063857 2020.604789 2.060913 0.085581 -0.168413 0.263164 0.003256 -0.039870 0.009204 4.028583 1.702568 1.544000 -2.281575 -0.039475
13  595.243781 2005.457661 2.335454 -0.851892 3.716692 0.379970 1.207062 -0.547052 0.039731 4.718600 2.121172 1.641000 2.270806 -0.026129
21  589.799407 2026.276466 2.447956 0.320337 0.176689 0.017477 0.064539 0.010180 -0.043640 4.604132 1.932282 1.718000 -0.472054 0.025271
24  653.088345 1945.573548 1.063897 -4.882085 4.878184 0.076942 -0.237441 0.215149 -0.005435 4.494511 2.186327 1.582000 2.309509 -0.015833
25  604.958462 1992.355812 1.965777 -5.485740 5.543835 0.341238 0.302848 -0.151054 0.026196 4.711290 2.123576 1.613000 2.400463 0.014863
29  604.818401 2024.542960 2.416642 5.197101 7.389065 0.261806 2.087687 0.436714 -0.004083 5.224052 2.162231 1.749000 1.307884 -0.230259
32  615.555443 1980.969922 1.663590 -6.604767 5.921535 0.216463 -0.396115 0.282003 -0.003304 5.051794 1.902160 1.592000 2.368931 -0.023982
36  624.877364 1973.605609 1.665446 -6.055284 5.812901 0.346301 0.025506 0.028029 0.067154 4.898619 2.131470 1.659000 2.396477 0.018296
46  584.830651 2028.220339 2.248855 4.947409 -5.325176 -0.442448 -0.192892 -0.535231 -0.131265 4.611777 2.366813 1.844000 -0.376158 0.109803
51  638.790167 1959.807140 1.223446 -6.151854 5.877839 0.170213 -0.295182 0.181134 0.011176 4.898798 2.029833 1.615000 2.378344 0.023919
57  682.922296 1915.935369 0.976782 -3.873373 3.531664 0.094231 -0.098730 -0.188923 -0.007570 5.349174 2.186459 1.651000 2.383135 -0.020481
79  620.280055 1963.652853 1.490489 -8.423790 7.847678 0.211796 -0.107075 0.102015 0.061290 4.779523 2.003448 1.918000 2.359776 -0.007353
82  599.105103 2022.398895 2.162225 1.441592 0.050846 0.069241 0.300476 0.191629 0.008845 5.153729 1.994626 2.121000 -0.125554 -0.045063

16 15 1542800375.447384
9  677.414117 1939.539337 0.662213 9.583484 -9.342544 0.047539 0.352439 -0.413399 0.008867 4.662225 2.125745 1.650000 -0.747089 0.010636
11  608.107354 2020.511795 2.194489 0.087209 -0.188342 0.267764 0.003256 -0.039870 0.009204 4.028583 1.702568 1.544000 -2.301306 -0.039475
13  595.084785 2007.194507 2.534162 -0.248549 3.443251 0.399829 1.207062 -0.547052 0.039731 4.718600 2.121172 1.641000 2.257745 -0.026129
21  589.784708 2026.765615 2.443530 0.219193 0.357968 -0.006860 0.015556 0.077274 -0.044448 4.464058 2.021755 1.718000 -0.502526 -0.001556
24  650.454308 1948.633871 1.095618 -5.429898 5.585962 0.069947 -0.362877 0.411046 -0.006873 4.430844 2.159669 1.582000 2.374868 0.033614
25  602.318695 1994.973469 2.068985 -5.165096 5.203281 0.300485 0.359194 -0.242107 0.008556 4.722442 2.307636 1.613000 2.317943 -0.042503
29  607.877623 2028.332882 2.546602 6.240621 7.607354 0.259765 2.087687 0.436714 -0.004083 5.224052 2.162231 1.749000 1.192790 -0.230259
32  612.321196 1983.948391 1.757159 -6.454434 5.988958 0.204112 -0.274240 0.255456 -0.006908 4.926714 1.786456 1.592000 2.332552 -0.040428
36  621.829812 1976.516146 1.797973 -5.793157 5.515222 0.336484 0.103237 -0.072595 0.052272 4.928560 2.151342 1.659000 2.402046 0.015884
51  635.947002 1962.652337 1.321232 -5.825535 5.842903 0.184295 -0.141852 0.135344 0.014324 4.965772 2.073982 1.615000 2.356542 0.001151
57  681.027439 1917.530112 1.027109 -4.143971 3.522326 0.094512 -0.181366 -0.159205 -0.006008 5.266291 2.133077 1.651000 2.379160 -0.016578
79  616.745751 1967.607484 1.655595 -7.921696 7.691116 0.286368 0.137152 0.031040 0.082093 4.767522 1.957977 1.918000 2.303490 -0.042806
118  724.709394 1870.103552 2.098968 -6.086740 1.123783 -0.433858 -0.609848 0.201742 -0.108640 12.613170 2.628631 4.464000 2.664779 -0.051316
123  691.894443 1908.944612 1.030567 -5.168792 4.501215 -0.099858 -0.181351 0.208406 -0.009354 4.775559 2.097392 1.536000 2.348568 0.014071
127  659.931966 1939.482181 1.086562 -5.421243 5.821549 0.008280 -0.145538 0.176595 0.000776 4.733944 1.979316 1.719000 2.371820 0.002356

17 12 1542800375.947245
13  595.242615 2008.787816 2.743306 0.354814 3.169801 0.419689 1.207062 -0.547052 0.039731 4.718600 2.121172 1.641000 2.244684 -0.026129
21  589.705551 2025.417746 2.496016 0.141492 -0.289882 0.018170 -0.019054 -0.200685 -0.029285 4.649628 2.155290 1.718000 -0.522228 -0.013234
24  647.563185 1951.440105 1.217815 -5.640852 5.765105 0.134233 -0.379002 0.396691 0.015917 4.410271 2.170149 1.582000 2.348714 0.004962
25  599.429840 1996.802437 2.214100 -5.187681 4.712408 0.299706 0.271559 -0.402458 0.006920 4.623092 2.217900 1.613000 2.369431 0.002415
32  610.039943 1986.739354 1.937637 -6.112046 5.991989 0.259030 -0.052090 0.197697 0.012205 5.023598 1.756094 1.592000 2.368539 -0.004895
36  619.216329 1978.692565 1.933309 -5.610353 5.192584 0.327927 0.164766 -0.206885 0.040463 4.933370 2.285368 1.659000 2.377045 -0.006081
51  633.209060 1965.643307 1.422408 -5.787288 5.930950 0.196032 -0.092986 0.144474 0.015959 4.966862 2.071343 1.615000 2.330664 -0.016490
57  678.999499 1919.781139 1.076957 -4.203737 3.632577 0.094865 -0.165839 -0.063786 -0.004756 5.162932 2.134449 1.651000 2.443892 0.031624
79  612.519526 1971.568071 1.833480 -8.009356 7.763589 0.341520 0.062522 0.058250 0.088166 4.733761 1.886522 1.918000 2.356836 0.007025
118  721.960701 1871.378007 2.030966 -6.089932 1.684744 -0.290171 -0.325161 0.635990 -0.039707 12.630274 2.675850 4.464000 2.652597 -0.043832
123  688.467713 1910.677118 0.878480 -5.770353 4.244112 -0.245304 -0.684796 -0.147591 -0.038359 4.861367 2.130710 1.536000 2.321459 -0.001226
127  657.140260 1942.832862 1.132845 -5.523875 6.159395 0.073802 -0.178574 0.452496 0.014643 4.719386 1.969180 1.719000 2.317659 -0.024950

18 11 1542800376.447154
21  589.907435 2027.091571 2.575215 0.273027 0.463714 0.058097 0.026448 0.140970 -0.011835 4.661027 1.934602 1.718000 -0.469039 0.023733
24  644.527952 1954.504828 1.369829 -5.896564 6.010696 0.203679 -0.409286 0.418305 0.036473 4.378841 2.151911 1.582000 2.351258 0.005004
25  597.603564 1999.390967 2.414440 -4.613053 4.713815 0.337731 0.438835 -0.325237 0.018015 5.018982 2.186652 1.613000 2.439579 0.044854
32  608.317248 1989.672668 2.125500 -4.898622 5.883244 0.304584 0.394111 0.131821 0.024901 4.946132 1.813077 1.592000 2.429090 0.034074
36  616.767385 1980.637383 2.055280 -5.385319 4.855046 0.310758 0.228490 -0.319352 0.028221 4.915930 2.107841 1.659000 2.304443 -0.050126
51  630.129314 1968.319416 1.524017 -5.752125 5.785301 0.203964 -0.086237 0.058163 0.015943 4.914202 2.015840 1.615000 2.407904 0.040680
57  675.851394 1922.487841 1.087753 -5.455947 4.973198 0.063466 -0.590209 0.415260 -0.015117 5.143065 2.180120 1.651000 2.432948 0.013632
79  608.236305 1975.864643 2.018364 -8.342475 8.154320 0.380551 -0.064835 0.193565 0.086221 4.528238 1.825555 1.918000 2.316669 -0.020630
118  718.188706 1871.646471 2.185307 -6.367321 1.729673 0.005751 -0.474555 0.387613 0.113115 12.325294 2.756179 4.464000 2.561152 -0.085471
123  685.769778 1913.042281 0.810454 -5.752790 5.057008 -0.186563 -0.436300 0.367274 -0.008241 4.811824 2.125296 1.536000 2.336922 0.008453
127  654.141630 1945.507605 1.185125 -5.942554 5.953243 0.095335 -0.396674 0.130187 0.020282 4.760994 1.976117 1.719000 2.343121 -0.001743

19 13 1542800376.947003
21  590.049697 2027.354221 2.601663 0.286246 0.534178 0.052181 0.026448 0.140970 -0.011835 4.661027 1.934602 1.718000 -0.457176 0.023733
24  641.011804 1957.685206 1.529133 -6.666740 6.712198 0.259289 -0.606010 0.565055 0.048835 4.362219 2.170760 1.582000 2.278607 -0.045662
25  596.604713 2002.141718 2.673596 -2.058656 4.477595 0.407782 1.161468 -0.327915 0.037433 5.128193 2.077024 1.613000 2.607349 0.135032
32  605.954960 1992.642260 2.283197 -4.701626 5.949134 0.317030 0.394111 0.131821 0.024901 4.946132 1.813077 1.592000 2.446122 0.034074
36  613.616842 1983.563164 2.175347 -5.560029 5.134807 0.295383 0.112435 -0.153503 0.018801 4.976080 2.187223 1.659000 2.359341 -0.000323
51  627.582877 1971.861709 1.673284 -5.574703 5.908464 0.245737 0.004079 0.123399 0.027330 4.865823 2.059379 1.615000 2.433109 0.043964
57  672.683492 1925.366446 1.086451 -5.952096 5.516852 0.032299 -0.665148 0.540910 -0.023215 5.181635 2.153477 1.651000 2.334651 -0.057566
79  605.206785 1979.721610 2.159082 -8.247676 8.192667 0.370526 0.023996 0.163222 0.067306 4.652313 1.840496 1.826800 2.296892 -0.026526
118  716.310848 1874.323480 2.255558 -4.213803 4.388385 0.104748 0.857822 1.761526 0.135426 12.482407 2.851301 4.464000 2.526479 -0.080503
123  682.834804 1915.933563 1.056177 -6.294793 5.315356 0.185762 -0.596237 0.413946 0.190466 4.787596 2.094946 1.536000 2.443818 0.076084
127  650.619279 1948.977002 1.320777 -6.675801 6.999138 0.195893 -0.696044 0.664574 0.070043 4.762277 2.002396 1.719000 2.310973 -0.022301
142  707.875075 1916.179994 0.597000 -0.025093 0.002792 0.000000 -0.028596 0.002059 0.000000 0.844185 2.260795 0.899000 0.636709 -0.042011
159  709.698779 1894.036546 0.985000 -4.820464 5.720504 0.000000 -0.125284 0.114552 0.000000 4.425344 2.065907 1.566000 2.342185 -0.000766

20 13 1542800377.447456
21  590.199143 2027.654562 2.625006 0.299482 0.604727 0.046258 0.026448 0.140970 -0.011835 4.661027 1.934602 1.718000 -0.445299 0.023733
24  638.357220 1960.525791 1.727052 -6.540984 6.655972 0.326414 -0.414139 0.413445 0.063122 4.384596 2.250448 1.582000 2.304440 -0.013258
25  595.846427 2004.305757 2.886437 -1.477396 4.313489 0.426515 1.161468 -0.327915 0.037433 5.128193 2.077024 1.613000 2.674926 0.135032
32  603.694304 1995.650390 2.447687 -4.504391 6.015105 0.329492 0.394111 0.131821 0.024901 4.946132 1.813077 1.592000 2.463174 0.034074
36  610.667023 1986.682778 2.295957 -5.577873 5.282230 0.282503 0.077807 -0.048726 0.011643 5.061116 2.295624 1.659000 2.358513 -0.000732
51  625.789665 1974.489032 1.851759 -5.212079 5.840400 0.295259 0.190419 0.056312 0.039080 4.981199 2.110780 1.615000 2.411700 0.016559
57  669.459547 1928.263582 1.187053 -6.313243 5.790570 0.090437 -0.681462 0.542651 0.000521 5.189853 2.140460 1.651000 2.325389 -0.044524
79  601.790988 1984.878986 2.200390 -7.964384 8.665862 0.284475 0.151013 0.346530 0.026315 4.427005 1.735317 1.762960 2.463076 0.083593
118  714.487208 1876.814169 2.284496 -3.743385 5.212401 0.119117 0.882164 1.727459 0.108302 12.646055 2.956469 4.464000 2.536736 -0.049422
123  679.777889 1918.992104 1.037000 -6.499914 5.643240 0.114597 -0.531047 0.498326 0.095641 4.770736 2.053097 1.536000 2.437880 0.046911
127  647.746374 1952.021076 1.520060 -6.782774 7.096757 0.320838 -0.534762 0.507565 0.122264 4.786164 1.978521 1.719000 2.281455 -0.034431
142  708.231158 1916.105346 0.597000 0.196837 -0.044344 0.000000 0.230587 -0.050785 0.000000 0.758793 2.282842 0.899000 0.689404 0.002184
159  707.816290 1895.202398 0.985000 -4.351910 4.140354 0.000000 0.292568 -1.173392 0.000000 4.587808 2.011221 1.566000 2.367766 0.010873

21 14 1542800377.898133
21  590.338948 2027.952868 2.643690 0.311402 0.668259 0.040924 0.026448 0.140970 -0.011835 4.661027 1.934602 1.718000 -0.434603 0.023733
24  635.894378 1963.569646 1.908576 -6.362779 6.821860 0.372287 -0.269689 0.405351 0.068910 4.408497 2.180430 1.582000 2.338652 0.014282
25  595.392914 2006.189805 3.085501 -0.953949 4.165705 0.443386 1.161468 -0.327915 0.037433 5.128193 2.077024 1.613000 2.735782 0.135032
32  601.736321 1998.385357 2.600733 -4.326774 6.074513 0.340714 0.394111 0.131821 0.024901 4.946132 1.813077 1.592000 2.478530 0.034074
36  608.559757 1989.087200 2.404345 -5.406414 5.257210 0.272749 0.141779 -0.048620 0.006854 4.790581 2.344928 1.659000 2.497992 0.087110
51  623.181519 1976.698076 2.018864 -5.278094 5.641955 0.332215 0.124240 -0.041247 0.045290 4.880641 2.197909 1.615000 2.319242 -0.046518
57  666.956989 1931.202762 1.220463 -6.382983 6.477542 0.084897 -0.571078 0.703617 -0.001412 5.245498 2.079550 1.651000 2.304532 -0.045067
79  597.697436 1990.015485 2.302488 -9.217217 9.751427 0.273390 -0.284559 0.692665 0.018706 4.405077 1.466965 1.718272 2.335016 -0.020537
118  712.859901 1878.262076 2.291844 -3.411253 5.206374 0.105754 0.850390 1.346523 0.079189 12.792504 2.861680 4.464000 2.562525 -0.019136
123  676.324858 1922.118219 1.047341 -7.000704 6.169214 0.096540 -0.670784 0.659404 0.062808 4.770704 2.017475 1.536000 2.411966 0.014678
127  644.972963 1955.745377 1.630732 -6.800060 7.579737 0.317375 -0.419555 0.638485 0.090699 4.779141 2.109856 1.719000 2.321443 0.003524
142  708.526995 1916.287794 0.597000 0.228729 0.063667 0.000000 0.211566 0.059288 0.000000 0.725422 2.217800 0.899000 0.721379 0.022891
159  706.177171 1896.607457 0.985000 -3.920648 3.336969 0.000000 0.478401 -1.343805 0.000000 4.718755 1.999996 1.566000 2.394914 0.023421
172  694.486902 1906.343434 1.092000 -5.206793 4.642771 0.000000 -0.051828 0.015790 0.000000 4.887805 2.253364 1.679000 2.301865 0.013904

22 15 1542800378.397983
24  633.518817 1965.529918 2.119554 -5.266703 5.582859 0.413543 0.133442 -0.089108 0.071120 4.419331 2.318696 1.582000 2.343652 0.012914
25  595.177547 2008.198214 3.315554 -0.373389 4.001796 0.462097 1.161468 -0.327915 0.037433 5.128193 2.077024 1.613000 2.803278 0.135032
36  605.722885 1991.765038 2.542222 -5.510986 5.250396 0.276175 0.075264 -0.040429 0.006854 4.790581 2.344928 1.659000 2.541534 0.087110
51  619.782407 1979.513105 2.203313 -5.811569 5.507315 0.360680 -0.096186 -0.076982 0.047159 4.765099 2.039842 1.615000 2.353148 -0.011058
57  664.003569 1934.566520 1.308286 -6.279678 6.657345 0.119118 -0.403802 0.628580 0.010268 5.251574 2.082001 1.651000 2.272798 -0.051260
79  592.079754 1995.784570 2.592764 -10.505842 10.275859 0.391777 -0.706386 0.773351 0.054321 4.367081 1.375813 1.686990 2.478763 0.075244
118  711.346221 1881.167605 2.362531 -2.986186 5.879433 0.145337 0.850390 1.346523 0.079189 12.792504 2.861680 4.464000 2.552959 -0.019136
123  672.618085 1925.658580 1.127093 -7.428739 7.010553 0.144960 -0.692415 0.846547 0.071079 4.835799 2.007136 1.536000 2.373401 -0.016193
127  642.089638 1958.473408 1.738236 -6.153241 6.393216 0.292619 -0.085207 0.048627 0.056810 4.792290 2.002980 1.719000 2.283645 -0.023061
142  708.057024 1916.277736 0.597000 -0.039166 0.010020 0.000000 -0.047397 0.007388 0.000000 0.741977 2.241415 0.899000 0.743806 0.030245
159  704.619592 1898.086294 0.985000 -3.474002 2.729563 0.000000 0.555083 -1.233825 0.000000 4.743612 2.102055 1.566000 2.448416 0.050344
172  691.150391 1909.078319 1.092000 -5.983137 5.077345 0.000000 -0.722476 0.397105 0.000000 4.835186 2.250663 1.679000 2.424329 0.070071
181  709.777219 1917.675598 0.597000 0.005335 0.024312 0.000000 -0.013884 0.017525 0.000000 0.891001 2.166077 0.899000 0.740252 0.001996
183  591.080281 2027.249823 3.415974 0.320348 -0.295454 0.170465 0.126543 -0.023069 0.016245 5.444856 2.200364 1.718000 -0.863071 -0.045640
185  742.759201 1866.641756 1.128479 -6.500867 6.354263 0.033294 -0.258586 0.210300 0.003173 4.521309 2.070450 1.759000 2.296867 -0.000860

23 15 1542800378.897841
24  630.917357 1968.299758 2.342865 -5.200001 5.538318 0.449093 0.133442 -0.089108 0.071120 4.419331 2.318696 1.582000 2.350107 0.012914
36  602.985740 1994.380054 2.681870 -5.473365 5.230187 0.279601 0.075264 -0.040429 0.006854 4.790581 2.344928 1.659000 2.585077 0.087110
51  616.804825 1982.295121 2.351215 -5.867968 5.474997 0.353572 -0.100769 -0.073324 0.037290 4.685218 2.000168 1.615000 2.305204 -0.037105
57  660.545882 1938.253034 1.529570 -6.539995 6.967409 0.244805 -0.439149 0.636636 0.050697 5.231216 2.013767 1.651000 2.292357 -0.021210
79  586.663468 2001.101526 2.801275 -10.858934 10.662425 0.418930 -0.706386 0.773351 0.054321 4.367081 1.375813 1.686990 2.516375 0.075244
118  710.052018 1884.420740 2.453660 -2.561112 6.552503 0.184920 0.850390 1.346523 0.079189 12.792504 2.861680 4.464000 2.543394 -0.019136
123  668.933131 1929.085084 1.226533 -7.493963 7.110855 0.190061 -0.561102 0.693007 0.075290 4.890384 2.037072 1.536000 2.410233 0.013687
127  639.326118 1961.713603 1.821898 -6.027805 6.306976 0.254421 -0.003378 0.004173 0.028443 4.872091 1.933442 1.719000 2.315138 0.004073
142  708.219600 1916.387740 0.597000 0.006649 0.023503 0.000000 0.001993 0.018945 0.000000 0.753863 2.288553 0.899000 0.686670 -0.017787
159  702.556973 1899.792306 0.985000 -3.388485 2.378033 0.000000 0.419094 -1.045932 0.000000 4.770091 2.074488 1.566000 2.488320 0.060109
172  688.415179 1911.280986 1.124059 -6.277448 5.268362 0.038065 -0.665656 0.376738 0.015030 4.891044 2.175209 1.679000 2.460491 0.070755
181  709.917074 1917.490317 0.597000 0.037094 -0.018092 0.000000 0.034592 -0.047783 0.000000 0.869301 2.142678 0.899000 0.764633 0.013540
183  591.269942 2027.096754 3.504973 0.383602 -0.306986 0.178585 0.126543 -0.023069 0.016245 5.444856 2.200364 1.718000 -0.885885 -0.045640
185  738.751212 1870.020183 1.176755 -7.519302 6.491151 0.078362 -1.105238 0.244979 0.012109 4.300659 2.157007 1.759000 2.211125 -0.039078
192  710.553042 1878.893215 2.268000 -2.080573 1.858869 0.000000 -0.217491 0.190282 0.000000 12.895334 3.095265 4.464000 2.384732 -0.025272

24 15 1542800379.397716
24  628.349165 1971.047418 2.583961 -5.133296 5.493775 0.484644 0.133442 -0.089108 0.071120 4.419331 2.318696 1.582000 2.356563 0.012914
36  600.267315 1996.985055 2.823236 -5.435742 5.209978 0.283027 0.075264 -0.040429 0.006854 4.790581 2.344928 1.659000 2.628621 0.087110
51  614.249771 1984.047496 2.481422 -5.763865 5.066384 0.333208 -0.028774 -0.246680 0.024765 4.827595 2.042757 1.615000 2.473015 0.077469
57  657.351471 1941.933746 1.754809 -6.703885 7.301093 0.338668 -0.407315 0.645475 0.073612 5.221438 2.088505 1.651000 2.316299 0.001801
79  581.070420 2006.611979 3.023371 -11.212039 11.049004 0.446084 -0.706386 0.773351 0.054321 4.367081 1.375813 1.686990 2.553987 0.075244
118  708.970344 1888.010579 2.564588 -2.136023 7.225597 0.224505 0.850390 1.346523 0.079189 12.792504 2.861680 4.464000 2.533828 -0.019136
123  665.568594 1932.731767 1.329451 -7.609856 7.434899 0.219277 -0.466113 0.680095 0.071902 4.817660 2.088132 1.536000 2.431123 0.023045
127  635.868581 1964.366995 1.903296 -6.201466 6.115115 0.225911 -0.087514 -0.090714 0.011926 4.857727 2.013375 1.719000 2.419008 0.066838
142  708.206418 1916.274296 0.597000 0.001523 -0.013781 0.000000 -0.001909 -0.010855 0.000000 0.704526 2.253962 0.899000 0.666383 -0.025379
159  699.753870 1902.099510 0.985000 -3.966551 2.744251 0.000000 -0.013444 -0.557653 0.000000 4.755321 2.042363 1.566000 2.401342 -0.018018
172  685.295301 1914.266394 1.246917 -6.527682 5.582202 0.153974 -0.610027 0.461363 0.075783 4.945596 2.154256 1.679000 2.453983 0.043674
181  709.908275 1917.492073 0.597000 0.035848 -0.030486 0.000000 0.018328 -0.037701 0.000000 0.903585 2.156971 0.899000 0.758406 0.005608
183  591.491242 2026.937913 3.598036 0.446857 -0.318517 0.186705 0.126543 -0.023069 0.016245 5.444856 2.200364 1.718000 -0.908699 -0.045640
185  734.771271 1872.557941 1.229620 -8.048617 6.133034 0.096718 -1.086667 -0.140287 0.016369 4.384177 2.041358 1.759000 2.289278 0.015185
192  708.573477 1879.991179 2.268000 -2.706337 2.026318 0.000000 -0.706830 0.258737 0.000000 12.822386 3.003799 4.464000 2.473860 0.020250

25 13 1542800379.897591
24  625.812591 1973.773965 2.841909 -5.066592 5.449232 0.520195 0.133442 -0.089108 0.071120 4.419331 2.318696 1.582000 2.363018 0.012914
51  610.111773 1987.632907 2.586668 -6.166032 5.422924 0.298362 -0.205284 -0.043539 0.009757 5.199966 2.202515 1.615000 2.199138 -0.116681
57  654.178984 1945.515530 1.750386 -6.513760 7.329426 0.232595 -0.254113 0.526201 0.026406 5.284673 2.079341 1.651000 2.367636 0.035772
79  575.309993 2012.305680 3.258339 -11.565144 11.435583 0.473237 -0.706386 0.773351 0.054321 4.367081 1.375813 1.686990 2.591600 0.075244
123  661.758873 1936.092383 1.365951 -7.039147 7.175793 0.181075 -0.168238 0.430953 0.044280 4.816223 2.127762 1.536000 2.465109 0.038177
127  632.849567 1966.965630 1.985927 -6.246079 5.827221 0.206237 -0.082712 -0.188293 0.002741 4.932341 1.957724 1.719000 2.276817 -0.041878
142  708.218815 1916.322407 0.597000 0.007410 0.013356 0.000000 0.001435 0.005061 0.000000 0.750706 2.252016 0.899000 0.620408 -0.047802
159  696.571098 1904.885007 0.985000 -5.886033 4.515888 0.000000 -0.780408 0.290921 0.000000 4.815670 2.060880 1.566000 2.431259 0.008242
172  681.588297 1917.411283 1.267821 -7.537516 6.387869 0.114820 -0.915816 0.711243 0.031266 4.929501 2.106398 1.679000 2.522786 0.075049
181  709.959108 1917.433039 0.597000 0.032080 -0.044501 0.000000 0.015052 -0.039716 0.000000 0.908209 2.174093 0.899000 0.763423 0.007063
183  591.742526 2026.773606 3.694948 0.510113 -0.330049 0.194825 0.126543 -0.023069 0.016245 5.444856 2.200364 1.718000 -0.931513 -0.045640
185  731.615456 1876.864943 1.193914 -7.559897 6.973758 0.015331 -0.472996 0.409974 -0.026486 4.371612 2.054044 1.759000 2.443387 0.103576
192  708.259942 1879.986262 2.311400 -0.790520 0.588340 0.053384 1.034340 -0.943026 0.020280 12.766961 2.948504 4.464000 2.503203 0.031942

26 10 1542800380.398024
51  607.823796 1990.200942 2.681899 -5.944970 5.349224 0.263410 -0.052317 -0.068063 -0.002992 4.920877 2.255167 1.615000 2.404771 0.046054
57  650.691357 1949.187032 1.680158 -6.701764 7.549620 0.107235 -0.285566 0.503900 -0.018513 5.158817 2.128598 1.651000 2.402518 0.046501
123  658.182092 1939.922134 1.490762 -7.128021 7.435071 0.222404 -0.170923 0.455968 0.051146 4.914171 2.219978 1.536000 2.392702 -0.022802
127  629.782428 1970.441374 2.070030 -6.257520 5.964925 0.192732 -0.068511 -0.078321 -0.002374 4.908559 1.999578 1.719000 2.356016 0.019681
142  708.297098 1916.450044 0.597000 0.059460 0.098702 0.000000 0.022838 0.039590 0.000000 0.806931 2.190386 0.899000 0.689735 0.014338
159  693.531780 1907.383335 1.014875 -6.246328 4.719520 0.027383 -0.762713 0.324878 0.011979 4.858189 2.041917 1.566000 2.461744 0.025822
172  677.542277 1920.780176 1.421444 -8.017254 6.745890 0.221182 -0.929458 0.712574 0.080010 4.943758 2.114837 1.679000 2.511439 0.042538
181  709.557115 1917.443449 0.597000 -0.232927 -0.037243 0.000000 -0.136217 -0.024656 0.000000 0.837780 2.221339 0.899000 0.747833 -0.005593
185  727.820590 1879.950865 1.141515 -7.739373 6.889944 -0.055680 -0.441070 0.248759 -0.059333 4.423936 2.181197 1.759000 2.429795 0.060748
192  708.260718 1879.950104 2.364952 -0.187814 0.055812 0.087952 1.105159 -0.993469 0.033414 12.782363 2.889725 4.464000 2.508536 0.025005

27 11 1542800380.947696
51  604.541408 1993.122260 2.825852 -5.973727 5.311811 0.261765 -0.052317 -0.068063 -0.002992 4.920877 2.255167 1.615000 2.430086 0.046054
57  647.688007 1952.771714 1.596426 -6.696983 6.980915 0.001378 -0.191055 0.185682 -0.049176 5.232860 2.325099 1.651000 2.446582 0.057712
123  654.719440 1943.372667 1.666573 -6.876775 7.162326 0.279590 -0.020534 0.227909 0.060935 4.941187 2.063208 1.536000 2.330927 -0.053294
127  627.438268 1971.628963 2.164199 -5.293499 4.535723 0.183352 0.293220 -0.614595 -0.005055 4.857268 2.104765 1.719000 2.345675 0.006884
142  708.442086 1916.315390 0.597000 0.033069 -0.006278 0.000000 0.017185 -0.008105 0.000000 0.733667 2.199225 0.899000 0.676897 0.000813
159  689.944032 1910.509505 1.086119 -6.806222 5.481238 0.079048 -0.815138 0.571707 0.029920 4.806195 2.010189 1.566000 2.400869 -0.023195
172  673.675898 1924.812858 1.536617 -7.961580 6.967767 0.237997 -0.665365 0.667560 0.067127 4.903255 2.127920 1.679000 2.420576 -0.031992
181  709.925897 1917.554064 0.597000 0.019531 0.010878 0.000000 0.014043 0.005835 0.000000 0.830948 2.174248 0.899000 0.770547 0.011212
185  723.238311 1883.716294 1.078762 -8.292641 6.623316 -0.104104 -0.559784 0.106286 -0.067657 4.473055 2.175735 1.759000 2.463647 0.061049
192  708.575667 1879.871133 2.339289 0.716521 -0.463767 0.020050 1.249121 -0.958581 -0.015096 12.804548 2.823983 4.464000 2.513473 0.019275
235  734.884503 1874.384966 1.119939 -6.189175 4.047701 -0.061814 -0.335716 0.158652 -0.006566 4.790910 2.199363 1.919000 2.439674 0.015423

28 12 1542800381.448102
51  601.539885 1995.764406 2.956141 -5.999907 5.277752 0.260268 -0.052317 -0.068063 -0.002992 4.920877 2.255167 1.615000 2.453131 0.046054
57  644.292120 1956.308426 1.585617 -6.792588 7.073831 -0.023230 -0.191055 0.185682 -0.049176 5.232860 2.325099 1.651000 2.475461 0.057712
123  650.877517 1946.902753 1.792119 -7.052062 7.231664 0.289581 -0.095289 0.207654 0.054253 4.779954 2.132293 1.536000 2.323383 -0.041545
127  624.865954 1974.256374 2.250711 -5.142427 4.499800 0.177908 0.295004 -0.503054 -0.006002 4.742624 1.822273 1.719000 2.333319 -0.002813
142  708.306995 1916.312478 0.597000 -0.008676 -0.009646 0.000000 -0.010282 -0.007730 0.000000 0.746163 2.241461 0.899000 0.640435 -0.023751
159  686.164418 1913.558820 1.239499 -7.279465 5.828975 0.181855 -0.849285 0.603926 0.062591 4.829548 1.953046 1.566000 2.434437 0.006905
172  668.876239 1928.770516 1.613749 -8.659591 7.475950 0.219818 -0.839068 0.750416 0.045021 4.926499 2.176293 1.679000 2.448263 -0.002885
181  709.888491 1917.410208 0.597000 0.009445 -0.037294 0.000000 0.004198 -0.023557 0.000000 0.808698 2.192501 0.899000 0.728899 -0.020259
185  719.279593 1886.885731 1.087959 -8.383151 6.576497 -0.063814 -0.469227 0.058523 -0.032520 4.518753 2.203920 1.759000 2.477966 0.050192
192  709.072194 1880.095001 2.294770 1.233567 -0.466774 -0.038539 1.187580 -0.687013 -0.041879 12.735872 2.847702 4.464000 2.518916 0.016476
235  732.193257 1876.227386 1.124243 -5.813144 3.879795 -0.008726 0.079302 -0.030001 0.006048 4.871246 2.167896 1.919000 2.359007 -0.029317
237  767.261645 1842.319915 0.898899 -0.494971 -1.852131 -0.226593 -0.048835 -0.182737 -0.022356 4.785595 2.044223 1.759500 2.439775 -0.042472

29 13 1542800381.897652
51  598.833016 1998.124515 3.072595 -6.023426 5.247154 0.258922 -0.052317 -0.068063 -0.002992 4.920877 2.255167 1.615000 2.473835 0.046054
57  641.203413 1959.522579 1.566139 -6.878477 7.157305 -0.045337 -0.191055 0.185682 -0.049176 5.232860 2.325099 1.651000 2.501406 0.057712
123  647.955844 1949.990492 1.956332 -6.730729 7.243096 0.331225 0.025204 0.171285 0.059792 4.818096 1.995943 1.536000 2.307209 -0.039970
127  623.362505 1975.947615 2.329191 -4.171838 4.472366 0.174925 0.574106 -0.464177 -0.006093 4.950182 1.446116 1.719000 2.577169 0.151994
142  708.075040 1916.302177 0.597000 -0.075243 -0.009633 0.000000 -0.046500 -0.007116 0.000000 0.766257 2.213769 0.899000 0.636769 -0.018926
159  683.223861 1916.319406 1.399754 -7.157600 6.308999 0.264346 -0.658935 0.670650 0.081899 4.809844 2.032621 1.566000 2.284223 -0.098601
172  665.970790 1932.106735 1.620075 -7.155713 7.613945 0.156018 -0.194768 0.678511 0.012567 5.024713 2.291927 1.679000 2.518003 0.043254
181  709.891395 1917.611610 0.597000 0.010219 0.069372 0.000000 0.003676 0.031371 0.000000 0.812882 2.139999 0.899000 0.726078 -0.015934
185  716.018495 1889.489594 1.114165 -7.813442 6.081451 -0.022046 -0.183327 -0.129201 -0.008153 4.544159 2.246805 1.759000 2.461718 0.023425
192  708.902639 1879.503563 2.252528 1.008503 -0.981315 -0.074133 0.833327 -0.783026 -0.049911 12.749193 2.888884 4.464000 2.502002 -0.000263
235  729.637941 1878.119548 1.136265 -6.062770 4.129445 0.012163 -0.047085 0.120639 0.013134 4.849274 2.235427 1.919000 2.383069 -0.005778
237  767.030159 1841.453718 0.792927 -0.516925 -1.934280 -0.236643 -0.048835 -0.182737 -0.022356 4.785595 2.044223 1.759500 2.420682 -0.042472
246  757.262565 1884.039193 0.688000 -0.077081 0.052488 0.000000 -0.103359 0.070041 0.000000 0.412386 2.143503 1.072000 2.058843 -0.013148

30 17 1542800382.397543
57  637.721169 1963.142976 1.532213 -6.973983 7.250126 -0.069920 -0.191055 0.185682 -0.049176 5.232860 2.325099 1.651000 2.530255 0.057712
123  645.352993 1954.578295 2.164191 -6.691512 7.337549 0.381491 0.064662 0.212074 0.066347 5.057433 2.039562 1.536000 2.362819 0.007033
127  621.408520 1978.077006 2.415239 -3.884847 4.240328 0.171878 0.574106 -0.464177 -0.006093 4.950182 1.446116 1.719000 2.653149 0.151994
142  708.026778 1916.295732 0.597000 -0.098487 -0.013190 0.000000 -0.046500 -0.007116 0.000000 0.766257 2.213769 0.899000 0.627308 -0.018926
159  679.877346 1919.489434 1.575564 -6.870023 6.802056 0.324909 -0.437815 0.708710 0.088708 4.789569 2.010883 1.566000 2.384595 0.002152
172  663.270808 1935.784504 1.865177 -6.350476 7.345804 0.290742 0.125137 0.483545 0.058813 4.811250 2.403927 1.679000 2.583217 0.070482
181  709.924758 1917.692738 0.597000 0.006887 0.027253 0.000000 0.003256 0.014736 0.000000 0.807425 2.124727 0.899000 0.751285 0.006397
185  711.880449 1892.566538 1.108211 -7.794618 6.094486 -0.020067 -0.151168 -0.096387 -0.005736 4.556787 2.265722 1.759000 2.394155 -0.029991
192  708.917666 1879.618404 2.239385 0.224971 -0.191995 -0.066666 0.383639 -0.335904 -0.035789 12.748474 2.891451 4.464000 2.534579 0.021759
235  725.343352 1881.483697 1.073635 -8.460848 6.488511 -0.059772 -1.394260 1.428082 -0.030116 4.826232 2.211457 1.919000 2.446160 0.037542
237  766.760569 1840.444939 0.669511 -0.541337 -2.025629 -0.247819 -0.048835 -0.182737 -0.022356 4.785595 2.044223 1.759500 2.399451 -0.042472
246  757.587451 1883.914793 0.688000 0.042909 -0.013830 0.000000 0.068222 -0.025302 0.000000 0.439174 2.117238 1.072000 2.020216 -0.028640
257  761.828707 1844.750907 0.844196 -4.850124 1.891754 -0.011323 -0.069378 0.069985 -0.001097 5.111651 2.103071 1.602000 2.424823 0.020417
260  738.111776 1870.190351 0.976422 -6.993605 4.731704 -0.026923 -0.084889 -0.072584 -0.002607 4.692658 2.176087 1.764000 2.495638 0.016006
264  753.248222 1885.862610 0.702000 -0.030343 0.007938 0.000000 -0.050215 0.013153 0.000000 0.371504 2.072762 1.017000 1.007664 0.001987
269  755.411486 1884.370907 0.752000 0.006051 -0.034179 0.000000 0.010041 -0.056584 0.000000 0.534112 2.233110 1.017000 1.005816 0.005440
270  751.298160 1887.073173 0.659295 0.544785 -0.249130 -0.138066 0.713689 -0.326477 -0.013371 0.568769 2.109025 1.017000 0.922061 0.049981

31 18 1542800382.897959
123  642.019558 1958.299664 2.370595 -6.659154 7.443674 0.414692 0.064662 0.212074 0.066347 5.057433 2.039562 1.536000 2.366338 0.007033
127  619.598593 1980.090502 2.499826 -3.597555 4.008046 0.168829 0.574106 -0.464177 -0.006093 4.950182 1.446116 1.719000 2.729210 0.151994
142  707.966631 1916.287469 0.597000 -0.121757 -0.016751 0.000000 -0.046500 -0.007116 0.000000 0.766257 2.213769 0.899000 0.617838 -0.018926
159  676.337201 1923.058848 1.758876 -7.089113 7.156706 0.369300 -0.437815 0.708710 0.088708 4.789569 2.010883 1.566000 2.385672 0.002152
172  660.496886 1938.428951 1.961650 -5.914170 6.675017 0.273042 0.271698 0.119847 0.042613 4.702986 2.450750 1.679000 2.678868 0.107633
181  710.033134 1917.531512 0.597000 0.020101 -0.011303 0.000000 0.012701 -0.012415 0.000000 0.720966 2.163406 0.899000 0.699241 -0.030450
185  708.038954 1895.697994 1.130101 -7.763436 6.105743 0.004734 -0.100771 -0.065910 0.004635 4.606176 2.246845 1.759000 2.419741 -0.002907
192  708.762816 1879.935371 2.317465 0.136964 -0.089224 0.019343 0.246283 -0.196567 0.005840 12.737320 2.950279 4.464000 2.538922 0.017393
235  721.480446 1884.514698 1.066131 -8.167367 6.506766 -0.043717 -0.789265 0.999306 -0.012120 4.812440 2.237023 1.919000 2.511522 0.068385
237  766.478267 1839.388594 0.540277 -0.565775 -2.117073 -0.259006 -0.048835 -0.182737 -0.022356 4.785595 2.044223 1.759500 2.378197 -0.042472
246  757.557605 1883.914838 0.688000 0.014170 -0.006951 0.000000 0.015887 -0.009653 0.000000 0.440243 2.115872 1.072000 2.045337 -0.004871
257  759.321751 1845.806771 0.826038 -4.946043 2.016028 -0.029080 -0.116916 0.139311 -0.004626 4.973138 2.009209 1.602000 2.336884 -0.023551
260  734.667840 1873.766843 0.983869 -7.320563 6.414169 0.005149 -0.311663 1.388725 0.004460 4.747067 2.165778 1.764000 2.416730 -0.026926
264  753.336376 1885.902833 0.792991 0.005291 0.010913 0.141072 0.017485 0.012251 0.029872 0.411255 2.064027 1.017000 1.028546 0.011810
269  755.392689 1884.641604 0.752000 -0.001249 0.039162 0.000000 -0.003772 0.065171 0.000000 0.561086 2.184784 1.017000 0.990535 -0.003453
270  751.756596 1886.915648 0.737143 0.190351 -0.075381 0.087898 0.137296 -0.050585 0.035894 0.529758 2.110960 1.017000 1.004265 0.078231
282  756.886746 1884.285676 0.688000 -0.018286 0.002646 0.000000 -0.000076 -0.000071 0.000000 0.345138 2.109702 1.072000 2.009111 0.009256
285  749.612167 1887.901204 0.652000 -0.007855 -0.008523 0.000000 -0.000200 -0.000127 0.000000 0.516826 2.187561 1.017000 0.721994 0.013843

32 17 1542800383.397856
123  638.705763 1962.070244 2.593387 -6.626829 7.549689 0.447859 0.064662 0.212074 0.066347 5.057433 2.039562 1.536000 2.369854 0.007033
159  672.691165 1926.801917 1.964197 -7.307975 7.510988 0.413645 -0.437815 0.708710 0.088708 4.789569 2.010883 1.566000 2.386747 0.002152
172  658.233664 1942.258126 2.096059 -5.510298 6.932565 0.285525 0.387823 0.205467 0.039674 4.268476 2.434842 1.679000 2.728620 0.105140
181  709.688386 1917.447532 0.597000 -0.088157 -0.041674 0.000000 -0.052310 -0.026122 0.000000 0.678278 2.215393 0.899000 0.584577 -0.096797
185  703.907494 1899.056838 1.199612 -7.886943 6.176522 0.060056 -0.142786 -0.006317 0.023585 4.646810 2.310742 1.759000 2.526393 0.069230
192  708.692181 1879.820559 2.383298 0.195710 -0.195450 0.067704 0.209181 -0.201157 0.022866 12.715207 2.909146 4.464000 2.528606 0.004709
235  717.557168 1887.664768 1.075787 -8.432282 6.879653 -0.014919 -0.704564 0.916547 0.006527 4.830238 2.300354 1.919000 2.467278 0.016160
246  757.532275 1883.957198 0.688000 0.005787 0.009956 0.000000 0.003641 0.006650 0.000000 0.444679 2.142440 1.072000 2.034501 -0.010308
257  756.727460 1846.115935 0.808316 -5.115303 1.228134 -0.033974 -0.184606 -0.384513 -0.005629 4.906447 2.078133 1.602000 2.358579 -0.003429
260  730.738479 1877.257089 0.996583 -7.583614 7.086411 0.018125 -0.399011 1.370826 0.008750 4.749318 2.175899 1.764000 2.410008 -0.022810
264  753.658220 1885.708243 0.767970 0.182121 -0.091195 0.034928 0.163805 -0.081965 -0.018455 0.481748 2.116407 1.017000 1.036362 0.012978
269  755.381655 1884.697501 0.752000 -0.008217 0.082999 0.000000 -0.008197 0.074971 0.000000 0.462088 2.158042 1.017000 1.003003 0.005218
270  751.698628 1886.840924 0.670527 0.158208 -0.114400 -0.034627 0.055221 -0.061768 -0.020173 0.497429 2.101635 1.017000 1.055870 0.085865
277  758.348238 1883.097651 0.688000 0.278098 -0.279710 0.000000 0.055308 -0.075631 0.000000 0.504811 2.079780 1.072000 1.967094 -0.007476
282  756.920495 1884.331371 0.688000 0.007968 0.029810 0.000000 0.032835 0.033976 0.000000 0.372944 2.092308 1.072000 2.025975 0.015299
283  749.697184 1888.119162 0.661032 0.079576 -0.342649 -0.141057 -0.006526 -0.071083 -0.029824 0.444241 1.990147 1.017000 0.665353 -0.011638
285  749.610945 1887.980638 0.742968 -0.006269 0.042717 0.141057 0.001910 0.064092 0.029824 0.514037 2.185893 1.017000 0.695160 -0.002825

33 19 1542800383.897713
172  655.838760 1946.532759 2.246559 -5.375420 7.063947 0.304417 0.375700 0.246081 0.039368 4.616877 2.452171 1.679000 2.725490 0.070727
181  709.961852 1917.394086 0.597000 0.031395 -0.042418 0.000000 0.017841 -0.025202 0.000000 0.668994 2.100153 0.899000 0.644617 -0.024129
185  700.436120 1902.269216 1.274404 -7.538093 6.367288 0.102662 0.030216 0.067799 0.034228 4.693491 2.280629 1.759000 2.477729 0.013419
192  708.618514 1879.850026 2.403324 0.061001 -0.066408 0.063862 0.109206 -0.107566 0.017428 12.723558 2.940294 4.464000 2.535831 0.007974
235  714.275972 1890.748819 1.130341 -7.533744 6.762300 0.046569 -0.141204 0.642057 0.034412 4.870602 2.280382 1.919000 2.493509 0.028320
246  757.795515 1883.501932 0.688000 0.045741 -0.076427 0.000000 0.038555 -0.065798 0.000000 0.411583 2.124101 1.072000 1.994413 -0.033520
257  752.667320 1849.658809 0.777356 -8.283315 6.527124 -0.050742 -1.548634 2.114300 -0.013072 4.880269 2.125163 1.602000 2.391963 0.019564
260  726.372516 1880.808442 1.008781 -8.143958 7.264945 0.023723 -0.618732 1.081750 0.009431 4.814026 2.154803 1.764000 2.385721 -0.031232
264  753.305322 1885.643165 0.746649 -0.035291 -0.041250 -0.011532 -0.026460 -0.032718 -0.039163 0.456472 2.127303 1.017000 1.031891 0.005816
269  755.422430 1884.737920 0.752000 0.006445 0.024665 0.000000 0.005494 0.024033 0.000000 0.440760 2.148302 1.017000 1.030618 0.021562
270  751.668233 1886.796973 0.651452 0.026363 -0.037547 -0.041641 -0.037150 -0.002195 -0.018466 0.472394 2.071765 1.017000 1.057879 0.059125
277  758.029267 1883.412617 0.688000 -0.044820 0.042075 0.000000 -0.078154 0.067400 0.000000 0.481040 2.165103 1.072000 2.015387 0.024453
282  757.223706 1884.512296 0.688000 0.062238 0.041699 0.000000 0.088217 0.049492 0.000000 0.320098 2.078664 1.072000 2.089129 0.049362
283  749.827677 1888.208972 0.642758 0.020958 0.001956 -0.086149 -0.006923 0.047964 -0.002205 0.413357 2.035511 1.017000 0.705684 0.016682
285  749.423542 1888.020683 0.761242 -0.034514 0.015609 0.086149 -0.037732 0.021385 0.002205 0.484762 2.153202 1.017000 0.727926 0.018149
294  782.299070 1861.889324 0.563660 0.006140 -0.000719 -0.066669 -0.060683 0.045626 0.006935 0.279989 2.176438 0.956000 1.762409 0.528054
295  786.370731 1833.753697 1.164317 0.394211 -0.453644 0.025083 0.032354 -0.091700 0.003870 5.988654 3.237678 2.931000 2.422364 0.000376
303  726.565867 1870.982192 0.853423 -8.486576 7.136552 -0.026922 -0.243554 0.128042 -0.002605 4.925305 2.014933 1.717000 2.419991 0.009776
305  780.453035 1863.014437 0.624648 0.017592 -0.088317 -0.069031 0.029132 -0.146331 -0.006680 0.298459 2.151633 0.956000 0.421390 0.182292

34 20 1542800384.397580
172  653.239419 1950.121205 2.407911 -5.187619 7.186954 0.324095 0.375700 0.246081 0.039368 4.616877 2.452171 1.679000 2.760844 0.070727
181  709.451399 1917.648596 0.597000 -0.118442 0.044338 0.000000 -0.062952 0.023537 0.000000 0.686820 2.111065 0.899000 0.720203 0.031353
185  696.797584 1905.017252 1.397474 -7.471295 6.303632 0.166755 0.056278 0.009756 0.049780 4.725860 2.257826 1.759000 2.427939 -0.022345
192  708.649931 1879.569017 2.507466 0.107609 -0.192564 0.125863 0.104635 -0.149025 0.035885 12.622467 2.934846 4.464000 2.648238 0.080413
235  710.415778 1894.615496 1.277950 -7.459016 6.858945 0.169444 -0.079871 0.559510 0.080177 4.955480 2.237854 1.919000 2.451498 -0.009202
246  757.447844 1883.924751 0.688000 -0.032530 0.028292 0.000000 -0.027811 0.024682 0.000000 0.407797 2.134872 1.072000 2.007138 -0.013872
257  748.206343 1853.404200 0.728982 -8.995991 7.758836 -0.078353 -1.511280 2.213824 -0.025068 4.760437 2.111481 1.602000 2.397978 0.017058
260  722.441415 1884.530006 1.103715 -8.204050 7.373579 0.113621 -0.480151 0.857789 0.058888 4.720702 2.160771 1.764000 2.393035 -0.016022
264  753.438399 1885.688643 0.728628 0.008310 -0.010609 -0.034394 0.009465 -0.005917 -0.041070 0.498516 2.140218 1.017000 1.060513 0.022876
269  755.424656 1884.759782 0.752000 0.003642 0.016604 0.000000 0.002500 0.013986 0.000000 0.442909 2.162440 1.017000 1.027626 0.012427
270  751.737897 1886.715345 0.647697 0.014909 -0.027306 -0.028364 -0.030385 0.000403 -0.005398 0.432673 2.102243 1.017000 0.998668 0.000235
277  758.069487 1883.443539 0.688000 -0.010596 0.023438 0.000000 -0.005525 0.018697 0.000000 0.435009 2.107782 1.072000 2.025996 0.023402
282  757.375911 1884.252452 0.688000 0.059061 -0.032981 0.000000 0.061388 -0.043421 0.000000 0.331406 2.130728 1.072000 2.060202 0.014458
283  749.975578 1888.466811 0.643528 0.034181 0.059337 -0.039408 0.016983 0.093768 0.024556 0.472693 2.056970 1.017000 0.701719 0.008670
285  749.484163 1888.163511 0.760472 -0.002572 0.035346 0.039408 0.005175 0.037308 -0.024556 0.490075 2.170810 1.017000 0.723807 0.009559
294  782.397214 1861.883021 0.565747 0.014816 0.003727 -0.023211 -0.015323 0.026875 0.022934 0.307808 2.120051 0.956000 1.910020 0.456981
295  786.298274 1833.107842 1.181238 0.308326 -0.555746 0.030961 -0.065463 -0.149767 0.005237 6.071407 3.253288 2.931000 2.429811 0.004413
303  722.010910 1874.744593 0.850859 -8.780632 7.396362 -0.010380 -0.429773 0.330054 0.001174 4.927071 1.931635 1.717000 2.486488 0.040198
305  780.906416 1862.901336 0.618075 0.092855 -0.054599 -0.026616 0.122005 -0.045994 0.003009 0.331203 2.159880 0.956000 0.705404 0.277536
314  780.310685 1864.037807 0.696911 -0.003483 -0.006210 -0.017262 0.000216 0.000323 -0.001701 0.521393 2.253448 0.956000 -0.319483 0.004770

35 20 1542800384.947787
172  650.492049 1954.145534 2.597432 -4.980907 7.322350 0.345756 0.375700 0.246081 0.039368 4.616877 2.452171 1.679000 2.799759 0.070727
181  710.140402 1917.495604 0.597000 0.101560 -0.012162 0.000000 0.059892 -0.008977 0.000000 0.644890 2.129011 0.899000 0.744988 0.035914
185  693.260158 1908.828121 1.549749 -7.200871 6.570018 0.226816 0.171123 0.123863 0.060367 4.497299 2.307763 1.759000 2.367648 -0.051401
192  708.776536 1879.968603 2.495489 0.102310 0.008710 0.076393 0.082973 -0.017840 0.012338 12.585077 2.932830 4.464000 2.566763 -0.001554
235  706.290913 1897.989268 1.417412 -7.491568 6.760644 0.233364 -0.074957 0.359747 0.087997 5.096711 2.160919 1.919000 2.410473 -0.032648
246  757.407146 1883.939810 0.688000 -0.024867 0.018136 0.000000 -0.018662 0.014059 0.000000 0.423757 2.122397 1.072000 2.014420 -0.004154
257  743.161242 1857.923108 0.882870 -9.297620 8.319474 0.110012 -1.227732 1.864411 0.081402 4.784336 2.066995 1.602000 2.419066 0.024687
260  718.300676 1887.932150 1.232916 -8.043462 7.258631 0.195483 -0.258278 0.539911 0.084990 4.774520 2.247951 1.764000 2.529101 0.078271
264  753.354518 1885.544647 0.711540 -0.009451 -0.029556 -0.043597 -0.005843 -0.020541 -0.034002 0.420300 2.136141 1.017000 0.983182 -0.035645
269  755.305510 1884.539812 0.752000 -0.039849 -0.061518 0.000000 -0.025035 -0.038682 0.000000 0.448484 2.142883 1.017000 0.986937 -0.018505
270  751.639344 1886.937798 0.648699 -0.017869 0.028367 -0.013361 -0.043366 0.039217 0.004087 0.467461 2.128157 1.017000 1.007955 0.006195
277  758.201029 1883.351393 0.688000 0.060240 -0.024954 0.000000 0.055134 -0.029483 0.000000 0.381854 2.035083 1.072000 1.980610 -0.014328
282  757.029707 1884.388032 0.688000 -0.036364 0.007685 0.000000 -0.039894 0.004862 0.000000 0.349357 2.050452 1.072000 2.001756 -0.028543
283  749.904879 1888.366995 0.648589 -0.006634 0.026313 -0.005573 -0.024202 0.024292 0.036230 0.455246 2.104176 1.017000 0.715474 0.014489
285  749.455191 1887.982481 0.755411 -0.005114 -0.016531 0.005573 -0.000039 -0.018749 -0.036230 0.456102 2.132588 1.017000 0.710059 -0.002750
294  782.475884 1861.758148 0.569383 0.017359 -0.020480 -0.000196 -0.001550 -0.011159 0.028759 0.367510 2.142433 0.956000 1.963922 0.331301
295  786.500236 1833.171342 1.199975 0.305426 -0.370384 0.034054 -0.040110 0.055211 0.005340 6.289549 3.139705 2.931000 2.349930 -0.043954
303  717.553515 1878.932837 0.851232 -8.771611 7.494992 -0.003191 -0.217331 0.274980 0.003859 4.930778 1.887952 1.717000 2.431957 -0.005734
305  780.835781 1862.913767 0.619032 0.026633 -0.017290 -0.008181 0.016367 0.001921 0.009896 0.405530 2.211803 0.956000 0.738457 0.205836
314  780.096955 1864.102150 0.671301 -0.142751 0.038485 -0.040963 -0.169993 0.054684 -0.006706 0.457758 2.230792 0.956000 -0.351558 -0.012252

36 19 1542800385.448218
181  710.205214 1917.487421 0.597000 0.131532 -0.016654 0.000000 0.059892 -0.008977 0.000000 0.644890 2.129011 0.899000 0.762961 0.035914
185  690.298571 1911.681075 1.564113 -6.755645 5.872780 0.177730 0.330649 -0.185868 0.035003 4.416481 2.358828 1.759000 2.493986 0.041782
192  708.937165 1879.550846 2.371506 0.105674 -0.105018 -0.036439 0.071572 -0.071179 -0.026402 12.550002 3.011906 4.464000 2.494489 -0.046554
235  702.891914 1900.231294 1.504966 -7.364761 6.250712 0.238551 0.006959 0.029170 0.074012 5.009169 2.162356 1.919000 2.375283 -0.044513
246  757.905220 1884.191855 0.688000 0.064326 0.048946 0.000000 0.048813 0.035988 0.000000 0.438056 2.143423 1.072000 2.011486 -0.004725
257  738.754271 1861.804580 0.990435 -9.297446 8.373049 0.182465 -0.911704 1.414636 0.096440 4.794619 2.055353 1.602000 2.448821 0.036310
260  714.143119 1891.529184 1.352939 -7.915914 7.179803 0.240232 -0.147381 0.376142 0.086035 4.762171 2.308505 1.764000 2.554739 0.069239
264  753.485904 1885.589940 0.698272 0.035207 -0.017380 -0.045025 0.021877 -0.007459 -0.026655 0.428373 2.100747 1.017000 1.033722 0.009997
269  755.539015 1884.498256 0.752000 0.095130 -0.081863 0.000000 0.045220 -0.039152 0.000000 0.455844 2.150785 1.017000 0.990567 -0.009901
270  751.498331 1886.913179 0.650334 -0.037470 0.014239 -0.004353 -0.048552 0.021735 0.007369 0.453995 2.153850 1.017000 1.015525 0.009179
277  758.083906 1883.225186 0.688000 -0.010409 -0.037138 0.000000 -0.004593 -0.034199 0.000000 0.397239 2.059693 1.072000 2.025038 0.020068
282  757.020580 1884.449431 0.688000 -0.021390 0.014037 0.000000 -0.021388 0.010107 0.000000 0.433350 2.051299 1.072000 2.017372 -0.008611
283  749.958770 1888.231092 0.652396 0.008837 -0.024224 0.010696 -0.006423 -0.016827 0.035251 0.489703 2.117984 1.017000 0.686365 -0.009749
285  749.484100 1888.080828 0.751604 0.003196 0.007707 -0.010696 0.005937 0.004488 -0.035251 0.462384 2.148609 1.017000 0.689294 -0.015675
294  782.386000 1861.840739 0.571843 -0.011223 0.006812 0.009885 -0.023906 0.013914 0.026286 0.387440 2.102987 0.956000 1.988230 0.237444
295  786.706403 1833.133048 1.216374 0.364539 -0.346047 0.034736 0.005155 0.059141 0.004218 6.357432 3.218805 2.931000 2.364487 -0.019937
303  712.644018 1882.800239 0.851592 -9.091211 7.656172 -0.000141 -0.369731 0.292018 0.004487 4.849057 1.909960 1.717000 2.486357 0.031616
305  780.978935 1862.733670 0.620391 0.091451 -0.093579 0.000102 0.057299 -0.053918 0.011767 0.413696 2.238323 0.956000 0.740479 0.139975
314  780.329505 1864.329974 0.645593 0.137610 0.274028 -0.048506 0.126917 0.223826 -0.008443 0.454806 2.170484 0.956000 -0.314069 0.014603

37 20 1542800385.948086
181  710.284938 1917.477001 0.597000 0.161470 -0.021141 0.000000 0.059892 -0.008977 0.000000 0.644890 2.129011 0.899000 0.780913 0.035914
185  686.998791 1914.573322 1.661122 -6.590364 5.779871 0.195227 0.330649 -0.185868 0.035003 4.416481 2.358828 1.759000 2.514872 0.041782
192  709.340326 1880.169220 2.347734 0.273590 0.131683 -0.049211 0.132205 0.053759 -0.026266 12.668693 3.138294 4.464000 2.423388 -0.076176
235  699.471015 1903.263269 1.500138 -7.261228 6.226892 0.170253 0.055798 0.010425 0.038072 4.868766 2.160783 1.919000 2.515561 0.056146
246  757.598148 1884.082676 0.688000 -0.024261 0.021161 0.000000 -0.015932 0.009758 0.000000 0.436292 2.155778 1.072000 2.003543 -0.008469
257  734.494018 1865.907277 1.080713 -9.550355 8.940632 0.209568 -0.790621 1.331327 0.087358 4.736548 2.003168 1.602000 2.456617 0.029361
260  710.818654 1894.389527 1.435870 -7.732805 7.053461 0.234154 -0.011535 0.209831 0.065581 4.833193 2.267848 1.764000 2.399354 -0.051376
264  753.407255 1885.752884 0.695622 -0.008922 0.073085 -0.034943 -0.003940 0.036704 -0.016669 0.449564 2.153199 1.017000 1.011635 -0.008173
269  755.308441 1884.903795 0.752000 -0.080758 0.211829 0.000000 -0.035388 0.088065 0.000000 0.426808 2.097650 1.017000 0.996995 -0.002268
270  751.672710 1886.987077 0.651583 0.005663 0.045449 0.000861 -0.009155 0.033627 0.008022 0.434742 2.109832 1.017000 1.041785 0.023717
277  757.849570 1883.312273 0.688000 -0.107301 -0.007101 0.000000 -0.060861 -0.006164 0.000000 0.396264 2.090758 1.072000 2.009785 0.003111
282  757.371631 1884.394753 0.688000 0.096746 -0.003412 0.000000 0.057531 -0.003676 0.000000 0.414402 2.144768 1.072000 2.005112 -0.013947
283  750.128872 1888.279533 0.654597 0.074971 -0.005891 0.017514 0.034825 -0.000920 0.030143 0.483778 2.133444 1.017000 0.720628 0.016497
285  749.354732 1888.207869 0.749403 -0.040329 0.052857 -0.017514 -0.022544 0.030772 -0.030143 0.525285 2.115470 1.017000 0.671208 -0.022549
294  782.538264 1861.759100 0.573099 0.039046 -0.019841 0.013171 0.016810 -0.008080 0.021080 0.421707 2.069036 0.956000 1.954802 0.135563
295  787.078859 1832.968991 1.232469 0.449129 -0.318601 0.034531 0.055291 0.057847 0.002993 6.360898 3.253882 2.931000 2.337780 -0.031210
303  709.036100 1886.671382 0.852132 -8.630991 7.786963 0.001672 -0.022182 0.283839 0.004252 4.979226 1.996673 1.717000 2.445941 -0.003820
305  781.126663 1862.608976 0.621371 0.179023 -0.163966 0.004085 0.089120 -0.077372 0.010669 0.416384 2.251081 0.956000 0.802559 0.134716
314  780.263272 1864.113594 0.620736 0.024231 -0.049697 -0.051271 0.019331 -0.041216 -0.007618 0.486461 2.227744 0.956000 -0.338667 -0.006310
323  791.778191 1818.890436 0.278816 -0.854116 -0.678570 -0.128668 -0.080218 -0.063730 -0.012084 4.593959 2.338485 1.766700 2.494209 0.004588

38 21 1542800386.398207
181  710.368604 1917.465839 0.597000 0.188429 -0.025182 0.000000 0.059892 -0.008977 0.000000 0.644890 2.129011 0.899000 0.797078 0.035914
185  684.092975 1917.140872 1.755418 -6.441532 5.696208 0.210982 0.330649 -0.185868 0.035003 4.416481 2.358828 1.759000 2.533679 0.041782
192  709.008545 1880.487826 2.473011 0.057811 0.201003 0.046950 0.024242 0.083892 0.008123 12.707512 3.120878 4.464000 2.441907 -0.042858
235  695.802750 1904.762218 1.461612 -7.547410 5.455702 0.097427 -0.063015 -0.308588 0.008324 4.995700 2.245784 1.919000 2.511706 0.037769
246  757.573305 1883.817910 0.688000 -0.029227 -0.068824 0.000000 -0.016200 -0.040215 0.000000 0.406071 2.142562 1.072000 1.980997 -0.021377
257  730.686064 1869.880445 1.154705 -9.569182 9.383323 0.217106 -0.629887 1.256662 0.074721 4.657002 2.083549 1.602000 2.491591 0.044354
260  706.321649 1897.225295 1.565039 -8.128059 6.557117 0.273259 -0.201907 -0.004715 0.069246 4.846571 2.013921 1.764000 2.363406 -0.059511
264  753.487000 1885.946149 0.696260 0.021777 0.095367 -0.025536 0.011454 0.049665 -0.010004 0.388807 2.147208 1.017000 0.986494 -0.022959
269  755.637344 1884.436047 0.752000 0.085227 -0.084333 0.000000 0.040993 -0.043809 0.000000 0.444911 2.095282 1.017000 0.994685 -0.003156
270  751.445042 1886.801846 0.652329 -0.069489 -0.026463 0.003503 -0.049438 -0.010372 0.007640 0.378136 2.191107 1.017000 1.082646 0.044514
277  757.982963 1883.505539 0.688000 -0.011386 0.058252 0.000000 -0.003154 0.033272 0.000000 0.435842 2.114056 1.072000 1.994818 -0.008164
282  757.332293 1884.284166 0.688000 0.041792 -0.035899 0.000000 0.023212 -0.022421 0.000000 0.425366 2.151386 1.072000 2.028372 0.006402
283  749.998027 1888.376323 0.733641 -0.006378 0.032312 0.091315 -0.011903 0.021381 0.056044 0.528963 2.140021 1.017000 0.660884 -0.029777
285  749.722440 1888.240560 0.670359 0.093327 0.041920 -0.091315 0.057110 0.023594 -0.056044 0.534258 2.162381 1.017000 0.640051 -0.037021
294  782.303482 1861.781948 0.573475 -0.058105 -0.001555 0.013492 -0.042295 0.002605 0.016697 0.478365 2.058284 0.956000 1.932309 0.078052
295  787.335802 1833.077336 1.211530 0.443718 -0.258086 -0.000795 0.048011 0.090040 -0.014657 6.378063 3.269056 2.931000 2.358953 -0.006841
303  706.047399 1890.222223 0.852436 -8.092651 7.984158 0.002409 0.232358 0.306496 0.003650 4.896565 2.191029 1.717000 2.364092 -0.054554
305  781.040780 1862.639623 0.621827 0.035449 -0.047910 0.005448 0.012186 -0.016598 0.008826 0.443941 2.272996 0.956000 0.751019 0.057572
314  780.419821 1864.029173 0.616251 0.076789 -0.053607 -0.033281 0.052060 -0.040646 0.004863 0.487845 2.244069 0.956000 -0.295762 0.024993
323  791.379023 1818.573308 0.218684 -0.890223 -0.707256 -0.134107 -0.080218 -0.063730 -0.012084 4.593959 2.338485 1.766700 2.496274 0.004588
349  808.573586 1804.976170 0.030617 -3.544874 2.212730 0.036991 -0.009837 0.043887 0.003217 4.459598 2.183426 1.691000 2.347845 0.009048

39 21 1542800386.898102
185  680.948418 1919.945920 1.868883 -6.276242 5.603294 0.228480 0.330649 -0.185868 0.035003 4.416481 2.358828 1.759000 2.554566 0.041782
192  709.304585 1879.084078 2.685405 0.151359 -0.392891 0.183487 0.067365 -0.200741 0.050624 12.467147 3.020666 4.464000 2.449530 -0.024792
235  691.899976 1908.677409 1.475924 -7.606140 5.845436 0.075273 -0.077939 -0.069755 -0.000282 4.828533 2.219703 1.919000 2.691949 0.138133
246  757.624740 1883.978920 0.688000 -0.008964 0.005080 0.000000 -0.002061 0.005122 0.000000 0.410916 2.100219 1.072000 1.979115 -0.015451
257  726.829236 1873.149653 1.242558 -8.960030 8.562435 0.222979 -0.270311 0.698092 0.062921 4.535112 1.977893 1.602000 2.451977 0.002766
260  703.043007 1901.169758 1.627913 -7.787518 6.564384 0.238099 -0.013963 0.044553 0.044147 4.861429 2.256488 1.764000 2.393540 -0.022305
264  753.369209 1885.828234 0.697536 -0.025251 0.016921 -0.016975 -0.014967 0.005721 -0.004957 0.429374 2.061739 1.017000 1.048808 0.026706
269  755.263745 1884.660173 0.752000 -0.066872 0.020716 0.000000 -0.040570 0.013120 0.000000 0.449426 2.107671 1.017000 1.006834 0.006083
270  751.418345 1887.212884 0.652821 -0.084510 0.182228 0.004827 -0.044840 0.091101 0.006711 0.435000 2.089689 1.017000 0.988316 -0.033953
277  757.901533 1883.054338 0.741167 -0.031983 -0.110390 0.046133 -0.016173 -0.068220 0.018323 0.417306 2.075244 1.072000 1.991903 -0.007380
282  757.435896 1884.376726 0.688000 0.057769 0.007339 0.000000 0.031811 0.004422 0.000000 0.402698 2.257604 1.072000 2.007854 -0.009562
283  750.049713 1888.547691 0.680924 0.010812 0.077829 0.022871 0.001030 0.047067 0.017732 0.424141 2.205547 1.017000 0.529405 -0.108249
285  749.782140 1888.266906 0.611909 0.121877 0.053714 -0.119331 0.057110 0.023594 -0.056044 0.534258 2.162381 1.017000 0.621545 -0.037021
294  782.340299 1861.714274 0.573559 -0.025918 -0.021246 0.012250 -0.018778 -0.010204 0.012544 0.551618 2.094112 0.956000 1.914399 0.039741
295  787.467438 1833.014777 1.175712 0.399163 -0.268018 -0.037816 0.016247 0.076069 -0.027619 6.402265 3.288758 2.931000 2.351842 -0.009331
303  702.055001 1894.283480 0.854473 -7.976497 8.137374 0.004233 0.232358 0.306496 0.003650 4.896565 2.191029 1.717000 2.336821 -0.054554
305  781.094486 1862.930917 0.622030 0.033948 0.073334 0.005452 0.012978 0.051533 0.006704 0.500541 2.200458 0.956000 0.783583 0.060117
314  780.270305 1864.073012 0.617453 -0.013636 -0.012971 -0.013668 -0.011041 -0.009640 0.014100 0.523360 2.251065 0.956000 -0.350974 -0.020491
323  790.915680 1818.205196 0.148884 -0.930324 -0.739115 -0.140148 -0.080218 -0.063730 -0.012084 4.593959 2.338485 1.766700 2.498567 0.004588
349  807.441841 1806.272483 0.139978 -3.286501 2.385710 0.167284 0.319461 0.169624 0.027920 4.546008 2.147047 1.691000 2.542912 0.092899
365  765.264486 1847.247411 0.793176 -7.747631 7.153812 0.034516 -0.089555 -0.053638 0.003335 4.870922 1.970219 1.585000 2.418942 -0.010239

40 20 1542800387.397971
192  708.649993 1880.152443 2.859956 -0.084777 0.081863 0.259678 -0.050992 0.043614 0.066840 12.503058 3.018929 4.464000 2.317101 -0.099461
235  688.080937 1911.584176 1.513489 -7.645099 5.810568 0.075132 -0.077939 -0.069755 -0.000282 4.828533 2.219703 1.919000 2.760998 0.138133
246  757.626768 1883.869015 0.688000 0.018892 -0.004066 0.000000 0.008581 -0.004561 0.000000 0.481532 2.081972 1.072000 1.947898 -0.031275
257  722.291551 1877.581718 1.367716 -9.095150 8.911390 0.254432 -0.270311 0.698092 0.062921 4.535112 1.977893 1.602000 2.453360 0.002766
260  698.879811 1903.160004 1.655569 -7.937570 5.890722 0.183925 -0.073477 -0.244936 0.018108 4.976297 2.421871 1.764000 2.372272 -0.028588
264  753.353329 1885.837938 0.687971 -0.032733 0.019781 -0.019453 -0.014967 0.005721 -0.004957 0.429374 2.061739 1.017000 1.062157 0.026706
269  755.299617 1885.056055 0.752000 -0.027953 0.130823 0.000000 -0.016615 0.073984 0.000000 0.454685 2.167247 1.017000 0.987669 -0.008874
270  751.366340 1887.323807 0.656695 -0.106924 0.227767 0.008182 -0.044840 0.091101 0.006711 0.435000 2.089689 1.017000 0.971344 -0.033953
277  758.765025 1883.351726 0.809733 0.247452 0.024734 0.089775 0.144878 0.013593 0.031073 0.435312 2.117898 1.072000 1.979891 -0.012985
282  757.471698 1884.381357 0.688000 0.073670 0.009550 0.000000 0.031811 0.004422 0.000000 0.402698 2.257604 1.072000 2.003074 -0.009562
283  750.055342 1888.596841 0.696217 0.011327 0.101356 0.031735 0.001030 0.047067 0.017732 0.424141 2.205547 1.017000 0.475295 -0.108249
285  749.855495 1888.298892 0.540059 0.150424 0.065508 -0.147345 0.057110 0.023594 -0.056044 0.534258 2.162381 1.017000 0.603039 -0.037021
294  782.415577 1861.721066 0.573343 0.002760 -0.004723 0.010649 -0.000143 -0.001435 0.009436 0.562104 2.102751 0.956000 1.956796 0.054917
295  787.442546 1832.622281 1.124679 0.104833 -0.139294 -0.074466 -0.117139 0.103683 -0.036706 6.400239 3.304713 2.931000 2.334628 -0.017792
303  698.118382 1898.417823 0.857384 -7.860348 8.290582 0.006058 0.232358 0.306496 0.003650 4.896565 2.191029 1.717000 2.309551 -0.054554
305  780.837477 1862.985146 0.622018 -0.105532 0.102444 0.004960 -0.055165 0.053097 0.005048 0.488977 2.216374 0.956000 0.783026 0.039504
314  780.225428 1863.915710 0.619652 -0.010541 -0.027819 -0.000831 -0.009294 -0.022069 0.016865 0.517981 2.287695 0.956000 -0.365460 -0.023347
349  805.009907 1807.462842 0.135341 -3.786546 2.320631 0.073688 -0.152930 0.064815 -0.007605 4.517990 2.086977 1.691000 2.596930 0.097111
365  761.109569 1851.055016 0.932818 -8.617114 8.934545 0.225604 -0.871783 1.654141 0.042200 4.790652 1.966379 1.585000 2.338562 -0.048157
369  713.996668 1890.510798 1.555698 -7.674432 6.540988 0.087859 -0.356252 0.268812 0.008111 4.786110 1.787660 1.827000 2.341800 0.004410

41 20 1542800387.897823
192  708.595714 1880.203543 3.005359 -0.110266 0.103664 0.293088 -0.050992 0.043614 0.066840 12.503058 3.018929 4.464000 2.267385 -0.099461
235  684.241324 1914.472318 1.550978 -7.684057 5.775701 0.074991 -0.077939 -0.069755 -0.000282 4.828533 2.219703 1.919000 2.830044 0.138133
246  757.392579 1883.601776 0.688000 -0.053087 -0.088360 0.000000 -0.035140 -0.051577 0.000000 0.358539 2.135130 1.072000 1.979760 0.000279
257  717.682222 1882.199049 1.509582 -9.230266 9.260332 0.285883 -0.270311 0.698092 0.062921 4.535112 1.977893 1.602000 2.454742 0.002766
260  695.676827 1905.834072 1.987254 -7.478975 5.633180 0.366684 0.112872 -0.295767 0.076123 4.646725 2.226968 1.764000 2.478771 0.045600
264  753.333473 1885.849161 0.677090 -0.040215 0.022641 -0.021931 -0.014967 0.005721 -0.004957 0.429374 2.061739 1.017000 1.075507 0.026706
269  755.281766 1885.138717 0.752000 -0.036259 0.167804 0.000000 -0.016615 0.073984 0.000000 0.454685 2.167247 1.017000 0.983233 -0.008874
270  751.302426 1887.458922 0.662351 -0.129337 0.273304 0.011536 -0.044840 0.091101 0.006711 0.435000 2.089689 1.017000 0.954372 -0.033953
277  758.285405 1883.150229 0.878639 -0.004788 -0.079064 0.118770 -0.009088 -0.038854 0.035880 0.442160 2.102852 1.072000 2.026972 0.022606
282  757.515948 1884.387163 0.688000 0.089571 0.011761 0.000000 0.031811 0.004422 0.000000 0.402698 2.257604 1.072000 1.998295 -0.009562
283  750.061244 1888.658491 0.716219 0.011842 0.124882 0.040598 0.001030 0.047067 0.017732 0.424141 2.205547 1.017000 0.421186 -0.108249
285  749.944016 1888.337144 0.453326 0.178971 0.077302 -0.175359 0.057110 0.023594 -0.056044 0.534258 2.162381 1.017000 0.584534 -0.037021
294  782.623501 1861.856652 0.573090 0.067733 0.038100 0.008910 0.037498 0.023761 0.007025 0.598359 2.048246 0.956000 1.947103 0.030241
295  787.725505 1832.649754 1.149229 0.138624 -0.061367 -0.034111 -0.068225 0.117508 -0.014640 6.371353 3.344393 2.931000 2.343819 -0.005773
303  694.243608 1902.633433 0.861264 -7.744204 8.443785 0.007882 0.232358 0.306496 0.003650 4.896565 2.191029 1.717000 2.282282 -0.054554
305  780.771850 1863.048747 0.625675 -0.133106 0.128984 0.007483 -0.055165 0.053097 0.005048 0.488977 2.216374 0.956000 0.802773 0.039504
314  780.217990 1863.896653 0.623173 -0.015187 -0.038850 0.007599 -0.009294 -0.022069 0.016865 0.517981 2.287695 0.956000 -0.377130 -0.023347
349  801.761211 1808.729602 0.252096 -4.503454 2.397492 0.160745 -0.612641 0.096730 0.041390 4.485248 2.047760 1.691000 2.599890 0.068104
365  757.196441 1855.242622 1.088846 -8.742587 9.416394 0.286444 -0.598057 1.349815 0.058260 4.765717 1.886054 1.585000 2.330512 -0.038400
369  709.457772 1893.612274 1.811406 -8.240523 6.530833 0.387537 -0.740848 0.125564 0.069095 4.584639 1.785468 1.827000 2.343652 0.004251

