1 0 1542800367.947576

2 0 1542800368.447460

3 3 1542800368.948430
6  595.563626 2024.473821 1.369307 -0.005590 0.589206 0.089163 -0.004759 0.106088 0.003232 2.101655 5.250608 2.121000 -0.031970 -0.002286
7  599.432267 2012.460499 1.001312 1.602802 4.935270 0.071243 0.264416 0.749414 0.005161 1.936617 4.391763 1.564000 1.279150 -0.073249
11  607.887458 2021.432874 0.616272 -0.289785 0.453184 0.134937 -0.060486 0.081946 0.025001 1.787747 4.140379 1.544000 -2.210167 -0.019614

4 5 1542800369.448339
6  595.559722 2024.793116 1.414635 -0.007969 0.642240 0.090779 -0.004759 0.106088 0.003232 2.101655 5.250608 2.121000 -0.033113 -0.002286
7  601.108038 2015.930597 1.031714 2.743356 6.337217 0.065863 0.525699 1.015604 0.003098 1.920923 4.382250 1.564000 1.159709 -0.123547
11  607.476473 2021.131229 0.739446 -0.632654 -0.184819 0.209322 -0.141494 -0.093984 0.041036 1.814870 4.108526 1.544000 -2.131088 0.034365
20  597.706329 2007.612409 1.243685 0.706688 4.336578 0.182368 0.134884 0.622379 0.023818 2.005592 5.067785 1.595000 1.532250 -0.049001
22  588.344586 2026.118905 1.735137 -0.275166 -0.629965 0.160465 -0.042562 -0.114074 0.023019 2.008467 4.614696 1.718000 -0.564808 -0.013619

5 6 1542800369.949334
6  595.554616 2025.139687 1.460870 -0.010353 0.695389 0.092398 -0.004759 0.106088 0.003232 2.101655 5.250608 2.121000 -0.034258 -0.002286
7  603.321735 2019.038253 1.062343 3.897780 6.466902 0.063568 0.804927 0.896797 0.001892 1.839003 4.361344 1.564000 1.074752 -0.139059
11  607.810821 2020.738450 0.860293 0.147780 -0.577963 0.237817 0.125284 -0.202428 0.043523 1.796897 4.090380 1.544000 -2.099825 0.043813
20  598.192860 2011.267730 1.258153 0.899506 6.307524 0.091974 0.167322 1.052098 -0.002684 1.988177 5.116482 1.595000 1.381291 -0.125850
22  588.653715 2025.940851 1.794888 0.270482 -0.483333 0.139706 0.104284 -0.061295 0.014656 2.006138 4.576181 1.718000 -0.511320 0.023046
30  610.838601 2025.454474 0.571804 0.316852 0.457624 0.400916 0.060674 0.113710 0.066049 2.141511 4.536241 1.636000 -2.142292 -0.009408

6 8 1542800370.450291
7  604.952444 2021.869300 1.094062 3.660108 6.139319 0.063802 0.585049 0.630284 0.001648 1.868709 4.310191 1.564000 1.011372 -0.134684
11  607.768975 2020.836191 0.979137 0.028101 -0.133104 0.246481 0.062693 -0.015018 0.039016 1.777996 4.091157 1.544000 -2.175263 -0.023993
20  599.473799 2014.191411 1.254454 1.967647 6.235334 0.029491 0.475691 0.864365 -0.021838 1.997874 5.110834 1.595000 1.127760 -0.253970
22  588.986357 2025.926350 1.912135 0.537681 -0.213075 0.201582 0.171626 0.032992 0.031740 2.016131 4.522009 1.718000 -0.553590 -0.013150
30  610.285184 2025.470454 0.797007 -0.553938 0.217033 0.445100 -0.172685 0.036659 0.068923 2.111281 4.517015 1.636000 -2.154904 -0.014211
45  653.257115 1946.903084 0.733079 -2.897467 3.651840 0.059701 -0.478848 0.494989 0.008472 1.971670 5.069152 1.659000 2.235920 -0.054414
46  595.666081 2024.222282 1.752805 0.049127 -0.123709 0.229952 0.007526 -0.040060 0.034255 2.369371 5.405775 2.121000 0.071627 0.039490
50  641.895642 1957.006027 0.696104 -2.481247 1.430052 0.259724 -0.301357 0.202124 0.043654 2.012253 4.802097 1.592000 2.418038 0.044432

7 9 1542800370.949037
7  606.913549 2025.077388 1.126265 3.951899 6.453671 0.064624 0.585049 0.630284 0.001648 1.868709 4.310191 1.564000 0.944199 -0.134684
11  608.047975 2021.207136 1.095665 0.376489 0.417564 0.246379 0.176412 0.185136 0.032001 1.817022 4.001409 1.544000 -2.126559 0.018701
20  601.237171 2017.204135 1.266714 3.049760 6.292227 0.021888 0.765781 0.735879 -0.020709 1.998480 5.136448 1.595000 1.066876 -0.208226
22  589.313268 2026.541050 2.039833 0.647118 0.700553 0.242317 0.179812 0.341043 0.040291 2.090951 4.585579 1.718000 -0.495148 0.032050
30  610.348036 2025.365569 0.865879 -0.168183 -0.040509 0.269025 -0.024728 -0.049826 0.002937 2.101891 4.547170 1.636000 -2.190424 -0.033308
45  651.700997 1948.839185 0.764818 -3.136290 3.898714 0.063926 -0.478848 0.494989 0.008472 1.971670 5.069152 1.659000 2.208782 -0.054414
46  595.442910 2023.365692 1.864250 -0.256752 -1.118951 0.233152 -0.072704 -0.292763 0.030657 2.337071 5.372981 2.121000 -0.005163 -0.019072
50  639.521064 1959.092565 0.831476 -3.968276 3.192309 0.276129 -0.647438 0.632275 0.042264 2.036955 4.895069 1.592000 2.436437 0.042162
53  671.266947 1926.967382 0.669636 -3.739869 1.766148 0.017392 -0.599538 0.218180 0.002430 2.329058 4.758909 1.582000 2.348811 -0.024667

8 10 1542800371.448359
7  609.022952 2028.446506 1.158916 4.244027 6.768386 0.065446 0.585049 0.630284 0.001648 1.868709 4.310191 1.564000 0.876949 -0.134684
11  607.763609 2021.268655 1.122084 -0.187980 0.268436 0.130107 -0.062904 0.096543 -0.016500 1.839997 4.041679 1.544000 -2.194921 -0.036245
20  603.698066 2020.983317 1.192619 4.394515 7.249977 -0.090031 1.110935 0.947591 -0.057139 2.030068 5.059603 1.595000 1.040961 -0.153253
22  589.278034 2026.708812 2.146989 0.230070 0.539794 0.233036 -0.001961 0.222314 0.029747 2.033918 4.574680 1.718000 -0.509968 0.010342
30  610.258304 2025.333748 1.000892 -0.180530 -0.065388 0.270491 -0.024728 -0.049826 0.002937 2.101891 4.547170 1.636000 -2.207056 -0.033308
45  650.023557 1950.901075 0.798709 -3.375390 4.145873 0.068156 -0.478848 0.494989 0.008472 1.971670 5.069152 1.659000 2.181611 -0.054414
46  595.804024 2023.976339 1.920493 0.337118 0.275320 0.164672 0.124878 0.190224 0.004387 2.293116 5.491620 2.121000 0.129616 0.077923
50  635.872802 1961.605148 0.905171 -6.186411 4.472179 0.204729 -1.239191 0.933377 0.013376 2.035516 4.868249 1.592000 2.440222 0.030519
53  669.749287 1928.612925 0.723887 -3.468770 2.706337 0.071078 -0.458677 0.423435 0.015386 2.385916 4.698127 1.582000 2.407785 0.015400
73  658.533144 1940.245119 0.682642 -2.626759 3.437123 0.123401 -0.408313 0.465045 0.015663 2.028213 4.980481 1.615000 2.346693 0.021425

9 10 1542800371.948272
7  611.281086 2031.977154 1.192018 4.536501 7.083473 0.066270 0.585049 0.630284 0.001648 1.868709 4.310191 1.564000 0.809618 -0.134684
11  607.818836 2020.438595 1.313245 -0.010805 -0.939513 0.287314 0.014539 -0.369777 0.044919 1.791210 3.988545 1.544000 -2.203870 -0.029748
20  606.154119 2024.828745 1.134281 4.949885 7.723690 -0.118595 1.110935 0.947591 -0.057139 2.030068 5.059603 1.595000 0.964348 -0.153253
22  589.094481 2026.369639 2.246165 -0.125986 -0.136243 0.219009 -0.129067 -0.059471 0.019403 1.966970 4.606012 1.718000 -0.404029 0.078219
30  610.162286 2025.289435 1.136800 -0.192892 -0.090297 0.271960 -0.024728 -0.049826 0.002937 2.101891 4.547170 1.636000 -2.223707 -0.033308
45  648.224442 1953.089131 0.834758 -3.614772 4.393324 0.072391 -0.478848 0.494989 0.008472 1.971670 5.069152 1.659000 2.154409 -0.054414
46  595.511539 2023.813564 1.970305 -0.216824 -0.063163 0.124697 -0.086741 0.041364 -0.010091 2.353784 5.500580 2.121000 0.050891 -0.004011
50  633.204272 1964.350760 0.998337 -5.908583 5.306346 0.195940 -0.931700 1.059332 0.008073 2.032082 4.841500 1.592000 2.363604 -0.033580
53  667.155261 1932.284629 0.662017 -4.577582 5.511214 -0.039201 -0.723239 1.203482 -0.020100 2.448498 4.490003 1.582000 2.403634 0.007937
73  655.857664 1942.920610 0.733591 -4.307749 4.658872 0.114453 -0.772878 0.709246 0.011521 1.972538 4.989812 1.615000 2.450380 0.073697

10 9 1542800372.397808
11  607.747380 2020.703310 1.434055 -0.094474 -0.121540 0.285688 -0.018324 -0.011217 0.036970 1.878847 4.037396 1.544000 -2.195997 -0.014929
20  608.587506 2028.478441 1.070258 5.449291 8.149666 -0.144281 1.110935 0.947591 -0.057139 2.030068 5.059603 1.595000 0.895455 -0.153253
22  589.638316 2026.432655 2.306239 0.574096 0.001358 0.176741 0.139540 -0.001244 0.001336 1.901861 4.630674 1.718000 -0.516841 -0.019213
30  610.070939 2025.239504 1.259606 -0.204008 -0.112695 0.273280 -0.024728 -0.049826 0.002937 2.101891 4.547170 1.636000 -2.238681 -0.033308
46  596.135198 2023.424137 1.999891 0.636379 -0.490779 0.090422 0.217596 -0.110843 -0.020235 2.361256 5.376876 2.121000 0.066631 0.007623
50  631.139551 1966.703935 1.007053 -5.337844 5.484429 0.095088 -0.586942 0.955468 -0.028327 2.027975 4.920249 1.592000 2.332355 -0.044785
53  664.456256 1934.249770 0.763408 -5.511070 5.164394 0.099485 -0.920099 0.916193 0.027701 2.327246 4.399804 1.582000 2.345774 -0.031771
73  653.386259 1945.531311 0.770683 -5.119164 5.433807 0.099983 -0.907760 0.841838 0.005809 2.087816 4.953007 1.615000 2.341585 -0.014123
92  596.895577 2006.069022 1.735276 -0.141734 3.501807 0.146711 0.021154 0.455247 0.012798 2.062647 4.985425 1.749000 1.933816 -0.010579

11 9 1542800372.948008
11  607.690188 2020.633248 1.601756 -0.104556 -0.127711 0.306029 -0.018324 -0.011217 0.036970 1.878847 4.037396 1.544000 -2.204211 -0.014929
20  611.901684 2033.231905 0.974622 6.060527 8.671030 -0.175719 1.110935 0.947591 -0.057139 2.030068 5.059603 1.595000 0.811135 -0.153253
22  588.447827 2026.889537 2.370785 -1.181675 0.541755 0.138269 -0.537411 0.198634 -0.013147 1.929118 4.651985 1.718000 -0.445254 0.036793
46  596.392454 2022.061172 2.035266 0.573898 -1.801315 0.069142 0.151657 -0.563056 -0.023907 2.197390 5.391156 2.121000 -0.005488 -0.044310
50  627.708767 1969.910629 1.162100 -6.070944 5.906511 0.218481 -0.739583 0.916907 0.023393 2.014931 4.934408 1.592000 2.396931 0.020158
53  662.417858 1936.378658 0.935915 -4.537413 4.521394 0.244259 -0.397374 0.511021 0.073454 2.270785 4.452829 1.582000 2.318282 -0.038575
73  650.530327 1948.590571 0.896696 -5.344903 5.684519 0.189925 -0.812536 0.767921 0.035988 2.048426 4.955037 1.615000 2.296093 -0.041108
92  597.731985 2009.893877 1.860331 0.984334 5.922169 0.203677 0.313823 1.025099 0.025909 2.186661 5.024466 1.749000 1.831933 -0.070762
114  598.521611 1997.306255 1.677344 -3.748733 3.729706 0.203802 -0.570082 0.536481 0.023496 2.069108 4.508398 1.641000 2.341528 -0.005006

12 8 1542800373.447883
11  607.633646 2020.566790 1.763361 -0.113716 -0.133319 0.324509 -0.018324 -0.011217 0.036970 1.878847 4.037396 1.544000 -2.211674 -0.014929
22  589.073842 2026.408384 2.429283 0.137063 -0.303146 0.122768 0.049636 -0.150549 -0.016450 2.113862 4.750217 1.718000 -0.518216 -0.023692
46  597.351872 2022.504192 2.068305 1.400968 -0.343720 0.061975 0.426397 0.072925 -0.022158 1.986083 5.295163 2.121000 -0.085958 -0.082847
50  625.059757 1972.512657 1.324824 -5.739475 5.655925 0.290517 -0.476799 0.651216 0.046008 1.980113 4.944861 1.592000 2.394945 0.011697
53  660.458354 1938.178934 1.001841 -4.227843 4.043584 0.188147 -0.209070 0.239330 0.039058 2.158397 4.358159 1.582000 2.284522 -0.048704
73  647.609637 1951.525958 1.021657 -5.825306 5.961356 0.235009 -0.839375 0.729227 0.045784 2.035411 4.945462 1.615000 2.293850 -0.028284
92  598.479191 2013.734361 1.947710 1.349820 7.169536 0.193140 0.377375 1.248991 0.018753 2.193224 5.180998 1.749000 1.780823 -0.080714
114  597.269318 1999.684226 1.819163 -3.111891 4.472246 0.257639 -0.327832 0.661144 0.034558 2.066798 4.566987 1.641000 2.304295 -0.025919

13 8 1542800373.947765
22  589.753728 2025.425466 2.439086 0.879591 -1.331194 0.057434 0.314279 -0.501872 -0.037508 2.183614 4.728229 1.718000 -0.506471 -0.008050
46  598.151747 2022.349399 2.094112 1.614117 -0.307266 0.050899 0.426397 0.072925 -0.022158 1.986083 5.295163 2.121000 -0.127372 -0.082847
50  621.887343 1975.137517 1.488211 -6.221968 5.530761 0.322951 -0.568286 0.482332 0.049544 2.019799 4.923522 1.592000 2.418660 0.024270
53  658.193940 1940.320666 1.049823 -4.462674 4.245534 0.137283 -0.257544 0.269947 0.012876 2.124045 4.414640 1.582000 2.334311 0.003714
73  644.322604 1954.764785 1.081321 -6.471999 6.438227 0.171025 -0.922784 0.770487 0.013879 1.978841 4.942343 1.615000 2.361653 0.029409
92  600.229694 2017.586481 2.171221 2.695583 7.766447 0.346135 0.764321 1.239816 0.066781 2.147063 5.226844 1.749000 1.531685 -0.216099
114  596.127812 2002.086788 1.970390 -2.705814 4.817381 0.291607 -0.154473 0.665597 0.039635 2.160200 4.561902 1.641000 2.269788 -0.039566
136  687.977400 1911.544049 0.871667 -2.821937 1.668292 0.076548 -0.504975 0.141398 0.010875 2.084075 5.134010 1.651000 2.320343 -0.064968

14 8 1542800374.447637
22  590.266803 2024.642840 2.459036 1.036690 -1.582066 0.038685 0.314279 -0.501872 -0.037508 2.183614 4.728229 1.718000 -0.510495 -0.008050
46  599.058173 2022.212835 2.114380 1.827260 -0.270813 0.039822 0.426397 0.072925 -0.022158 1.986083 5.295163 2.121000 -0.168785 -0.082847
50  618.390130 1977.882369 1.648357 -6.830098 5.603083 0.331332 -0.689762 0.419063 0.043402 2.063551 4.951448 1.592000 2.422484 0.018400
53  655.333064 1943.091891 1.051389 -5.317699 5.127141 0.054438 -0.528536 0.548543 -0.020436 2.177066 4.513224 1.582000 2.345444 0.010287
73  641.612751 1957.177559 1.128413 -5.990989 5.569925 0.124999 -0.573574 0.305960 -0.005750 2.027624 4.899544 1.615000 2.365541 0.021767
92  601.755629 2021.758238 2.359838 3.077645 8.386196 0.379516 0.764321 1.239816 0.066781 2.147063 5.226844 1.749000 1.423663 -0.216099
114  595.696722 2003.336007 2.119962 -1.658394 3.606460 0.305018 0.220399 0.151062 0.037502 2.117952 4.720912 1.641000 2.291017 -0.012859
136  685.991613 1914.538213 0.925631 -3.607100 4.217350 0.097316 -0.636571 0.753599 0.014662 2.097501 5.445064 1.651000 2.337325 -0.037171

15 8 1542800374.947539
22  590.858461 2023.734726 2.469613 1.193799 -1.832953 0.019935 0.314279 -0.501872 -0.037508 2.183614 4.728229 1.718000 -0.514520 -0.008050
46  600.071229 2022.094490 2.129112 2.040417 -0.234358 0.028746 0.426397 0.072925 -0.022158 1.986083 5.295163 2.121000 -0.210200 -0.082847
50  615.710625 1980.968026 1.642174 -6.032729 6.050664 0.121081 -0.260772 0.508487 -0.043715 1.906129 5.053938 1.592000 2.362625 -0.030488
53  653.069628 1945.662231 1.046845 -4.921364 5.247337 0.009836 -0.281089 0.490846 -0.033317 2.183914 4.498896 1.582000 2.305771 -0.021477
73  638.917995 1959.622195 1.220709 -5.724899 5.199195 0.161793 -0.367312 0.110571 0.009051 2.029833 4.898798 1.615000 2.379038 0.023619
92  603.472693 2026.240131 2.565159 3.459731 9.005982 0.412900 0.764321 1.239816 0.066781 2.147063 5.226844 1.749000 1.315635 -0.216099
114  594.919172 2005.174172 2.281202 -1.548216 3.681977 0.323766 0.220399 0.151062 0.037502 2.117952 4.720912 1.641000 2.284588 -0.012859
136  682.297293 1915.954714 0.977955 -5.959639 3.580902 0.104939 -1.248664 0.448751 0.014750 2.134915 5.389732 1.651000 2.407034 0.018420

16 9 1542800375.447384
22  591.528593 2022.701292 2.470815 1.350889 -2.083811 0.001187 0.314279 -0.501872 -0.037508 2.183614 4.728229 1.718000 -0.518543 -0.008050
50  612.345041 1983.971885 1.739167 -6.531878 6.127179 0.158755 -0.399578 0.441625 -0.021311 1.789234 4.928214 1.592000 2.325394 -0.046068
53  650.607349 1948.704144 1.089231 -4.981164 5.880723 0.050871 -0.250760 0.636678 -0.011637 2.157980 4.433913 1.582000 2.381383 0.039722
73  635.927829 1962.576460 1.322063 -5.963033 5.674520 0.189723 -0.387757 0.268051 0.017826 2.073982 4.965772 1.615000 2.353111 -0.003115
92  605.380573 2031.031357 2.787146 3.841773 9.625698 0.446280 0.764321 1.239816 0.066781 2.147063 5.226844 1.749000 1.207619 -0.216099
114  594.196791 2007.049879 2.451795 -1.438050 3.757484 0.342511 0.220399 0.151062 0.037502 2.117952 4.720912 1.641000 2.278160 -0.012859
136  680.918141 1917.493221 1.028471 -4.350883 3.384681 0.105956 -0.505624 0.308812 0.012636 2.096996 5.294681 1.651000 2.385945 -0.001425
178  589.742444 2026.821391 2.441460 0.052568 0.694172 0.005586 -0.009058 0.107956 0.000830 2.100336 4.522565 1.718000 -0.507503 0.001358
179  725.579069 1870.100625 2.102769 -2.813210 0.502115 -0.287750 -0.442175 0.141898 -0.068235 2.628631 12.613170 4.464000 2.652570 -0.038024

17 7 1542800375.947245
50  610.504770 1986.636574 1.950726 -4.916067 5.748486 0.312161 0.269437 0.220734 0.039143 1.758039 5.024648 1.592000 2.373913 0.002214
53  647.566725 1951.434785 1.231420 -5.734065 5.742868 0.197411 -0.487116 0.464895 0.045745 2.168967 4.412419 1.582000 2.345828 0.000450
73  633.252802 1965.641770 1.423720 -5.651668 6.020391 0.202020 -0.197769 0.347735 0.019100 2.071343 4.966862 1.615000 2.326913 -0.020577
114  593.529470 2008.963399 2.631766 -1.327881 3.832994 0.361256 0.220399 0.151062 0.037502 2.117952 4.720912 1.641000 2.271733 -0.012859
136  679.001698 1919.965028 1.078612 -4.122965 4.442509 0.104902 -0.333080 0.633133 0.009990 2.109192 5.182805 1.651000 2.453728 0.046762
178  589.599495 2024.762106 2.512711 -0.146637 -2.084486 0.085527 -0.057153 -0.591852 0.020478 2.210297 4.690583 1.718000 -0.524713 -0.008695
179  722.507787 1871.570262 2.049776 -4.853612 1.954102 -0.197453 -0.891658 0.483092 -0.037500 2.675850 12.630274 4.464000 2.652935 -0.027137

18 7 1542800376.447154
50  608.110173 1989.561899 2.115929 -4.781374 5.858833 0.331729 0.269437 0.220734 0.039143 1.758039 5.024648 1.592000 2.375020 0.002214
53  644.484947 1954.530878 1.388936 -6.106881 6.123845 0.281665 -0.535881 0.520928 0.068896 2.151084 4.380345 1.582000 2.350379 0.003516
73  630.004036 1968.251778 1.524493 -6.231535 5.580960 0.205595 -0.379014 0.116651 0.016849 2.015840 4.914202 1.615000 2.415941 0.049810
136  675.812875 1922.508328 1.083280 -5.627899 4.981399 0.046013 -0.823841 0.714673 -0.013434 2.162441 5.156976 1.651000 2.433138 0.015513
178  589.512828 2023.581687 2.560254 -0.175209 -2.380358 0.095764 -0.057153 -0.591852 0.020478 2.210297 4.690583 1.718000 -0.529059 -0.008695
179  717.998121 1871.363253 2.218687 -7.487967 0.681754 0.106441 -1.550256 0.027543 0.059589 2.756179 12.325294 4.464000 2.554083 -0.080834
203  617.315574 1979.862926 2.016170 -3.640784 2.739365 0.191340 -0.523268 0.400741 0.027206 2.130560 4.950162 1.659000 2.300771 -0.033050

19 8 1542800376.947003
50  605.783197 1992.542033 2.290894 -4.646696 5.969167 0.351295 0.269437 0.220734 0.039143 1.758039 5.024648 1.592000 2.376127 0.002214
53  640.976908 1957.548958 1.544174 -6.795956 6.174165 0.313989 -0.694866 0.441641 0.068098 2.170181 4.363271 1.582000 2.270470 -0.054364
73  627.527971 1972.410693 1.687212 -5.493342 7.350797 0.285455 -0.029069 0.762310 0.043798 2.059379 4.865823 1.615000 2.437680 0.047572
136  672.579204 1925.419303 1.080401 -6.329901 5.661902 0.010354 -0.931557 0.834664 -0.024178 2.141102 5.191373 1.651000 2.323930 -0.067550
178  589.411889 2022.253507 2.612909 -0.203777 -2.676195 0.106000 -0.057153 -0.591852 0.020478 2.210297 4.690583 1.718000 -0.533406 -0.008695
179  713.892857 1871.710466 2.285823 -8.262861 0.695522 0.136227 -1.550256 0.027543 0.059589 2.756179 12.325294 4.464000 2.513678 -0.080834
203  615.373405 1981.325877 2.118171 -3.902339 2.939675 0.204939 -0.523268 0.400741 0.027206 2.130560 4.950162 1.659000 2.284251 -0.033050
214  707.735917 1916.145801 0.597000 -0.300448 0.009913 0.000000 -0.057251 0.005310 0.000000 2.260795 0.844185 0.899000 0.629155 -0.036590

20 7 1542800377.447456
53  638.577009 1960.301801 1.741459 -5.659258 5.833415 0.378936 -0.134455 0.229560 0.079751 2.250042 4.385332 1.582000 2.307437 -0.008868
73  626.361928 1974.487515 1.869124 -3.606430 5.603025 0.341816 0.672502 -0.023317 0.056506 2.110780 4.981199 1.615000 2.407204 0.010926
136  669.391378 1928.285754 1.200315 -6.543784 5.872650 0.151575 -0.837228 0.757291 0.033142 2.131797 5.196669 1.651000 2.324744 -0.042985
179  709.394669 1872.064992 2.367951 -9.038691 0.709306 0.166048 -1.550256 0.027543 0.059589 2.756179 12.325294 4.464000 2.473225 -0.080834
203  613.297936 1982.890885 2.227104 -4.164211 3.140226 0.218554 -0.523268 0.400741 0.027206 2.130560 4.950162 1.659000 2.267711 -0.033050
214  708.306141 1916.081340 0.597000 0.589463 -0.075865 0.000000 0.180559 -0.017585 0.000000 2.282842 0.758793 0.899000 0.696470 0.015110
234  589.036638 2026.578392 2.909937 -1.226845 -0.206967 0.298863 -0.234436 0.103572 0.048812 1.862793 4.549906 1.718000 -0.437157 0.023143

21 9 1542800377.898133
53  636.001192 1962.974016 1.927254 -5.719854 5.936873 0.414878 -0.134455 0.229560 0.079751 2.250042 4.385332 1.582000 2.303440 -0.008868
73  623.282026 1976.493354 2.032295 -5.227327 4.965965 0.365434 -0.021819 -0.249425 0.055839 2.197909 4.880641 1.615000 2.302722 -0.061195
136  667.069171 1931.164303 1.224185 -5.899972 6.330139 0.100549 -0.463690 0.799796 0.009012 2.073486 5.250270 1.651000 2.304445 -0.043632
179  705.029216 1872.389846 2.454006 -9.737355 0.721719 0.192904 -1.550256 0.027543 0.059589 2.756179 12.325294 4.464000 2.436795 -0.080834
203  611.322688 1984.381575 2.330725 -4.400036 3.320831 0.230815 -0.523268 0.400741 0.027206 2.130560 4.950162 1.659000 2.252817 -0.033050
214  708.659617 1916.328664 0.597000 0.739395 0.279048 0.000000 0.201186 0.091584 0.000000 2.217800 0.725422 0.899000 0.727630 0.031201
234  590.138268 2027.863895 3.156923 0.686233 1.455084 0.443390 0.242844 0.485488 0.077781 1.892520 4.807901 1.718000 -0.601826 -0.072642
249  713.061320 1877.455199 2.268000 -2.638205 2.065737 0.000000 -0.369460 0.241877 0.000000 2.970437 12.972136 4.464000 2.576804 0.012968
252  706.370795 1896.378189 0.985000 -2.833087 2.431619 0.000000 -0.403498 0.390472 0.000000 2.241654 4.714420 1.566000 2.395861 0.014622

22 7 1542800378.397983
53  633.110747 1965.995131 2.153242 -5.787062 6.051618 0.454742 -0.134455 0.229560 0.079751 2.250042 4.385332 1.582000 2.299008 -0.008868
73  619.682824 1979.512412 2.209988 -6.433965 5.566389 0.371411 -0.459990 0.016285 0.047801 2.039842 4.765099 1.615000 2.354884 -0.005081
136  664.118965 1934.576185 1.317764 -5.992928 6.809145 0.158477 -0.411789 0.829417 0.028986 2.077756 5.254914 1.651000 2.271906 -0.051394
214  707.889004 1916.277597 0.597000 -0.676465 0.054126 0.000000 -0.311959 -0.000019 0.000000 2.241415 0.741977 0.899000 0.746805 0.033745
234  591.122546 2027.445924 3.428419 1.501371 0.204164 0.519908 0.447607 0.044648 0.088890 2.151810 5.023465 1.718000 -0.925586 -0.256065
249  711.478185 1877.605847 2.268000 -3.034235 1.073776 0.000000 -0.420247 -0.025534 0.000000 3.039290 13.006668 4.464000 2.517750 -0.024114
252  704.665038 1898.101370 0.985000 -3.283421 3.156723 0.000000 -0.466100 0.523893 0.000000 2.271215 4.740578 1.566000 2.451501 0.044062

23 8 1542800378.897841
53  630.186653 1969.073665 2.399164 -5.854270 6.166366 0.494607 -0.134455 0.229560 0.079751 2.250042 4.385332 1.582000 2.294575 -0.008868
73  616.738267 1982.358931 2.342665 -6.207497 5.647184 0.318051 -0.290969 0.043191 0.019191 2.000168 4.685218 1.615000 2.300694 -0.039933
136  660.459927 1938.418030 1.560644 -6.924958 7.536886 0.373807 -0.687057 0.948119 0.105116 2.010795 5.233554 1.651000 2.297079 -0.014923
214  708.224001 1916.446445 0.597000 0.114306 0.234075 0.000000 0.028215 0.064644 0.000000 2.288553 0.753863 0.899000 0.679710 -0.026101
234  591.977500 2027.558399 3.709049 1.725111 0.226481 0.564341 0.447607 0.044648 0.088890 2.151810 5.023465 1.718000 -1.053582 -0.256065
249  710.527213 1878.859816 2.268000 -2.467017 1.907828 0.000000 -0.188258 0.227208 0.000000 2.982804 12.838931 4.464000 2.346775 -0.124867
252  702.392246 1900.069638 0.985000 -4.170606 3.754070 0.000000 -0.669218 0.628052 0.000000 2.192900 4.767967 1.566000 2.489797 0.055106
271  709.958993 1917.415970 0.597000 0.293916 -0.349941 0.000000 0.056125 -0.074835 0.000000 2.142678 0.869301 0.899000 0.767540 0.013026

24 7 1542800379.397716
73  614.420519 1983.564885 2.464040 -5.327398 3.713015 0.277047 0.090415 -0.684123 0.000375 2.042757 4.827595 1.615000 2.496327 0.104746
136  657.387733 1942.002239 1.781055 -6.565803 7.493731 0.437866 -0.419611 0.751284 0.109499 2.086425 5.223075 1.651000 2.321355 0.007679
214  708.206384 1916.243666 0.597000 0.024981 -0.159417 0.000000 -0.009989 -0.092636 0.000000 2.253962 0.704526 0.899000 0.663254 -0.028524
234  592.944354 2027.682036 4.011904 1.948859 0.248800 0.608775 0.447607 0.044648 0.088890 2.151810 5.023465 1.718000 -1.181582 -0.256065
249  708.392940 1880.014028 2.268000 -3.573621 2.195626 0.000000 -0.525860 0.285299 0.000000 2.925077 12.782904 4.464000 2.477269 0.001926
252  699.393825 1902.549245 0.985000 -5.458119 4.642284 0.000000 -0.996910 0.825518 0.000000 2.125251 4.753835 1.566000 2.388989 -0.034663
271  709.914936 1917.474141 0.597000 0.068743 -0.076438 0.000000 -0.009481 0.005716 0.000000 2.156971 0.903585 0.899000 0.757469 0.002956

25 7 1542800379.897591
73  611.778602 1985.261153 2.602616 -5.282201 3.371039 0.277235 0.090415 -0.684123 0.000375 2.042757 4.827595 1.615000 2.548687 0.104746
136  654.115505 1945.630020 1.703558 -6.637788 7.494229 0.081352 -0.367218 0.608654 -0.046898 2.077885 5.285818 1.651000 2.379042 0.045913
214  708.222964 1916.325989 0.597000 0.028172 0.028186 0.000000 -0.006931 -0.005226 0.000000 2.252016 0.750706 0.899000 0.616100 -0.051865
234  594.023078 2027.816833 4.336975 2.172606 0.271119 0.653208 0.447607 0.044648 0.088890 2.151810 5.023465 1.718000 -1.309582 -0.256065
249  707.969700 1880.022687 2.313210 -1.938148 0.862033 0.057758 0.158603 -0.246960 0.020825 2.893398 12.739324 4.464000 2.504780 0.020626
252  696.568346 1905.049738 0.985000 -5.784605 5.038648 0.000000 -0.935031 0.819652 0.000000 2.118902 4.814629 1.566000 2.431726 0.007726
271  709.978304 1917.405220 0.597000 0.102833 -0.113439 0.000000 0.002693 -0.006781 0.000000 2.174093 0.908209 0.899000 0.763250 0.005849

26 6 1542800380.398024
73  609.156363 1986.788115 2.741441 -5.236955 3.028682 0.277422 0.090415 -0.684123 0.000375 2.042757 4.827595 1.615000 2.601105 0.104746
136  650.571826 1949.149112 1.611567 -6.984419 7.351451 -0.087875 -0.427639 0.442682 -0.100973 2.127579 5.159619 1.651000 2.409092 0.050692
214  708.313820 1916.475906 0.597000 0.124610 0.200244 0.000000 0.030585 0.060365 0.000000 2.190386 0.806931 0.899000 0.698502 0.024987
249  708.205516 1879.948949 2.366906 -0.367920 0.167732 0.093593 0.706915 -0.456859 0.030172 2.851151 12.763017 4.464000 2.506597 0.014577
252  693.565857 1907.499311 1.018451 -6.111480 5.113882 0.042497 -0.883141 0.696426 0.015634 2.082532 4.857460 1.566000 2.464553 0.028229
271  709.463336 1917.447931 0.597000 -0.608495 0.010186 0.000000 -0.241985 0.036827 0.000000 2.221339 0.837780 0.899000 0.745682 -0.008420

27 5 1542800380.947696
136  648.121062 1952.869396 1.540176 -5.459320 7.074450 -0.136862 0.236168 0.246450 -0.098516 2.324386 5.233421 1.651000 2.450891 0.060023
214  708.545023 1916.281155 0.597000 0.332631 -0.166276 0.000000 0.104160 -0.093435 0.000000 2.199225 0.733667 0.899000 0.677346 0.000059
249  708.478497 1879.952026 2.333514 0.360938 -0.033008 -0.005639 0.836317 -0.437700 -0.013870 2.796981 12.791005 4.464000 2.511387 0.012270
252  690.060099 1910.547730 1.093667 -6.467575 5.545846 0.109851 -0.833925 0.715131 0.037993 2.038620 4.805685 1.566000 2.394580 -0.032816
271  709.995877 1917.590371 0.597000 0.411733 0.186186 0.000000 0.181834 0.094069 0.000000 2.174248 0.830948 0.899000 0.772329 0.013796

28 5 1542800381.448102
136  645.444411 1956.467124 1.448652 -5.341140 7.197775 -0.186160 0.236168 0.246450 -0.098516 2.324386 5.233421 1.651000 2.480927 0.060023
214  708.275982 1916.300197 0.597000 -0.192408 -0.057277 0.000000 -0.114187 -0.034511 0.000000 2.241461 0.746163 0.899000 0.636672 -0.028200
249  709.003281 1880.279944 2.288238 0.965754 0.308141 -0.061742 0.906325 -0.227214 -0.032343 2.828801 12.726392 4.464000 2.517517 0.012263
252  686.127210 1913.629957 1.257223 -7.513591 6.079007 0.253862 -1.070209 0.781014 0.084970 1.972947 4.829191 1.566000 2.437139 0.008123
271  709.900156 1917.369677 0.597000 0.072471 -0.186478 0.000000 0.023286 -0.060605 0.000000 2.192501 0.808698 0.899000 0.724600 -0.024057

29 6 1542800381.897652
136  643.087587 1959.749095 1.346491 -5.234971 7.308567 -0.230448 0.236168 0.246450 -0.098516 2.324386 5.233421 1.651000 2.507910 0.060023
214  707.967892 1916.292130 0.597000 -0.503519 -0.041447 0.000000 -0.209085 -0.023061 0.000000 2.213769 0.766257 0.899000 0.636548 -0.019552
249  708.699697 1879.523448 2.248705 0.196088 -0.899430 -0.083689 0.478117 -0.629347 -0.035037 2.875653 12.742557 4.464000 2.498495 -0.004645
252  683.255780 1916.288066 1.417293 -7.077878 6.143310 0.330983 -0.736681 0.676680 0.099130 2.046553 4.809594 1.566000 2.266538 -0.111910
271  709.895578 1917.664830 0.597000 0.029197 0.291475 0.000000 0.003971 0.120959 0.000000 2.139999 0.812882 0.899000 0.725724 -0.015839
361  729.965695 1877.964946 1.138088 -4.157788 3.119066 0.018181 -0.587209 0.446424 0.002548 2.162783 4.976526 1.919000 2.386944 -0.001331

30 7 1542800382.397543
136  640.525837 1963.460149 1.208281 -5.116913 7.431765 -0.279695 0.236168 0.246450 -0.098516 2.324386 5.233421 1.651000 2.537915 0.060023
214  707.667348 1916.266024 0.597000 -0.608039 -0.052975 0.000000 -0.209085 -0.023061 0.000000 2.213769 0.766257 0.899000 0.626774 -0.019552
249  709.008785 1879.513807 2.243392 0.563743 -0.454222 -0.043334 0.525813 -0.347652 -0.013582 2.882189 12.743830 4.464000 2.537117 0.024836
252  679.800659 1919.239909 1.592718 -7.115896 6.122752 0.363469 -0.614249 0.543652 0.092802 2.020635 4.789394 1.566000 2.404910 0.027981
271  709.937615 1917.782171 0.597000 0.065464 0.278737 0.000000 0.016590 0.094015 0.000000 2.124727 0.807425 0.899000 0.754798 0.010786
361  725.644776 1881.311704 1.068580 -7.110318 5.468201 -0.080563 -1.257206 0.982114 -0.022654 2.160606 4.915308 1.919000 2.453356 0.039801
364  757.654678 1883.904794 0.688000 0.512138 0.001661 0.000000 0.106096 -0.039151 0.000000 2.117238 0.439174 1.072000 2.015072 -0.023987

31 10 1542800382.897959
214  707.314168 1916.234120 0.597000 -0.712668 -0.064516 0.000000 -0.209085 -0.023061 0.000000 2.213769 0.766257 0.899000 0.616989 -0.019552
249  708.716132 1880.084724 2.335769 -0.065139 0.496208 0.099748 0.190107 0.075515 0.042824 2.943796 12.734068 4.464000 2.538917 0.017226
252  676.096070 1922.430999 1.796312 -7.423276 6.394804 0.409909 -0.614249 0.543652 0.092802 2.020635 4.789394 1.566000 2.418912 0.027981
271  710.105559 1917.479255 0.597000 0.241507 -0.267477 0.000000 0.079448 -0.128299 0.000000 2.163406 0.720966 0.899000 0.694295 -0.036393
361  721.609375 1884.412921 1.067135 -7.967842 6.128108 -0.036835 -1.328396 1.034616 -0.005491 2.201428 4.874794 1.919000 2.517679 0.069871
364  756.890623 1884.241152 0.688000 -0.733524 0.410389 0.000000 -0.226681 0.070597 0.000000 2.102328 0.406573 1.072000 2.021976 -0.012478
378  759.476339 1845.752915 0.826254 -3.983133 1.526027 -0.028260 -0.567875 0.224552 -0.004098 2.009209 4.973138 1.602000 2.329908 -0.031757
386  753.291996 1885.953427 0.791963 -0.152677 0.132991 0.115329 0.035498 0.013252 0.021369 2.064027 0.411255 1.017000 1.031044 0.011281
393  755.404325 1884.688515 0.752000 -0.027687 0.218458 0.000000 -0.009479 0.105860 0.000000 2.184784 0.561086 1.017000 0.988759 -0.005528
394  752.038049 1886.834118 0.735656 1.408504 -0.462324 0.026068 0.102163 -0.021946 0.018121 2.110960 0.529758 1.017000 1.014420 0.061086

32 13 1542800383.397856
249  708.602653 1879.859430 2.397775 -0.130064 -0.092835 0.123893 0.129508 -0.161940 0.043861 2.904608 12.712931 4.464000 2.526561 0.002305
252  672.241797 1925.754661 2.022889 -7.730338 6.666574 0.456300 -0.614249 0.543652 0.092802 2.020635 4.789394 1.566000 2.432900 0.027981
271  709.571254 1917.399119 0.597000 -0.578323 -0.225026 0.000000 -0.245350 -0.088023 0.000000 2.215393 0.678278 0.899000 0.572600 -0.110047
361  717.689564 1887.517511 1.079510 -8.162315 6.393330 0.000751 -1.166615 0.947805 0.008404 2.275437 4.873886 1.919000 2.460318 0.005450
364  756.890931 1884.360428 0.688000 -0.324478 0.318351 0.000000 -0.062760 0.030640 0.000000 2.087145 0.415948 1.072000 2.028440 -0.003934
378  756.774562 1846.043718 0.808316 -4.990560 0.981787 -0.033882 -0.755203 0.054584 -0.005024 2.078133 4.906447 1.602000 2.360105 -0.003949
386  753.741786 1885.657954 0.762276 0.507486 -0.313266 0.011468 0.201958 -0.104096 -0.008310 2.116407 0.481748 1.017000 1.037002 0.011474
393  755.378476 1884.718523 0.752000 -0.044578 0.142462 0.000000 -0.012628 0.072457 0.000000 2.158042 0.462088 1.017000 1.004040 0.005430
394  751.732476 1886.806630 0.662107 0.177369 -0.214318 -0.077534 -0.230075 0.045159 -0.011071 2.101635 0.497429 1.017000 1.057561 0.068740
403  758.346397 1883.100480 0.688000 0.236741 -0.184355 0.000000 0.041148 -0.047044 0.000000 2.079780 0.504811 1.072000 1.965568 -0.007013
410  757.515810 1883.965690 0.688000 0.002674 -0.049064 0.000000 -0.000391 0.008490 0.000000 2.147602 0.401675 1.072000 2.034399 0.006737
411  749.675720 1888.053721 0.648844 0.245622 0.079059 -0.044688 0.038377 0.049878 -0.001632 2.019844 0.422684 1.017000 0.672137 -0.021347
413  749.614048 1888.051650 0.755156 -0.159505 -0.301238 0.044688 -0.018341 -0.066577 0.001632 2.156196 0.535594 1.017000 0.682293 0.001140

33 14 1542800383.897713
249  708.567876 1879.775216 2.469944 -0.065329 -0.173782 0.145817 0.129508 -0.161940 0.043861 2.904608 12.712931 4.464000 2.527713 0.002305
271  710.059670 1917.318780 0.597000 0.364591 -0.201764 0.000000 0.158066 -0.062558 0.000000 2.100153 0.668994 0.899000 0.658723 -0.009873
361  714.375146 1890.592324 1.137983 -7.431231 6.433776 0.076029 -0.693187 0.791708 0.034008 2.262940 4.901155 1.919000 2.493281 0.026772
364  757.306595 1884.639795 0.688000 0.389206 0.475864 0.000000 0.193898 0.079624 0.000000 2.075051 0.350201 1.072000 2.095279 0.043968
378  754.103672 1846.547216 0.790207 -5.368054 1.009071 -0.036393 -0.755203 0.054584 -0.005024 2.078133 4.906447 1.602000 2.358131 -0.003949
386  753.179930 1885.571006 0.742608 -0.464556 -0.248452 -0.021865 -0.134471 -0.067459 -0.017459 2.127303 0.456472 1.017000 1.030707 0.003388
393  755.458871 1884.780247 0.752000 0.080486 0.145839 0.000000 0.028564 0.062160 0.000000 2.148302 0.440760 1.017000 1.033478 0.023392
394  751.674803 1886.757018 0.648875 -0.052828 -0.133322 -0.048106 -0.266193 0.063477 -0.000109 2.071765 0.472394 1.017000 1.052302 0.042110
403  758.022776 1883.143053 0.688000 -0.302982 -0.027079 0.000000 -0.104032 -0.000198 0.000000 2.080239 0.453675 1.072000 1.978618 0.003041
410  757.858671 1883.590215 0.688000 0.426347 -0.482730 0.000000 0.109440 -0.104978 0.000000 2.212578 0.408845 1.072000 2.035371 0.005283
411  749.852694 1888.233568 0.649409 0.320935 0.263658 -0.016614 0.052921 0.091250 0.005854 2.056299 0.398267 1.017000 0.711149 0.008824
413  749.363286 1888.037182 0.754591 -0.375573 -0.146351 0.016614 -0.071952 -0.017820 -0.005854 2.132414 0.499852 1.017000 0.729617 0.029532
424  782.329905 1861.875046 0.563117 0.731834 -0.451785 -0.111703 0.003987 0.004228 -0.004073 2.176438 0.279989 0.956000 1.829202 0.407899
426  786.412321 1833.637853 1.163973 0.619723 -0.865115 0.024495 0.069567 -0.133550 0.003480 3.237678 5.988654 2.931000 2.428052 0.015368

34 15 1542800384.397580
249  708.565467 1879.650528 2.553077 -0.000592 -0.254731 0.167742 0.129508 -0.161940 0.043861 2.904608 12.712931 4.464000 2.528865 0.002305
271  709.102332 1917.792580 0.597000 -0.964577 0.472269 0.000000 -0.363030 0.198440 0.000000 2.111065 0.686820 0.899000 0.737988 0.046991
361  710.310778 1894.893867 1.294274 -8.016405 7.973787 0.233226 -0.781010 1.212756 0.085596 2.225645 4.976867 1.919000 2.445401 -0.016572
364  757.500744 1884.163236 0.688000 0.428299 -0.412217 0.000000 0.173102 -0.254039 0.000000 2.128198 0.352478 1.072000 2.054631 -0.000148
378  751.243985 1847.064365 0.770842 -5.745555 1.036356 -0.038904 -0.755203 0.054584 -0.005024 2.078133 4.906447 1.602000 2.356157 -0.003949
386  753.443575 1885.670585 0.727961 0.130946 0.018887 -0.030140 0.093107 0.035925 -0.017304 2.140218 0.498516 1.017000 1.062806 0.024550
393  755.453621 1884.796647 0.752000 0.029213 0.087650 0.000000 0.006054 0.031507 0.000000 2.162440 0.442909 1.017000 1.026834 0.010630
394  751.784752 1886.644901 0.649328 0.063635 -0.177380 -0.017335 -0.180506 0.037451 0.010477 2.102243 0.432673 1.017000 0.986845 -0.018097
403  757.264243 1884.076194 0.688000 -1.079835 1.150326 0.000000 -0.331298 0.368991 0.000000 2.104168 0.437261 1.072000 2.010449 0.023415
410  758.102100 1883.457792 0.688000 0.486964 -0.369294 0.000000 0.111293 -0.052959 0.000000 2.141015 0.384472 1.072000 2.027690 -0.001655
411  750.060849 1888.654484 0.651047 0.391382 0.642365 -0.003022 0.066714 0.195687 0.009198 2.071522 0.462130 1.017000 0.700684 -0.001175
413  749.503805 1888.253548 0.752953 0.017635 0.210016 0.003022 0.062609 0.096706 -0.009198 2.156259 0.500638 1.017000 0.723726 0.015649
424  782.465070 1861.876406 0.564525 0.446485 -0.169007 -0.041532 -0.070462 0.076947 0.014636 2.120051 0.307808 0.956000 1.898410 0.326108
426  786.149355 1832.698899 1.181242 -0.031723 -1.485657 0.031141 -0.099945 -0.270347 0.004692 3.253288 6.071407 2.931000 2.434605 0.014733
438  781.075427 1862.816581 0.617847 0.824816 -0.221658 -0.044679 0.128937 0.055704 -0.001630 2.159880 0.331203 0.956000 0.740609 0.214842

35 14 1542800384.947787
271  710.465677 1917.448493 0.597000 1.163395 -0.188172 0.000000 0.513329 -0.091316 0.000000 2.129011 0.644890 0.899000 0.752178 0.039178
361  706.151811 1897.952594 1.430924 -7.858874 6.567373 0.260461 -0.557625 0.423942 0.078041 2.152372 5.111682 1.919000 2.401898 -0.041131
364  757.377154 1883.943923 0.688000 0.018346 -0.453332 0.000000 -0.016778 -0.216957 0.000000 2.117725 0.385034 1.072000 2.024753 -0.021400
386  753.298944 1885.440937 0.713360 -0.117488 -0.269746 -0.031150 -0.016999 -0.077392 -0.014177 2.136141 0.420300 1.017000 0.975387 -0.047166
393  755.267688 1884.467190 0.752000 -0.218511 -0.371483 0.000000 -0.086193 -0.143564 0.000000 2.142883 0.448484 1.017000 0.982250 -0.025206
394  751.610611 1887.029061 0.651217 -0.230129 0.423765 -0.001162 -0.251953 0.250761 0.014301 2.128157 0.467461 1.017000 1.005227 0.002041
403  756.787219 1884.503734 0.688000 -1.003243 0.973234 0.000000 -0.239981 0.234907 0.000000 2.031861 0.423456 1.072000 1.988226 -0.001260
410  758.270076 1883.300645 0.688000 0.386999 -0.323590 0.000000 0.054431 -0.026559 0.000000 2.058346 0.346479 1.072000 1.973230 -0.039294
411  749.903362 1888.367728 0.652000 -0.051766 -0.102206 0.002037 -0.102553 -0.104938 0.009197 2.114362 0.447851 1.017000 0.715241 0.009511
413  749.460279 1887.931348 0.752000 -0.034925 -0.306595 -0.002037 0.031918 -0.104296 -0.009197 2.122402 0.463496 1.017000 0.708841 -0.000865
424  782.536110 1861.697790 0.568786 0.220305 -0.257038 -0.005656 -0.131152 0.034729 0.023646 2.142433 0.367510 0.956000 1.931356 0.226371
426  786.484794 1833.179980 1.199979 0.348205 -0.065696 0.034029 0.034913 0.216073 0.004787 3.139705 6.289549 2.931000 2.345764 -0.046966
438  780.827048 1862.950384 0.618508 0.003406 0.098731 -0.014529 -0.111996 0.133933 0.006752 2.211803 0.405530 0.956000 0.727113 0.133154
453  780.045139 1864.108489 0.671516 -0.382601 0.024286 -0.039694 -0.065357 0.022916 -0.005866 2.230792 0.457758 0.956000 -0.354759 -0.014776

36 15 1542800385.448218
271  711.167901 1917.332975 0.597000 1.420281 -0.233869 0.000000 0.513329 -0.091316 0.000000 2.129011 0.644890 0.899000 0.771783 0.039178
361  703.028543 1899.566102 1.498931 -7.035269 4.700605 0.204982 -0.152338 -0.340176 0.043295 2.156374 5.019649 1.919000 2.369489 -0.048964
364  758.170720 1884.329667 0.688000 0.997030 0.268691 0.000000 0.351544 0.092973 0.000000 2.140153 0.410949 1.072000 2.011693 -0.023031
386  753.524369 1885.589997 0.701259 0.234130 0.069081 -0.029745 0.115693 0.061723 -0.011045 2.100747 0.428373 1.017000 1.038346 0.012808
393  755.591154 1884.473035 0.752000 0.304379 -0.161777 0.000000 0.122365 -0.039824 0.000000 2.150785 0.455844 1.017000 0.990488 -0.010759
394  751.400578 1886.945018 0.652194 -0.401148 0.105975 0.003764 -0.268509 0.087431 0.013479 2.153850 0.453995 1.017000 1.015148 0.008207
403  756.904382 1884.563384 0.688000 -0.282306 0.490134 0.000000 0.063485 0.018176 0.000000 2.038285 0.485219 1.072000 2.020440 0.021411
410  758.078379 1883.127646 0.688000 -0.081530 -0.342927 0.000000 -0.124455 -0.028740 0.000000 2.075977 0.372476 1.072000 2.026842 0.011285
411  749.554178 1888.176581 0.742421 -0.475826 -0.298515 0.115299 -0.237047 -0.156823 0.048404 2.135850 0.456609 1.017000 0.689286 -0.011690
413  749.937480 1888.141521 0.661579 0.587810 0.124401 -0.115299 0.250853 0.070051 -0.048404 2.130742 0.495478 1.017000 0.680172 -0.020355
424  782.349824 1861.868618 0.571048 -0.174341 0.120876 0.005638 -0.245144 0.159642 0.023459 2.102987 0.387440 0.956000 1.958886 0.167826
426  786.675395 1833.173758 1.216211 0.375905 0.012606 0.034029 0.038459 0.205733 0.003957 3.218805 6.357432 2.931000 2.367128 -0.016361
438  781.014043 1862.691573 0.620165 0.206356 -0.250073 -0.002149 -0.029609 0.001657 0.009615 2.238323 0.413696 0.956000 0.721510 0.085396
453  780.349453 1864.349097 0.645540 0.208039 0.307866 -0.048411 0.100015 0.095106 -0.007400 2.170484 0.454806 0.956000 -0.310270 0.016418
463  709.081667 1879.362269 2.319133 0.359123 -0.741019 -0.189648 0.053131 -0.190889 -0.030702 3.005677 12.434421 4.464000 2.488077 -0.048022

37 15 1542800385.948086
271  711.997628 1917.194765 0.597000 1.676878 -0.279515 0.000000 0.513329 -0.091316 0.000000 2.129011 0.644890 0.899000 0.791367 0.039178
361  699.645053 1902.987500 1.466859 -6.910956 5.897887 0.054816 -0.079151 0.159022 -0.019430 2.156595 4.876102 1.919000 2.534289 0.075600
364  757.674332 1884.373864 0.688000 -0.194380 0.173212 0.000000 -0.156605 0.040211 0.000000 2.206965 0.398722 1.072000 2.002053 -0.021720
386  753.395282 1885.805511 0.700243 -0.054385 0.311180 -0.014431 -0.012100 0.139667 -0.003358 2.153199 0.449564 1.017000 1.009885 -0.011598
393  755.265396 1884.992061 0.752000 -0.276709 0.590842 0.000000 -0.114610 0.245217 0.000000 2.097650 0.426808 1.017000 0.998082 -0.001678
394  751.717275 1887.019164 0.652504 0.199982 0.150658 0.004521 0.002815 0.087792 0.011272 2.109832 0.434742 1.017000 1.043873 0.025443
403  757.352594 1884.086225 0.688000 0.476637 -0.420244 0.000000 0.328717 -0.317178 0.000000 2.082181 0.469306 1.072000 2.006794 0.004387
410  757.766207 1883.326307 0.688000 -0.450539 0.119633 0.000000 -0.236352 0.145208 0.000000 2.102157 0.378930 1.072000 2.006727 -0.006723
411  749.284419 1888.243312 0.757757 -0.564697 -0.057245 0.071659 -0.226243 -0.040234 0.023663 2.106539 0.521242 1.017000 0.670495 -0.020742
413  750.216902 1888.301691 0.646243 0.620882 0.262757 -0.071659 0.217181 0.107742 -0.023663 2.142375 0.487821 1.017000 0.722670 0.016471
424  782.579618 1861.739443 0.571815 0.175121 -0.085506 0.007871 -0.076541 0.057416 0.020068 2.069036 0.421707 0.956000 1.927943 0.087836
426  787.139417 1832.992003 1.232208 0.733634 -0.183670 0.033553 0.159394 0.098870 0.003080 3.253882 6.360898 2.931000 2.336828 -0.031857
438  781.153671 1862.583716 0.621033 0.245947 -0.228233 0.002279 -0.010953 0.008864 0.009486 2.251081 0.416384 0.956000 0.793616 0.105668
453  780.255624 1864.083225 0.620860 -0.016384 -0.192983 -0.050564 0.013649 -0.077485 -0.006913 2.227744 0.486461 0.956000 -0.341140 -0.009660
463  709.547070 1880.428782 2.327918 0.703510 0.885191 -0.076293 0.132607 0.239618 0.001481 3.133934 12.587786 4.464000 2.417560 -0.074111

38 15 1542800386.398207
271  712.848828 1917.051800 0.597000 1.907938 -0.320618 0.000000 0.513329 -0.091316 0.000000 2.129011 0.644890 0.899000 0.809002 0.039178
361  695.765025 1904.124992 1.417671 -7.866668 4.082539 -0.039564 -0.407627 -0.514623 -0.050002 2.242853 5.000835 1.919000 2.514803 0.040561
364  757.342416 1884.251495 0.688000 -0.544382 -0.078937 0.000000 -0.257980 -0.057805 0.000000 2.194925 0.414390 1.072000 2.030708 0.004958
386  753.506936 1886.040415 0.701029 0.119957 0.463167 -0.005665 0.052809 0.171842 0.000353 2.147208 0.388807 1.017000 0.983325 -0.026408
393  755.742012 1884.316253 0.752000 0.480578 -0.581944 0.000000 0.177416 -0.218040 0.000000 2.095282 0.444911 1.017000 0.994778 -0.003447
394  751.372097 1886.743778 0.652509 -0.364754 -0.277059 0.004208 -0.201528 -0.080892 0.009328 2.191107 0.378136 1.017000 1.086780 0.047275
403  757.568872 1883.696240 0.688000 0.546751 -0.746297 0.000000 0.300811 -0.382881 0.000000 2.091044 0.429181 1.072000 1.980411 -0.015285
410  757.991412 1883.588643 0.688000 0.055998 0.420123 0.000000 -0.016632 0.229496 0.000000 2.122035 0.423708 1.072000 1.991492 -0.015193
411  749.831212 1888.268214 0.667608 0.427859 0.000191 -0.082274 0.166073 -0.013152 -0.035337 2.156129 0.531428 1.017000 0.637558 -0.037114
413  750.001721 1888.443095 0.736392 0.023908 0.315014 0.082274 -0.031866 0.109090 0.035337 2.146272 0.531793 1.017000 0.653223 -0.036849
424  782.226100 1861.784665 0.571893 -0.400574 0.034775 0.007537 -0.268212 0.090859 0.016751 2.058284 0.478365 0.956000 1.913473 0.050422
426  787.394894 1833.189307 1.207034 0.669701 0.199657 -0.018014 0.111347 0.218856 -0.015672 3.269056 6.378063 2.931000 2.362917 -0.003757
438  781.032256 1862.631640 0.621314 -0.055832 -0.032001 0.003290 -0.113771 0.075450 0.008357 2.272996 0.443941 0.956000 0.733571 0.031419
453  780.473577 1863.988477 0.618292 0.275242 -0.219315 -0.026136 0.108284 -0.074652 0.002216 2.244069 0.487845 0.956000 -0.291023 0.027475
463  708.946583 1880.792673 2.504976 -0.356941 0.898458 0.175404 -0.193253 0.212101 0.074508 3.117826 12.650877 4.464000 2.447130 -0.035213

39 15 1542800386.898102
361  691.737397 1906.045747 1.386226 -8.070438 3.825282 -0.064560 -0.407627 -0.514623 -0.050002 2.242853 5.000835 1.919000 2.535080 0.040561
364  757.452383 1884.405668 0.688000 -0.100552 0.160396 0.000000 -0.045351 0.041766 0.000000 2.288080 0.395015 1.072000 2.005569 -0.014986
386  753.328512 1885.818945 0.701652 -0.178182 -0.089235 -0.001122 -0.067336 -0.064461 0.001969 2.061739 0.429374 1.017000 1.055935 0.035556
393  755.167780 1884.695631 0.752000 -0.538625 0.242585 0.000000 -0.232729 0.127555 0.000000 2.107671 0.449426 1.017000 1.008307 0.007567
394  751.400160 1887.321416 0.652448 -0.132267 0.633952 0.003250 -0.078165 0.271337 0.007247 2.089689 0.435000 1.017000 0.976676 -0.049297
403  757.859199 1882.855873 0.748729 0.628326 -1.426615 0.078559 0.275447 -0.563126 0.028962 2.059135 0.412643 1.072000 1.988944 -0.003608
410  757.688769 1884.049397 0.688000 -0.375007 0.789924 0.000000 -0.172462 0.323533 0.000000 2.085850 0.423263 1.072000 1.982398 -0.016275
411  750.083850 1888.265240 0.618234 0.510878 -0.006384 -0.099939 0.166073 -0.013152 -0.035337 2.156129 0.531428 1.017000 0.619004 -0.037114
413  750.076863 1888.651290 0.664519 0.099340 0.402230 -0.056905 0.001816 0.121139 -0.022485 2.209923 0.426122 1.017000 0.514897 -0.123419
424  782.319183 1861.690952 0.571804 -0.074756 -0.090756 0.005876 -0.099855 0.028278 0.013077 2.094112 0.551618 0.956000 1.902649 0.024420
426  787.468063 1833.106811 1.170473 0.353703 0.007472 -0.056733 -0.024716 0.108445 -0.026979 3.288758 6.402265 2.931000 2.352389 -0.010007
438  781.111772 1863.040829 0.621368 0.060076 0.531354 0.002901 -0.051287 0.265540 0.006706 2.200458 0.500541 0.956000 0.778743 0.052655
453  780.240841 1864.075225 0.619551 -0.178997 0.018119 -0.007285 -0.071473 0.022499 0.008490 2.251065 0.523360 0.956000 -0.357236 -0.029910
463  708.723055 1881.291301 2.610046 -0.453547 1.004486 0.212651 -0.193253 0.212101 0.074508 3.117826 12.650877 4.464000 2.429527 -0.035213
504  807.956243 1806.187295 0.137587 -1.392677 2.188804 0.151671 -0.165995 0.286430 0.022865 2.147047 4.546008 1.691000 2.577476 0.096322

40 15 1542800387.397971
361  687.608105 1907.837784 1.342285 -8.274198 3.568037 -0.089554 -0.407627 -0.514623 -0.050002 2.242853 5.000835 1.919000 2.555355 0.040561
364  757.598700 1883.866433 0.688000 0.141774 -0.623520 0.000000 0.054612 -0.261824 0.000000 2.213475 0.470401 1.072000 1.949967 -0.049463
386  753.223730 1885.759295 0.701551 -0.211841 -0.121457 -0.000138 -0.067336 -0.064461 0.001969 2.061739 0.429374 1.017000 1.073708 0.035556
393  755.256477 1885.370509 0.752000 -0.127764 0.976251 0.000000 -0.034180 0.379851 0.000000 2.167247 0.454685 1.017000 0.984287 -0.012357
394  751.315802 1887.701633 0.655764 -0.171339 0.769585 0.006873 -0.078165 0.271337 0.007247 2.089689 0.435000 1.017000 0.952033 -0.049297
403  759.130427 1883.356469 0.818515 1.907358 0.011381 0.123405 0.704228 0.082852 0.040371 2.106623 0.432048 1.072000 1.978824 -0.009567
410  757.461066 1884.519761 0.688000 -0.461215 0.951648 0.000000 -0.172462 0.323533 0.000000 2.085850 0.423263 1.072000 1.974262 -0.016275
411  750.377980 1888.258979 0.560030 0.593893 -0.012958 -0.117603 0.166073 -0.013152 -0.035337 2.156129 0.531428 1.017000 0.600452 -0.037114
413  750.126943 1888.880624 0.630826 0.100248 0.462784 -0.068145 0.001816 0.121139 -0.022485 2.209923 0.426122 1.017000 0.453204 -0.123419
424  782.425574 1861.697307 0.571644 0.088741 -0.018980 0.004558 -0.020012 0.049843 0.010139 2.102751 0.562104 0.956000 1.955869 0.053804
426  787.434183 1832.479898 1.119689 0.079573 -0.776283 -0.090822 -0.122663 -0.205092 -0.034688 3.304713 6.400239 2.931000 2.333334 -0.020081
438  780.760589 1863.023981 0.621322 -0.436710 0.224607 0.002346 -0.226321 0.102270 0.005254 2.216374 0.488977 0.956000 0.778311 0.033497
453  780.186704 1863.816208 0.620703 -0.148483 -0.318697 0.000540 -0.047166 -0.105219 0.009804 2.287695 0.517981 0.956000 -0.367789 -0.026765
463  708.140333 1881.139753 2.884468 -0.840284 0.454326 0.390561 -0.282170 0.011003 0.117618 3.086942 12.631670 4.464000 2.276078 -0.113264
504  805.022705 1807.503732 0.132695 -4.043864 2.513591 0.062593 -0.791685 0.330675 -0.001622 2.086977 4.517990 1.691000 2.603602 0.083919

41 15 1542800387.897823
361  683.377078 1909.501148 1.285849 -8.477951 3.310802 -0.114548 -0.407627 -0.514623 -0.050002 2.242853 5.000835 1.919000 2.575630 0.040561
364  757.226759 1883.350647 0.688000 -0.412782 -0.937041 0.000000 -0.166209 -0.331141 0.000000 2.227182 0.350747 1.072000 1.986377 -0.005934
386  753.102123 1885.683537 0.701942 -0.245499 -0.153678 0.000847 -0.067336 -0.064461 0.001969 2.061739 0.429374 1.017000 1.091480 0.035556
393  755.184636 1885.947157 0.752000 -0.144849 1.166121 0.000000 -0.034180 0.379851 0.000000 2.167247 0.454685 1.017000 0.978111 -0.012357
394  751.211912 1888.149649 0.660891 -0.210410 0.905214 0.010496 -0.078165 0.271337 0.007247 2.089689 0.435000 1.017000 0.927392 -0.049297
403  760.248210 1883.381498 0.889623 2.259368 0.052795 0.143585 0.704228 0.082852 0.040371 2.106623 0.432048 1.072000 1.974042 -0.009567
410  757.716612 1883.077014 0.877490 -0.034117 -0.831188 0.184796 0.000941 -0.333368 0.062427 2.080419 0.433725 1.072000 2.049397 0.033714
411  750.713605 1888.249432 0.492997 0.676905 -0.019532 -0.135267 0.166073 -0.013152 -0.035337 2.156129 0.531428 1.017000 0.581900 -0.037114
413  750.177477 1889.140224 0.591515 0.101156 0.523335 -0.079384 0.001816 0.121139 -0.022485 2.209923 0.426122 1.017000 0.391513 -0.123419
424  782.707563 1861.908044 0.571503 0.387966 0.272137 0.003518 0.096769 0.150375 0.007832 2.048246 0.598359 0.956000 1.942875 0.025405
426  787.816606 1832.625400 1.158313 0.492097 -0.136800 0.009402 0.056299 0.075152 0.009714 3.344393 6.371353 2.931000 2.345334 -0.004388
438  780.489469 1863.160124 0.623721 -0.549837 0.275727 0.004973 -0.226321 0.102270 0.005254 2.216374 0.488977 0.956000 0.795054 0.033497
453  780.101474 1863.632345 0.623262 -0.172059 -0.371291 0.005441 -0.047166 -0.105219 0.009804 2.287695 0.517981 0.956000 -0.381168 -0.026765
463  709.272030 1881.032243 2.923199 0.945200 0.058254 0.230272 0.409315 -0.133133 0.038984 3.066077 12.546616 4.464000 2.429484 0.021863
504  801.329079 1808.777527 0.256761 -6.306527 2.603803 0.178704 -1.375941 0.307180 0.034969 2.047760 4.485248 1.691000 2.595070 0.050042

