41
1  14  1542800367.947576
608.858751 2011.052220 -1.557497
1  624.793449 1962.665288 1.036000  1.775820 4.935345 1.673000  2.442492
2  610.938903 2024.870728 0.253000  2.291347 4.466672 1.636000  -2.143238
3  615.394034 1981.131237 0.787000  1.956551 4.960282 1.749000  2.423754
4  616.102711 2038.585179 -0.469000  2.162398 4.556085 1.679000  0.981765
5  598.297939 1999.509063 0.850000  2.104508 4.876703 1.595000  1.999452
6  595.579096 2024.182869 1.163000  2.272465 5.241465 2.121000  0.035710
7  597.300845 2007.001496 0.863000  1.966774 4.394056 1.564000  1.522455
8  627.095069 1977.999423 0.976000  2.079509 4.481472 1.570000  -0.529473
9  616.633787 1996.568290 0.788000  2.130177 4.510368 1.650000  -0.719964
10  600.611702 2016.356621 0.893000  1.902682 4.573506 1.638000  1.127908
11  608.244756 2021.138796 0.511000  1.856040 4.225869 1.544000  -2.174418
12  630.746627 2057.525207 -2.321000  1.927681 4.806152 1.553000  0.935650
13  628.220644 1969.320174 1.056000  1.683280 4.751615 1.641000  2.446101
14  640.589941 1970.412260 1.143000  1.940416 4.699626 1.490000  -0.847021

2  16  1542800368.447460
609.227471 2007.957511 -1.320414
1  619.739883 1969.043906 0.736000  1.793225 5.295483 1.673000  2.374958
2  643.378004 1956.762684 0.186000  1.727276 4.886729 1.613000  2.311130
3  610.922266 2024.528830 0.303000  2.039159 4.237223 1.636000  -2.162581
4  643.695072 1945.671870 0.736000  2.848404 4.764595 1.792000  2.431828
5  612.760775 1984.112347 0.810000  2.370111 4.827648 1.749000  2.329888
6  619.105908 2042.684159 -1.204000  2.291080 4.637252 1.679000  1.000705
7  597.561942 2002.562268 0.999000  1.899072 5.012473 1.595000  1.741843
8  595.742688 2024.111190 1.363000  2.128647 5.255708 2.121000  0.080806
9  597.957249 2009.457703 0.984000  1.825621 4.502762 1.564000  1.409610
10  632.135122 1973.868901 1.028000  2.008685 4.793455 1.570000  -0.691035
11  589.066771 2026.227769 1.541000  2.132047 4.432762 1.718000  -0.488551
12  619.360767 1994.067355 0.600000  2.244560 4.501148 1.650000  -0.670623
13  602.538447 2019.006722 0.943000  2.078212 4.609989 1.638000  1.045364
14  607.993119 2021.103098 0.511000  1.854758 4.069557 1.544000  -2.099309
15  633.211151 2062.211378 -2.721000  1.926205 5.030184 1.553000  1.042732
16  624.889872 1973.105927 0.772000  2.212609 4.538784 1.641000  2.420460

3  18  1542800368.948430
610.384463 2004.811594 -1.098554
1  613.415456 1974.765589 0.786000  2.081892 4.881410 1.673000  2.422445
2  681.092881 1919.312639 0.626000  2.111603 5.143535 1.582000  2.460252
3  640.500182 1960.353181 0.337000  2.438317 4.773886 1.613000  2.461747
4  610.785664 2025.378580 0.175000  1.918404 4.701133 1.636000  -2.130902
5  538.982390 2058.757750 2.780000  1.711622 4.840085 1.844000  -0.707601
6  636.597107 1951.817579 0.736000  2.116340 4.767504 1.792000  2.308541
7  609.512616 1987.304602 0.833000  2.254593 4.977176 1.749000  2.313439
8  622.153649 2048.446551 -1.941000  2.172351 4.268559 1.679000  0.964580
9  597.189900 2005.312317 1.149000  2.007451 5.203850 1.595000  1.544964
10  596.238480 2024.534325 1.363000  2.212237 5.325200 2.121000  -0.064037
11  599.463529 2012.752383 0.999000  2.076523 4.380838 1.564000  1.204506
12  636.826389 1969.150970 0.328000  1.730430 4.779735 1.570000  -0.705261
13  588.559179 2026.444526 1.642000  2.205946 4.475149 1.718000  -0.562766
14  622.888465 1991.108324 0.513000  2.140852 4.498450 1.650000  -0.733066
15  604.528913 2022.035568 0.929000  2.124093 4.747959 1.638000  0.923960
16  607.428664 2020.987427 0.628000  1.779531 4.148760 1.544000  -2.142985
17  647.660058 1952.923181 0.447000  2.224545 4.233514 1.592000  2.551388
18  621.799327 1975.594143 0.689000  2.187442 4.551270 1.641000  2.378940

4  18  1542800369.448339
612.235641 2001.769059 -0.917523
1  606.940040 1980.869824 0.736000  1.701195 5.010986 1.673000  2.390990
2  678.264923 1919.655820 0.637000  1.990537 4.868707 1.582000  2.276978
3  637.233836 1961.647994 0.487000  1.913235 5.028204 1.613000  2.388776
4  610.695573 2025.097419 0.298000  2.274325 4.286973 1.636000  -2.102014
5  549.507060 2055.202810 2.929000  1.778133 4.603613 1.844000  -0.785622
6  631.642838 1956.932830 0.537000  2.045091 4.899379 1.792000  2.266775
7  605.572622 1990.170776 0.856000  2.112586 5.079571 1.749000  2.463481
8  656.559679 1941.911478 0.660000  2.199118 4.401022 1.659000  1.917056
9  597.599971 2008.239671 1.249000  2.060773 5.121411 1.595000  1.491704
10  595.062209 2024.322450 1.488000  2.008995 5.115993 2.121000  -0.036406
11  601.458476 2016.219870 1.031000  1.959314 4.246169 1.564000  1.104618
12  641.467325 1964.618336 0.279000  1.770880 4.255849 1.570000  -0.779216
13  589.016307 2026.174854 1.742000  2.091444 4.410421 1.718000  -0.526440
14  626.579917 1987.235058 0.525000  2.161478 4.496065 1.650000  -0.768364
15  606.002701 2025.903172 0.965000  1.938283 4.761600 1.638000  0.967111
16  607.740673 2021.132776 0.745000  1.854410 4.175359 1.544000  -2.191334
17  645.544632 1954.614996 0.448000  1.655580 4.862690 1.592000  2.315483
18  618.420199 1978.844940 0.731000  2.365191 4.678096 1.641000  2.339386

5  20  1542800369.949334
614.784636 1998.776777 -0.793150
1  601.244327 1986.798611 1.049000  2.092573 4.833301 1.673000  2.363631
2  674.193605 1921.791939 0.648000  2.997937 3.614883 1.582000  2.450760
3  634.977115 1964.120483 0.637000  2.387542 4.805894 1.613000  2.441993
4  610.654581 2025.406252 0.598000  1.970993 4.522255 1.636000  -2.162302
5  556.885451 2048.160918 2.729000  2.437565 4.122263 1.844000  -0.641408
6  625.940600 1961.845635 0.736000  2.300088 4.507952 1.792000  2.250510
7  603.552508 1992.738894 1.051000  2.393917 5.089560 1.749000  2.386509
8  654.658248 1945.622374 0.699000  2.319611 4.957291 1.659000  2.378998
9  598.299326 2010.730435 1.249000  2.102759 5.167163 1.595000  1.350886
10  595.202910 2023.936648 1.613000  1.890599 5.277835 2.121000  0.008925
11  651.172259 1942.621235 0.139000  1.914130 5.625395 2.000000  2.629158
12  603.042023 2019.078417 1.062000  1.975895 4.457993 1.564000  1.018201
13  646.765323 1960.503029 0.231000  2.404093 4.641342 1.570000  -0.714563
14  589.060606 2026.282573 1.792000  2.065451 4.531290 1.718000  -0.554612
15  629.882687 1984.125905 0.450000  2.014142 4.678304 1.650000  -0.779798
16  607.835453 2028.601625 0.751000  2.002487 4.508249 1.638000  0.934962
17  665.514592 1934.205151 0.425000  1.915764 4.943210 1.615000  2.341991
18  607.717113 2021.615816 0.861000  1.561989 4.045978 1.544000  -2.162824
19  644.281227 1956.388214 0.497000  1.977560 5.144280 1.592000  2.470207
20  614.564873 1981.801820 0.773000  2.197203 4.576803 1.641000  2.354336

6  21  1542800370.450291
617.830057 1995.731590 -0.756233
1  594.808673 1992.086403 1.129000  2.215249 4.858014 1.673000  2.386628
2  672.913983 1926.221594 0.660000  1.589384 4.376247 1.582000  2.106431
3  631.673999 1966.974904 0.687000  2.225931 4.811717 1.613000  2.333958
4  610.556503 2025.273337 0.798000  2.168339 4.587942 1.636000  -2.181948
5  558.487468 2047.866979 2.880000  2.026395 4.826523 1.844000  -0.627838
6  619.262020 1968.774949 0.836000  2.324664 4.790206 1.792000  2.313090
7  600.536752 1995.605008 1.210000  2.118670 4.981284 1.749000  2.218685
8  651.000997 1947.788494 0.738000  2.672044 4.591926 1.659000  2.550130
9  599.508519 2014.210666 1.249000  1.994763 4.923516 1.595000  1.140978
10  595.599845 2023.966176 1.764000  2.301555 5.161258 2.121000  0.090405
11  644.993671 1948.105069 0.659000  2.208611 6.382840 2.000000  2.393745
12  604.928087 2021.982856 1.094000  1.927327 4.423938 1.564000  1.013925
13  650.922714 1954.946639 0.432000  1.904395 4.438127 1.570000  -0.843875
14  589.268479 2026.285757 1.917000  2.163590 4.791707 1.718000  -0.602832
15  633.499500 1980.654301 0.409000  2.198976 4.612155 1.650000  -0.779966
16  610.663919 2031.948081 0.537000  1.880888 4.476272 1.638000  0.945697
17  662.127859 1936.488905 0.513000  2.069867 4.362259 1.615000  2.318117
18  607.935493 2021.190469 0.978000  1.857826 4.045540 1.544000  -2.167715
19  641.864762 1956.825519 0.714000  1.812359 4.970033 1.592000  2.373130
20  611.736027 1985.008050 0.906000  2.192071 4.502705 1.641000  2.395941
21  657.118675 1931.310665 0.720000  1.900731 5.202757 1.918000  2.448048

7  21  1542800370.949037
621.237699 1992.493032 -0.746249
1  588.612507 1997.994961 1.472000  1.980296 5.171911 1.673000  2.436430
2  669.761556 1927.437512 0.671000  1.312922 4.437086 1.582000  2.365342
3  628.486583 1969.398197 0.787000  2.245455 4.874223 1.613000  2.418131
4  610.622414 2025.953728 0.847000  1.829490 4.450029 1.636000  -2.148030
5  562.585308 2047.561437 3.029000  1.597304 4.106224 1.844000  -0.832747
6  612.367957 1975.376479 0.961000  2.251427 4.892594 1.792000  2.370813
7  600.780207 1998.921053 1.368000  2.264508 5.212800 1.749000  2.112874
8  648.618248 1949.965202 0.777000  2.210252 4.967370 1.659000  2.427663
9  601.354867 2017.471881 1.267000  1.983035 5.317812 1.595000  1.084824
10  595.467593 2024.582743 1.863000  1.981721 5.401849 2.121000  0.058261
11  639.202693 1953.733894 0.678000  2.005741 6.238768 2.000000  2.479737
12  699.556990 1899.715327 0.378000  2.158410 4.529882 1.651000  2.276552
13  687.320494 1902.121597 0.384000  2.181433 5.953195 1.719000  2.639718
14  658.230251 1950.879789 0.633000  2.157670 4.245256 1.570000  -1.001962
15  588.750379 2025.742864 2.042000  2.461558 4.595522 1.718000  -0.573501
16  637.639571 1977.440792 0.467000  2.128725 4.560636 1.650000  -0.719626
17  660.662465 1938.457512 0.626000  1.882261 5.133323 1.615000  2.096561
18  607.665231 2020.805846 1.094000  1.569739 4.262731 1.544000  -2.126469
19  639.031720 1959.540208 0.831000  1.805589 4.905263 1.592000  2.446839
20  608.592189 1987.788570 1.039000  1.933810 4.586024 1.641000  2.371118
21  652.473286 1933.541388 0.898000  1.857234 4.505211 1.918000  2.373731

8  22  1542800371.448359
624.940162 1989.017849 -0.740234
1  582.315218 2004.322401 1.615000  1.864675 4.879522 1.673000  2.326130
2  669.619578 1928.800801 0.732000  2.406830 4.381274 1.582000  2.066440
3  625.871666 1972.580121 0.886000  2.069994 5.090452 1.613000  2.404456
4  564.272542 2043.103819 3.178000  3.123619 4.880836 1.844000  -0.899286
5  606.506601 1981.153683 1.085000  2.148234 4.681056 1.792000  2.445083
6  597.786267 2001.445354 1.476000  2.350260 4.971273 1.749000  2.081314
7  646.322567 1953.957786 0.865000  2.386341 5.137874 1.659000  2.262774
8  603.973640 2020.878601 1.184000  2.247233 5.123805 1.595000  1.039964
9  595.765181 2024.149072 1.913000  2.448934 5.524364 2.121000  0.063735
10  630.741194 1962.828460 0.948000  1.971773 5.763119 2.000000  2.389456
11  695.883592 1900.401764 0.628000  2.012169 4.843321 1.651000  2.487281
12  683.244693 1909.558431 0.507000  2.034596 4.254916 1.719000  2.202861
13  662.268204 1945.360536 0.583000  1.704199 4.567772 1.570000  -0.816084
14  589.080195 2026.461785 2.142000  2.154476 4.868124 1.718000  -0.449493
15  641.399002 1974.118854 0.525000  2.140662 4.593371 1.650000  -0.735469
16  666.206039 1925.964248 0.629000  1.763491 4.042724 1.614000  2.276008
17  657.902543 1941.207932 0.689000  1.817978 4.868145 1.615000  2.358231
18  608.244350 2020.836959 1.111000  1.842254 4.407299 1.544000  -2.151746
19  678.315378 1916.688934 0.441000  2.502607 5.103999 1.687000  2.165451
20  635.864003 1962.020510 0.897000  2.264471 4.962040 1.592000  2.395653
21  605.350486 1990.407640 1.173000  2.176963 4.545806 1.641000  2.339771
22  649.315350 1937.331065 0.977000  1.624940 4.972222 1.918000  2.369814

9  22  1542800371.948272
628.804714 1985.446999 -0.738260
1  576.023137 2008.922592 1.959000  1.675295 5.008311 1.673000  2.394518
2  667.391700 1931.772947 0.644000  1.904428 3.929678 1.582000  2.254356
3  622.407183 1974.641465 1.086000  2.020173 4.823763 1.613000  2.421499
4  569.723050 2043.141937 3.228000  1.431400 4.462158 1.844000  -0.533203
5  600.070524 1987.527434 1.343000  2.311877 4.703213 1.792000  2.325591
6  597.071308 2004.278939 1.700000  2.150933 5.334295 1.749000  2.039911
7  643.769205 1957.114853 0.954000  2.384861 4.583754 1.659000  2.343190
8  595.599385 2023.537662 1.963000  2.152391 5.175369 2.121000  0.042655
9  625.922244 1966.583344 1.217000  2.174624 5.779735 2.000000  2.414322
10  694.114341 1904.902525 0.678000  1.916250 4.954917 1.651000  2.377921
11  677.655235 1913.793515 0.630000  2.244236 4.916994 1.719000  2.267900
12  667.972737 1939.739509 0.534000  1.983022 5.022241 1.570000  -0.759234
13  587.977345 2026.291101 2.242000  2.282591 4.919014 1.718000  -0.453535
14  645.634399 1969.570920 0.625000  2.178037 4.689101 1.650000  -0.690976
15  660.599943 1931.659503 0.711000  2.271473 5.053250 1.614000  2.358956
16  655.453690 1943.356339 0.731000  2.063328 4.696899 1.615000  2.258710
17  608.163590 2020.642827 1.327000  1.990828 4.037813 1.544000  -2.157371
18  674.228339 1920.166584 0.626000  1.817000 4.731949 1.687000  2.182869
19  633.310268 1964.514291 0.997000  1.876970 5.026079 1.592000  2.361858
20  602.979046 1993.265132 1.373000  2.140232 4.594264 1.641000  2.420996
21  666.782527 1920.601673 0.597000  2.541413 4.069858 1.790000  2.367910
22  645.398439 1940.331003 1.055000  1.766026 4.874798 1.918000  2.472323

10  22  1542800372.397808
632.467505 1982.078368 -0.737017
1  569.763218 2014.622381 2.127000  1.842588 4.690362 1.673000  2.373457
2  664.859458 1933.583028 0.788000  1.894297 4.686808 1.582000  2.415459
3  619.977751 1977.655965 1.086000  2.203309 4.967592 1.613000  2.300176
4  570.955295 2039.013076 3.073000  2.270366 4.366667 1.844000  -0.734988
5  593.510001 1992.837842 1.575000  2.089095 4.497156 1.792000  2.270044
6  596.764358 2006.842006 1.732000  2.105302 5.371923 1.749000  1.951178
7  640.279522 1958.466935 1.017000  1.995138 4.904966 1.659000  2.275598
8  595.762269 2023.353806 1.995000  1.868436 5.079486 2.121000  0.135924
9  619.776936 1972.405460 1.267000  2.091133 5.675568 2.000000  2.395024
10  692.312098 1904.207906 0.723000  1.707080 5.142293 1.651000  2.412820
11  676.020085 1918.646196 0.735000  2.640588 4.567120 1.719000  2.201432
12  673.576427 1935.783139 0.790000  2.266072 4.667043 1.570000  -0.902586
13  588.832411 2026.900756 2.298000  2.017210 4.379958 1.718000  -0.390786
14  649.745194 1966.128198 0.575000  2.175042 4.627791 1.650000  -0.755486
15  656.598769 1936.028550 0.834000  2.447628 4.233997 1.614000  2.532245
16  652.997310 1944.768310 0.769000  1.898920 4.984108 1.615000  2.354605
17  608.133722 2021.424739 1.432000  1.976449 3.978208 1.544000  -2.126448
18  669.615595 1923.204487 0.792000  2.376499 4.274081 1.687000  2.458271
19  630.901276 1966.444886 0.997000  2.065885 5.093230 1.592000  2.410746
20  601.353922 1995.382313 1.573000  2.041524 4.720075 1.641000  2.355224
21  661.562688 1921.515137 0.700000  2.149981 4.992278 1.790000  2.280729
22  642.082147 1944.047315 1.131000  1.871468 4.791948 1.918000  2.327467

11  22  1542800372.948008
637.069856 1977.823420 -0.739379
1  662.927231 1936.345644 0.944000  2.430445 4.239853 1.582000  2.282143
2  616.455897 1981.225765 1.265000  2.301643 4.667706 1.613000  2.375539
3  573.588799 2037.202487 2.883000  2.153258 4.267136 1.844000  -0.597256
4  587.497436 1999.633589 1.782000  2.347471 4.380571 1.792000  2.271196
5  598.041382 2010.114861 1.868000  2.063158 4.513293 1.749000  1.963716
6  669.270989 1917.728919 0.847000  1.913198 4.207609 1.763000  2.508769
7  637.074984 1962.299216 0.982000  2.314592 4.702128 1.659000  2.355219
8  596.726298 2023.265011 2.034000  2.735880 5.449205 2.121000  0.053257
9  612.001804 1979.798572 1.367000  2.223035 5.776582 2.000000  2.429412
10  689.351518 1908.911988 0.778000  1.650744 5.244574 1.651000  2.422043
11  672.670364 1926.388942 0.975000  2.444493 5.218634 1.719000  2.151852
12  680.945247 1927.908561 0.903000  1.880904 4.478123 1.570000  -0.823436
13  589.005954 2026.238084 2.366000  2.160831 4.728750 1.718000  -0.437867
14  654.562986 1961.620435 0.595000  2.224452 4.493920 1.650000  -0.757320
15  651.257005 1940.592630 0.925000  2.170894 4.869800 1.614000  2.490713
16  650.721877 1948.439793 0.903000  2.128050 4.738076 1.615000  2.364862
17  608.103205 2020.235845 1.560000  1.544663 3.927670 1.544000  -2.125840
18  664.851690 1927.323855 0.995000  2.213235 5.001704 1.687000  2.464188
19  628.195001 1969.427017 1.172000  2.034811 5.134766 1.592000  2.362609
20  598.456861 1998.481794 1.681000  2.219589 4.662405 1.641000  2.367643
21  658.985773 1925.337825 0.826000  2.228045 4.546180 1.790000  2.429241
22  637.571076 1948.455258 1.162000  2.199994 4.602181 1.918000  2.443686

12  23  1542800373.447883
641.349321 1973.876850 -0.740492
1  660.233516 1937.731499 0.994000  2.224582 4.260648 1.582000  2.263539
2  613.029211 1983.916392 1.427000  2.151235 4.771677 1.613000  2.367110
3  577.387519 2037.396949 2.810000  2.697155 4.552652 1.844000  -0.656385
4  580.816244 2005.475365 1.971000  2.182481 4.846081 1.792000  2.373453
5  687.849164 1907.149369 0.813000  1.964570 4.953617 1.611000  2.226599
6  598.128368 2013.788939 1.944000  2.563592 4.819236 1.749000  1.639740
7  665.308344 1920.680426 0.934000  1.974220 4.569473 1.763000  2.405282
8  633.745534 1965.508314 1.132000  2.162364 4.944391 1.659000  2.393242
9  597.187380 2023.322408 2.069000  1.900286 5.269902 2.121000  -0.102409
10  603.358853 1985.991623 1.512000  2.332857 5.687969 2.000000  2.390453
11  689.239322 1910.519660 0.828000  2.197844 5.189423 1.651000  2.372294
12  670.151601 1928.186447 0.975000  2.217936 4.924657 1.719000  2.345178
13  689.061237 1921.807713 0.855000  2.388944 4.638084 1.570000  -0.868485
14  589.083299 2025.141103 2.428000  2.276697 4.237525 1.718000  -0.601124
15  659.505118 1957.540762 0.613000  1.987711 4.723154 1.650000  -0.805249
16  644.648476 1945.561845 0.911000  2.240099 4.822286 1.614000  2.386991
17  646.701394 1951.394513 1.024000  1.986596 4.873901 1.615000  2.346263
18  607.889254 2020.695591 1.677000  1.781948 4.026999 1.544000  -2.066716
19  659.384291 1931.809733 1.045000  1.856798 4.767399 1.687000  2.466609
20  624.769109 1972.560760 1.330000  2.120779 5.032686 1.592000  2.369109
21  598.086517 2000.135883 1.827000  2.198580 4.832187 1.641000  2.331287
22  655.296138 1930.576800 0.940000  2.191673 5.172175 1.790000  2.265684
23  633.129895 1952.559064 1.191000  1.918177 4.840598 1.918000  2.344778

13  21  1542800373.947765
645.821314 1969.682367 -0.745152
1  658.299913 1940.449673 1.044000  2.068796 4.525178 1.582000  2.319021
2  609.729586 1987.211505 1.736000  1.955928 4.878957 1.613000  2.445404
3  699.904822 1901.035254 0.870000  2.361904 5.724581 1.536000  2.355232
4  573.446471 2010.520605 2.160000  2.414397 5.194278 1.792000  2.614731
5  683.232991 1913.488650 0.928000  2.474814 5.224300 1.611000  2.585172
6  599.330592 2016.766388 2.193000  2.397532 5.382056 1.749000  1.931990
7  661.468697 1924.431978 1.022000  1.903131 4.988394 1.763000  2.316115
8  630.964233 1968.251120 1.332000  2.532085 4.881970 1.659000  2.364236
9  687.058503 1911.707302 0.878000  2.348762 5.336679 1.651000  2.358652
10  667.876029 1930.248162 0.975000  2.116674 4.895704 1.719000  2.359420
11  692.273003 1917.291574 0.808000  2.210048 4.609707 1.570000  -0.903835
12  590.082109 2026.194667 2.431000  2.283132 4.995385 1.718000  -0.600651
13  663.532135 1953.188958 0.578000  2.074708 4.552535 1.650000  -0.708450
14  639.395194 1951.217198 0.997000  2.063479 4.800735 1.614000  2.388253
15  644.051251 1954.223564 1.074000  2.210665 4.936774 1.615000  2.383615
16  608.655871 2020.828372 1.793000  1.610802 4.180903 1.544000  -2.089679
17  655.530892 1935.804790 1.095000  1.898177 4.654732 1.687000  2.396876
18  621.966868 1975.503141 1.489000  2.046234 4.777415 1.592000  2.294427
19  596.917696 2002.282954 1.973000  1.848373 4.688181 1.641000  2.382324
20  651.681188 1934.320853 1.054000  2.343071 4.818176 1.790000  2.486211
21  628.765109 1956.113751 1.291000  1.983270 4.812510 1.918000  2.343437

14  20  1542800374.447637
650.316483 1965.502417 -0.743372
1  655.803242 1943.007366 1.044000  2.080797 4.260779 1.582000  2.355498
2  606.878861 1990.539722 1.836000  1.956419 4.928931 1.613000  2.346306
3  697.705710 1905.156915 1.020000  2.107187 4.640418 1.536000  2.409512
4  565.583472 2018.725981 2.349000  1.456902 4.768725 1.792000  2.474131
5  676.566193 1917.230419 1.043000  2.206934 5.164194 1.611000  2.519337
6  657.688041 1927.762164 1.109000  2.037109 4.489189 1.763000  2.294241
7  627.758785 1971.370351 1.532000  2.016908 4.871030 1.659000  2.425531
8  685.302379 1914.183583 0.928000  2.399669 5.478945 1.651000  2.363691
9  665.325571 1932.830081 1.025000  1.904239 4.579952 1.719000  2.301322
10  700.379670 1910.648664 0.860000  2.272265 4.701215 1.570000  -0.844399
11  590.314735 2026.403672 2.435000  2.492178 4.653298 1.718000  -0.376153
12  728.515540 1869.129731 2.174000  2.869564 13.749370 4.464000  2.656439
13  667.544884 1949.688657 0.594000  2.027321 4.481080 1.650000  -0.678484
14  634.236837 1955.738834 1.084000  2.202687 4.856830 1.614000  2.367423
15  641.994301 1956.837820 1.124000  2.123345 4.760345 1.615000  2.353861
16  650.469581 1940.212835 1.145000  2.231009 4.687637 1.687000  2.405712
17  618.551209 1977.925336 1.647000  2.149481 5.068756 1.592000  2.393586
18  595.058841 2003.730652 2.119000  2.555823 4.528479 1.641000  2.353572
19  647.436881 1938.263795 1.068000  2.009551 4.666392 1.790000  2.381661
20  624.334036 1960.112796 1.391000  2.236261 4.777526 1.918000  2.397958

15  19  1542800374.947539
654.827835 1961.305548 -0.742442
1  653.207008 1945.862753 1.044000  2.007501 4.406892 1.582000  2.291932
2  603.472148 1991.928239 1.911000  2.250320 4.666289 1.613000  2.318945
3  694.897826 1905.482884 1.170000  2.300150 4.702711 1.536000  2.481016
4  561.378207 2021.572841 2.537000  2.557661 4.529955 1.792000  2.537027
5  671.827574 1921.618300 1.158000  1.932461 5.065865 1.611000  2.421770
6  653.968741 1931.874500 1.196000  1.855256 4.824524 1.763000  2.339224
7  625.008851 1974.141410 1.657000  2.295803 5.036055 1.659000  2.303631
8  683.549099 1915.142119 0.978000  2.631169 5.525973 1.651000  2.324596
9  662.743381 1936.527988 1.075000  1.973132 4.842726 1.719000  2.356489
10  706.876876 1906.232811 1.113000  2.758862 4.777849 1.570000  -1.081185
11  589.152114 2028.689013 2.438000  2.098364 4.429261 1.718000  -0.667118
12  725.545064 1867.290603 2.472000  3.301896 12.489513 4.464000  2.482736
13  672.504492 1945.181046 0.660000  2.025958 4.637614 1.650000  -0.737668
14  628.434489 1961.590034 1.070000  2.178508 4.528267 1.614000  2.286372
15  639.091905 1959.704299 1.224000  2.119032 4.732029 1.615000  2.347716
16  645.512667 1945.562180 1.195000  2.238938 4.604184 1.687000  2.379468
17  615.732204 1980.484621 1.623000  1.896132 4.898163 1.592000  2.412060
18  643.572004 1942.151399 1.068000  1.752174 4.702363 1.790000  2.985404
19  620.348572 1964.202665 1.491000  1.911054 4.869993 1.918000  2.402034

16  19  1542800375.447384
659.460944 1957.013447 -0.741507
1  650.131545 1948.585674 1.094000  2.076638 4.349324 1.582000  2.327996
2  639.513455 1945.454814 1.250000  1.888448 5.000005 1.695000  2.319549
3  601.585420 1995.579575 2.036000  2.516401 4.396569 1.613000  2.463934
4  692.031180 1908.608922 1.020000  2.124218 4.671160 1.536000  2.219814
5  665.722607 1926.930678 1.158000  2.105999 4.946328 1.611000  2.492818
6  649.978379 1935.536920 1.284000  1.761072 4.646307 1.763000  2.406864
7  621.797584 1976.436856 1.782000  2.102606 4.847927 1.659000  2.374520
8  681.505736 1917.587416 1.028000  1.998637 5.132985 1.651000  2.376543
9  659.664657 1940.023813 1.087000  2.119009 4.684640 1.719000  2.291512
10  712.893481 1900.686549 1.115000  2.387442 5.185578 1.570000  -0.871814
11  588.358476 2028.199816 2.442000  2.084777 4.754252 1.718000  -0.417462
12  725.030644 1871.352964 2.021000  3.389328 13.538932 4.464000  2.519624
13  677.343096 1940.985405 0.775000  2.142056 4.649374 1.650000  -0.685999
14  623.106122 1965.617405 1.448000  2.056901 5.018128 1.614000  2.246185
15  636.655698 1962.949869 1.324000  2.179441 4.859198 1.615000  2.333470
16  639.540715 1950.439029 1.195000  2.379419 4.862930 1.687000  2.355705
17  611.581276 1984.775888 1.749000  2.212583 4.947121 1.592000  2.179749
18  632.550699 1947.350850 1.068000  1.643102 4.620772 1.790000  2.977419
19  616.553267 1968.087251 1.666000  2.101754 4.763463 1.918000  2.461814

17  21  1542800375.947245
664.064613 1952.735647 -0.744680
1  647.536661 1951.383789 1.244000  1.977845 4.374259 1.582000  2.327066
2  636.503396 1950.653361 1.250000  2.023687 4.863873 1.695000  2.326741
3  600.559396 1996.239415 2.211000  2.366920 5.283173 1.613000  2.654674
4  688.851820 1911.509014 0.870000  1.797510 4.858885 1.536000  2.276719
5  707.896343 1916.450989 0.597000  2.049727 1.027122 0.899000  0.681049
6  659.517299 1932.517558 1.158000  2.040370 4.848162 1.611000  2.387119
7  645.829396 1939.238567 1.371000  2.085488 4.560577 1.763000  2.372419
8  619.213155 1977.744931 1.907000  2.304706 4.327942 1.659000  2.437824
9  752.213779 1853.820328 1.254000  2.006218 4.351566 1.713000  2.582096
10  678.407031 1919.554006 1.078000  2.343832 5.479018 1.651000  2.294585
11  657.235245 1942.397987 1.137000  1.864826 5.069168 1.719000  2.266958
12  718.047260 1895.568061 1.068000  1.849413 4.616972 1.570000  -0.686877
13  590.013296 2028.167910 2.525000  1.388912 4.108496 1.718000  -0.275289
14  722.282577 1871.740253 2.069000  3.196259 12.977944 4.464000  2.632058
15  682.223154 1936.036108 0.646000  2.328966 4.550712 1.650000  -0.747593
16  617.221223 1969.758093 1.826000  2.323403 4.865823 1.614000  2.367524
17  633.703232 1966.007828 1.424000  1.879184 5.062324 1.615000  2.385805
18  633.704986 1955.932706 1.195000  2.227489 4.446897 1.687000  2.411549
19  611.600972 1985.270965 1.974000  1.843440 4.997306 1.592000  2.438885
20  714.541019 1887.661667 0.985000  2.139733 4.778742 1.566000  2.398054
21  612.045563 1971.389777 1.841000  1.930490 4.750050 1.918000  2.299966

18  21  1542800376.447154
668.698540 1948.440471 -0.742927
1  644.605933 1954.498643 1.394000  2.260576 4.517038 1.582000  2.393023
2  631.029606 1953.980977 1.400000  2.393305 5.048925 1.695000  2.336357
3  598.493906 2000.908725 2.436000  2.824849 4.991692 1.613000  2.377430
4  686.131592 1913.780110 0.820000  2.042738 4.751463 1.536000  2.283191
5  708.256025 1916.507993 0.597000  1.866659 0.366916 0.899000  0.651560
6  653.729496 1937.892032 1.220000  2.243735 4.702673 1.611000  2.454189
7  641.728394 1943.577073 1.483000  2.105147 4.776482 1.763000  2.345502
8  617.175333 1982.425194 2.032000  1.766482 4.784519 1.659000  2.350775
9  746.545454 1858.049795 1.254000  1.475411 4.290436 1.713000  2.273293
10  675.321463 1922.598286 1.078000  2.230029 5.112983 1.651000  2.346680
11  765.780849 1842.525047 1.168000  1.673397 4.490775 1.526000  2.330005
12  654.220668 1945.696332 1.187000  2.005030 4.957122 1.719000  2.259530
13  724.011486 1888.706792 1.020000  2.028154 4.503249 1.570000  -0.804564
14  591.803818 2028.849898 2.609000  1.735158 4.729992 1.718000  -0.431430
15  718.950755 1871.134245 2.268000  2.952546 11.956057 4.464000  2.617498
16  686.929134 1931.795007 0.592000  2.115523 4.537698 1.650000  -0.754498
17  611.711184 1974.454586 2.129000  2.850940 5.183684 1.614000  2.445342
18  630.419642 1969.221514 1.524000  2.171508 4.660148 1.615000  2.468252
19  608.475228 1989.874170 2.150000  1.785883 5.352741 1.592000  2.590359
20  711.337292 1890.282558 0.985000  2.026388 4.774033 1.566000  2.481423
21  608.091942 1974.902351 2.016000  2.050575 5.101854 1.918000  2.477799

19  20  1542800376.947003
673.367001 1944.103031 -0.746612
1  640.987144 1957.792142 1.544000  2.057415 4.437449 1.582000  2.322310
2  617.501335 1960.817411 1.645000  1.803580 5.179003 1.695000  2.321406
3  598.313351 2001.986684 2.712000  1.845989 5.227872 1.613000  2.194242
4  682.892504 1915.960101 1.120000  1.867589 4.960367 1.536000  2.504556
5  707.806405 1917.005904 0.597000  2.209447 0.787818 0.899000  0.705709
6  648.596425 1942.790123 1.333000  2.089040 4.849876 1.611000  2.524317
7  638.075732 1946.730948 1.596000  1.712178 4.766502 1.763000  2.380503
8  613.305274 1983.955644 2.157000  2.186959 4.832851 1.659000  2.074116
9  743.834567 1861.284533 1.254000  2.330464 4.886714 1.713000  2.086918
10  672.566691 1925.137446 1.078000  1.862503 5.100302 1.651000  2.329926
11  759.388327 1847.595381 1.184000  1.670146 3.977577 1.526000  2.494727
12  650.762345 1948.871190 1.337000  2.102383 4.976403 1.719000  2.274099
13  731.101253 1884.120914 1.123000  1.943153 4.318841 1.570000  -0.872321
14  590.058593 2028.012011 2.692000  4.025889 4.047717 1.718000  -0.587551
15  716.462237 1873.932384 2.268000  3.263444 12.458284 4.464000  2.729317
16  691.589506 1927.157016 0.607000  2.071316 4.366510 1.650000  -0.710255
17  607.489719 1980.240677 2.132000  2.066860 4.481677 1.614000  2.536874
18  627.968667 1971.753222 1.699000  2.228942 5.088920 1.615000  2.388962
19  708.531093 1893.486139 0.985000  2.100504 4.983632 1.566000  2.390512
20  604.682899 1979.718658 2.191000  1.667628 4.518553 1.918000  2.298936

20  19  1542800377.447456
678.095890 1939.680805 -0.748868
1  638.919952 1960.672371 1.744000  2.011060 4.365817 1.582000  2.517938
2  679.406857 1919.042689 1.006000  2.114750 4.735318 1.536000  2.453054
3  707.776164 1916.533919 0.597000  2.083153 0.836290 0.899000  0.775937
4  643.292610 1947.861059 1.446000  2.083038 4.859838 1.611000  2.312419
5  610.554238 1986.576126 2.282000  1.955208 5.138180 1.659000  2.304798
6  737.236503 1867.395333 1.204000  2.493537 4.055114 1.713000  2.647664
7  669.590775 1928.739897 1.213000  2.033442 5.086409 1.651000  2.300965
8  756.968621 1851.074748 1.201000  2.194091 3.616842 1.526000  2.258620
9  647.708996 1952.741951 1.537000  2.121204 4.788418 1.719000  2.355345
10  697.130279 1904.443571 1.092000  1.992020 5.049333 1.679000  2.217034
11  737.766091 1877.653149 1.126000  2.153120 3.993989 1.570000  -0.801930
12  589.922635 2025.071417 2.948000  2.969787 4.115520 1.718000  -0.305845
13  713.914713 1876.506282 2.268000  2.127682 13.073108 4.464000  2.321359
14  696.688875 1922.493558 0.624000  2.139302 4.641489 1.650000  -0.758122
15  602.094985 1987.428183 2.135000  1.954562 4.834139 1.614000  2.558227
16  625.374951 1974.397860 1.874000  2.218432 4.880981 1.615000  2.368718
17  748.973105 1861.563795 1.036000  1.429154 5.005841 1.759000  2.387038
18  707.356987 1894.925756 0.985000  1.961097 4.869372 1.566000  2.337522
19  725.469891 1878.223999 1.270000  1.422916 2.085721 1.776000  2.588349

21  20  1542800377.898133
682.345178 1935.674272 -0.748858
1  636.576629 1962.627039 1.924000  2.661275 4.436899 1.582000  2.331280
2  675.954511 1921.956061 1.033000  2.106347 4.659057 1.536000  2.459838
3  708.148449 1916.313460 0.597000  2.309258 0.884768 0.899000  0.670916
4  638.558301 1952.319463 1.648000  2.409531 4.905223 1.611000  2.384648
5  608.375253 1988.464874 2.394000  0.818983 5.057094 1.659000  2.305173
6  735.090226 1871.099712 1.159000  1.637047 5.124438 1.713000  2.078243
7  666.680549 1931.114735 1.218000  2.093563 5.438969 1.651000  2.364450
8  750.859336 1852.172758 1.215000  2.657884 4.192335 1.526000  2.267375
9  709.602628 1917.500343 0.597000  2.093597 0.728190 0.899000  0.702549
10  645.027676 1955.238485 1.617000  1.869035 4.841283 1.719000  2.344110
11  693.895289 1906.657628 1.092000  2.052687 4.785745 1.679000  2.275850
12  742.725994 1874.276873 1.128000  1.938716 3.970456 1.570000  -0.773392
13  589.127173 2026.503958 3.178000  2.894423 5.136420 1.718000  -0.336265
14  713.829973 1877.551387 2.268000  3.381988 12.141247 4.464000  2.654663
15  700.979157 1918.434598 0.675000  2.320761 4.695370 1.650000  -0.755758
16  597.381731 1991.915048 2.288000  2.295871 4.394116 1.614000  2.714258
17  621.793050 1974.718370 2.032000  1.729201 5.300722 1.615000  2.346947
18  744.819260 1864.427342 1.082000  1.995723 4.185053 1.759000  2.398730
19  707.606404 1896.400151 0.985000  1.922512 4.841691 1.566000  2.441691
20  721.497382 1880.862407 1.090000  1.498103 1.934053 1.776000  2.268317

22  21  1542800378.397983
687.135778 1931.195949 -0.747600
1  633.858062 1965.948378 2.124000  1.621724 4.157958 1.582000  2.443023
2  672.666358 1925.219445 1.131000  1.980519 4.810756 1.536000  2.429118
3  708.189304 1916.741931 0.597000  2.061042 0.839121 0.899000  0.712229
4  631.382374 1958.782119 1.761000  1.871531 5.033481 1.611000  2.397389
5  606.021872 1991.928940 2.519000  2.409139 5.485301 1.659000  2.252452
6  728.733260 1874.047021 1.109000  2.141027 4.825412 1.713000  2.184323
7  663.866501 1934.389012 1.322000  2.122413 5.255694 1.651000  2.281007
8  749.372420 1857.324926 1.065000  2.822401 4.580368 1.526000  2.506976
9  709.772749 1917.564447 0.597000  2.140633 0.851086 0.899000  0.753523
10  641.645117 1958.254453 1.706000  1.987870 4.847641 1.719000  2.397314
11  691.440559 1908.518250 1.092000  2.109301 5.122682 1.679000  2.507193
12  750.755205 1867.405463 1.131000  2.594106 3.723786 1.570000  -0.766015
13  591.067739 2026.767881 3.434000  2.759497 4.115690 1.718000  -0.658145
14  711.702938 1877.726700 2.268000  2.732353 13.024713 4.464000  2.591890
15  706.055561 1914.766925 0.688000  1.916549 4.422067 1.650000  -0.699259
16  591.731785 1996.297082 2.658000  3.362282 4.628352 1.614000  2.702561
17  619.518913 1978.330637 2.207000  2.426394 4.683751 1.615000  2.748743
18  743.222826 1866.706608 1.132000  2.120072 3.977707 1.759000  2.317962
19  706.627767 1891.755725 0.981000  1.885946 5.055017 1.596000  2.564626
20  704.768378 1898.071560 0.985000  2.054695 4.530354 1.566000  2.367455
21  716.799733 1885.804624 1.090000  1.584805 2.107935 1.776000  2.440761

23  20  1542800378.897841
692.089175 1926.570529 -0.748088
1  632.565955 1969.664724 2.324000  2.527860 5.012654 1.582000  2.293336
2  668.329768 1929.054083 1.229000  2.161264 4.843156 1.536000  2.484614
3  708.275503 1916.106755 0.597000  2.193755 0.985407 0.899000  0.661091
4  625.984569 1963.924361 2.024000  2.670216 4.846094 1.611000  2.653443
5  724.379933 1878.976862 1.059000  1.737523 4.612132 1.713000  2.189311
6  660.723310 1938.084394 1.577000  1.713970 5.290323 1.651000  2.330361
7  746.160764 1859.917300 0.915000  1.915993 5.032913 1.526000  2.660437
8  709.890925 1917.791087 0.597000  2.164365 0.850735 0.899000  0.739613
9  636.983113 1960.914679 1.795000  1.962965 4.569828 1.719000  2.319720
10  688.699251 1911.425090 1.129000  2.177613 5.152229 1.679000  2.459730
11  758.591347 1861.593160 1.133000  2.494224 5.207279 1.570000  -0.764585
12  709.862159 1878.931496 2.268000  2.359617 12.925373 4.464000  2.499164
13  711.015792 1909.869039 0.667000  2.069267 4.677287 1.650000  -0.691027
14  688.645228 1906.101498 1.135000  2.155550 4.799383 1.763000  2.391155
15  615.871274 1982.677284 2.332000  1.897849 4.037051 1.615000  2.529908
16  738.834009 1871.872821 1.182000  2.257198 3.822450 1.759000  2.260847
17  701.709837 1896.458801 0.981000  2.092544 4.710739 1.596000  2.467202
18  702.031987 1900.483489 0.985000  1.984837 5.072510 1.566000  2.358281
19  754.491479 1858.557955 1.243000  2.429070 5.463810 1.919000  2.197312
20  711.709109 1888.728293 1.040000  1.359395 2.408174 1.776000  2.400502

24  20  1542800379.397716
697.134687 1921.843914 -0.747478
1  665.112633 1932.822772 1.327000  2.132670 4.699285 1.536000  2.419451
2  708.233432 1916.040724 0.597000  2.284814 0.787011 0.899000  0.618155
3  619.180305 1969.180030 2.136000  2.331454 5.049003 1.611000  2.828055
4  764.105990 1847.270361 1.374000  1.615322 5.076391 1.764000  2.123168
5  719.033544 1882.288038 1.209000  1.915128 5.325749 1.713000  2.241451
6  657.525627 1941.941439 1.782000  1.753959 5.207031 1.651000  2.370015
7  743.179493 1864.146988 0.915000  1.937276 5.313794 1.526000  2.536321
8  710.036193 1917.425574 0.597000  2.094510 0.811819 0.899000  0.672980
9  637.429439 1963.223066 1.884000  1.685412 4.665257 1.719000  2.247767
10  685.092760 1914.619966 1.266000  2.310512 4.980609 1.679000  2.491975
11  766.588551 1856.684925 1.336000  2.419310 4.473586 1.570000  -0.597679
12  709.247194 1879.414139 2.268000  3.168081 12.566198 4.464000  2.585574
13  715.876860 1905.209770 0.671000  2.250695 4.431292 1.650000  -0.781623
14  683.174418 1910.745988 1.285000  1.888935 4.577673 1.763000  2.385381
15  614.683561 1985.341820 2.457000  1.729959 5.589091 1.615000  2.184159
16  734.624194 1872.894028 1.232000  2.069967 3.938519 1.759000  2.147705
17  695.803322 1900.881774 0.981000  2.175299 4.742615 1.596000  2.404160
18  699.745844 1902.450848 0.985000  2.156122 4.938413 1.566000  2.368194
19  750.481577 1863.433623 1.263000  2.270913 4.825513 1.919000  2.544201
20  706.156060 1893.195899 0.890000  1.546100 2.160905 1.776000  2.359338

25  21  1542800379.897591
702.280130 1917.069733 -0.737714
1  662.142152 1936.496949 1.342000  1.750728 4.896286 1.536000  2.399663
2  708.211353 1916.213720 0.597000  2.195631 0.648248 0.899000  0.609263
3  613.998861 1974.727039 2.249000  2.253610 4.357071 1.611000  2.505178
4  778.807696 1837.464174 1.344000  2.613435 4.788236 1.827000  2.476610
5  760.658411 1851.216121 1.299000  2.625811 4.980615 1.764000  2.550754
6  715.766274 1886.205161 1.159000  2.162045 4.952138 1.713000  2.156345
7  654.934848 1945.163453 1.636000  1.419318 5.429855 1.651000  2.352528
8  737.401899 1866.717065 0.915000  2.146229 4.843789 1.526000  2.338035
9  710.156070 1917.313405 0.597000  1.988981 0.759015 0.899000  0.767504
10  632.805504 1967.290102 1.973000  2.074403 4.507923 1.719000  2.492510
11  681.349486 1917.085007 1.253000  2.075961 4.968356 1.679000  2.446113
12  772.042868 1850.829794 1.539000  2.623652 5.236506 1.570000  -0.643171
13  709.096740 1879.887234 2.318000  2.895959 12.826954 4.464000  2.549464
14  721.123720 1900.905217 0.675000  2.231699 4.669955 1.650000  -0.778928
15  678.269997 1915.471205 1.285000  1.744971 4.679182 1.763000  2.481389
16  611.502828 1988.458959 2.557000  1.720630 5.174504 1.615000  2.307025
17  731.754906 1876.486089 1.182000  2.259246 5.103024 1.759000  2.370353
18  690.115186 1905.416639 0.981000  1.919517 4.859163 1.596000  2.393691
19  696.250417 1904.495317 0.985000  2.144626 4.837678 1.566000  2.436227
20  743.624743 1867.712837 1.234000  1.705302 4.840994 1.919000  2.294876
21  701.636269 1897.128691 1.086000  1.249934 2.079292 1.776000  2.414340

26  20  1542800380.398024
707.568325 1912.284827 -0.729969
1  659.281044 1939.128944 1.504000  1.913864 4.970186 1.536000  2.453092
2  708.294592 1916.200808 0.597000  2.283594 0.920563 0.899000  0.658460
3  776.206171 1841.794521 1.282000  2.027118 4.976124 1.827000  2.471002
4  755.108395 1855.930753 1.225000  2.256480 4.773946 1.764000  2.251332
5  711.858759 1888.024619 1.059000  2.145128 4.851694 1.713000  2.481596
6  650.709359 1949.026326 1.591000  2.600328 4.934621 1.651000  2.486126
7  732.805469 1871.596334 0.915000  1.839798 4.170525 1.526000  2.460899
8  709.917616 1917.734367 0.597000  2.217309 0.886250 0.899000  0.692846
9  628.587191 1968.602244 2.062000  1.662641 4.620700 1.719000  2.571619
10  677.820185 1920.833926 1.440000  2.175392 4.664925 1.679000  2.459464
11  780.170144 1843.612137 1.341000  1.931093 4.537124 1.570000  -0.590041
12  708.122939 1880.232877 2.369000  2.840448 12.894822 4.464000  2.442595
13  726.546605 1896.449073 0.718000  2.383729 4.537351 1.650000  -0.722267
14  673.736730 1918.826911 1.285000  1.952497 4.688510 1.763000  2.309592
15  608.474220 1989.273996 2.657000  2.238910 4.096349 1.615000  2.520707
16  728.018000 1880.818953 1.131000  2.146263 4.515855 1.759000  2.398977
17  685.166112 1909.422878 1.181000  2.132874 4.846295 1.596000  2.422467
18  693.269155 1907.427879 1.022000  2.141907 4.755811 1.566000  2.467048
19  738.329258 1872.346658 1.204000  2.259409 4.904457 1.919000  2.309579
20  695.885445 1901.977963 1.132000  1.418195 2.172500 1.776000  2.417942

27  19  1542800380.947696
713.411109 1907.041434 -0.718166
1  654.553755 1943.832031 1.682000  2.219319 5.066711 1.536000  2.589753
2  708.477543 1916.340309 0.597000  2.167807 0.922783 0.899000  0.638944
3  770.276410 1842.681880 1.215000  1.431514 4.986061 1.827000  2.269738
4  751.299728 1860.164785 1.253000  2.349803 4.331940 1.764000  2.434468
5  706.082191 1892.618967 1.099000  2.140226 4.774583 1.713000  2.386334
6  647.482296 1953.065075 1.541000  2.185232 4.419394 1.651000  2.336669
7  728.269092 1875.360221 0.915000  1.875784 4.684801 1.526000  2.418377
8  709.845084 1917.446588 0.597000  2.185682 0.950588 0.899000  0.710232
9  626.987826 1972.526908 2.160000  1.180364 5.236271 1.719000  2.020453
10  673.121082 1924.136951 1.531000  1.906976 4.853616 1.679000  2.500496
11  790.105577 1837.805020 1.125000  1.467665 3.442523 1.570000  -0.698737
12  708.873135 1879.898973 2.325000  2.705215 12.775140 4.464000  2.544272
13  732.168539 1891.312097 0.765000  2.161158 4.614690 1.650000  -0.741057
14  667.346103 1925.180672 1.485000  1.651389 4.757059 1.763000  2.520219
15  723.109832 1883.575582 1.076000  2.105693 4.558898 1.759000  2.456564
16  679.226143 1913.928037 1.351000  2.007094 4.772608 1.596000  2.497199
17  690.022419 1910.945732 1.098000  1.965862 4.744329 1.566000  2.413553
18  735.945020 1873.779658 1.117000  2.412051 4.645333 1.919000  2.430837
19  690.467221 1906.692774 1.261000  1.333399 2.150707 1.776000  2.348973

28  21  1542800381.448102
718.908632 1902.212638 -0.707930
1  767.030631 1843.012349 0.875000  1.643202 4.441998 1.602000  2.226235
2  650.718735 1947.099776 1.780000  1.956147 4.787136 1.536000  2.081145
3  758.025110 1884.019639 0.688000  2.211983 0.402758 1.072000  2.042602
4  708.324273 1916.178698 0.597000  2.419964 0.664347 0.899000  0.688994
5  765.970724 1847.106489 1.154000  1.686042 5.062726 1.827000  2.268613
6  746.186117 1864.873256 1.014000  1.607170 5.122870 1.764000  2.259446
7  701.561166 1896.401179 1.187000  2.082576 4.863694 1.713000  2.427648
8  723.424244 1878.789792 0.915000  2.103377 4.552103 1.526000  2.532931
9  709.879090 1917.393593 0.597000  1.995344 0.729724 0.899000  0.734533
10  625.682937 1973.824067 2.249000  1.605850 5.464738 1.719000  2.327370
11  668.574825 1929.048599 1.586000  2.009583 4.809436 1.679000  2.400045
12  794.220765 1833.745626 0.928000  2.045041 4.235076 1.570000  -1.206982
13  708.913616 1879.902815 2.284000  2.997272 12.840316 4.464000  2.518744
14  749.208075 1853.848889 0.937000  2.328101 5.207328 1.717000  2.493877
15  737.843553 1886.827391 0.808000  2.204104 4.296695 1.650000  -0.765118
16  663.408924 1928.418401 1.667000  1.653594 5.083975 1.763000  2.514994
17  719.221085 1886.679175 1.105000  2.263018 4.692281 1.759000  2.382498
18  673.839965 1918.087754 1.505000  1.669509 4.614807 1.596000  2.471041
19  686.397105 1913.356764 1.268000  1.980180 4.901240 1.566000  2.422154
20  732.443448 1876.228034 1.128000  2.371531 4.920854 1.919000  2.342199
21  685.217467 1911.087975 1.378000  1.379511 2.099393 1.776000  2.410706

29  25  1542800381.897652
723.989055 1897.830312 -0.698647
1  764.866015 1842.896721 0.860000  2.136907 4.316340 1.602000  2.289682
2  650.370210 1950.273257 1.968000  1.283168 4.422004 1.536000  2.279704
3  757.853544 1883.372933 0.688000  2.111675 0.244566 1.072000  2.020869
4  708.335777 1916.538982 0.597000  2.147066 0.591139 0.899000  0.651717
5  792.272572 1821.572748 0.746000  3.028557 5.168262 1.588000  2.211806
6  760.833901 1851.642474 1.099000  2.263744 4.586204 1.827000  2.440932
7  742.295777 1868.191561 1.014000  2.131153 4.798634 1.764000  2.295020
8  697.290139 1899.753220 1.266000  1.879775 4.652278 1.713000  2.426747
9  775.909696 1837.465494 0.909000  1.457072 4.563323 1.512000  2.341112
10  719.786457 1881.873062 0.915000  2.083520 4.626112 1.526000  2.495416
11  709.936191 1917.625056 0.597000  2.059616 0.717717 0.899000  0.672889
12  753.572614 1885.504166 0.702000  2.227165 0.416383 1.017000  1.025899
13  624.084806 1979.396689 2.329000  1.448136 3.777605 1.719000  2.491466
14  666.710972 1931.760817 1.576000  2.621760 4.626213 1.679000  2.318568
15  802.961614 1828.084901 0.751000  2.632350 4.699817 1.570000  -0.773102
16  708.898344 1880.044663 2.248000  2.847507 12.637080 4.464000  2.472155
17  744.740192 1857.407904 0.911000  1.979457 5.001800 1.717000  2.474516
18  743.162796 1882.441230 0.787000  2.210832 4.480854 1.650000  -0.697089
19  658.785736 1934.231074 1.830000  1.732244 4.292230 1.763000  2.343324
20  715.602018 1889.601459 1.131000  2.013728 4.707103 1.759000  2.452669
21  755.333991 1885.369163 0.752000  2.351638 0.447304 1.017000  1.032084
22  683.444240 1916.974093 1.421000  2.066657 4.365654 1.566000  2.527568
23  749.300057 1887.785253 0.852000  2.138682 0.567630 1.017000  0.628437
24  729.656380 1877.794131 1.139000  2.026086 4.626520 1.919000  2.404544
25  680.145633 1914.733381 1.634000  1.372514 1.939792 1.776000  2.352276

30  27  1542800382.397543
729.683695 1892.976259 -0.689760
1  762.844909 1844.122945 0.843000  1.921466 5.164476 1.602000  2.395082
2  646.496851 1952.879524 2.177000  1.983122 3.312135 1.536000  2.575273
3  757.599964 1884.337438 0.688000  2.212494 0.339016 1.072000  2.027261
4  789.422095 1827.378592 0.796000  2.345798 5.012112 1.588000  2.209755
5  757.036897 1855.177780 0.871000  2.128415 4.728144 1.827000  2.464023
6  738.472168 1870.149397 0.975000  2.190760 5.071180 1.764000  2.510897
7  693.310471 1903.996534 1.354000  2.352493 4.797051 1.713000  2.534128
8  771.447607 1841.438862 0.858000  2.436219 4.678946 1.512000  2.435893
9  715.487184 1885.619844 0.930000  2.191943 4.599408 1.526000  2.466211
10  709.757861 1917.638681 0.597000  2.357733 1.149551 0.899000  0.757259
11  753.461552 1885.870890 0.702000  2.083825 0.439020 1.017000  0.969472
12  758.283309 1883.460361 0.688000  2.126426 0.425630 1.072000  2.065890
13  665.064210 1935.393079 1.931000  2.619297 4.914131 1.679000  2.441502
14  751.800099 1886.701139 0.652000  2.162025 0.515332 1.017000  1.063383
15  808.527669 1822.922092 0.554000  2.283162 4.138249 1.570000  -0.711157
16  708.965479 1879.947392 2.248000  2.971178 12.661836 4.464000  2.533398
17  740.060478 1860.360790 0.881000  1.983030 5.101662 1.717000  2.368355
18  748.155838 1878.435192 0.763000  2.119304 4.555777 1.650000  -0.743125
19  655.525999 1938.268352 1.912000  2.262292 4.952210 1.763000  2.477749
20  711.810536 1892.535060 1.110000  2.410704 4.384597 1.759000  2.433757
21  755.170773 1884.702670 0.752000  2.160430 0.534580 1.017000  1.000875
22  757.464688 1884.509064 0.688000  2.104308 0.508007 1.072000  2.005292
23  680.168512 1919.208376 1.590000  2.285324 5.559254 1.566000  2.280126
24  749.504026 1888.433566 0.752000  2.079880 0.505003 1.017000  0.735218
25  725.751171 1881.482928 1.060000  2.200331 4.839916 1.919000  2.500002
26  675.917635 1918.936581 1.726000  1.338108 2.203196 1.776000  2.331672
27  749.826677 1888.280829 0.652000  2.078381 0.469645 1.017000  0.726911

31  26  1542800382.897959
735.344191 1888.273213 -0.681470
1  760.305739 1845.286069 0.825000  2.305928 4.912993 1.602000  2.492449
2  757.744878 1883.996015 0.688000  2.084409 0.461283 1.072000  1.980915
3  784.740861 1830.060410 1.046000  2.322198 4.724853 1.588000  2.316019
4  752.497212 1858.419693 0.843000  1.806569 4.690215 1.827000  2.440907
5  734.531401 1873.543620 0.986000  2.310596 4.802690 1.764000  2.462504
6  687.531266 1907.655287 1.443000  2.242880 4.799611 1.713000  2.526390
7  768.236633 1845.184212 1.008000  2.012019 4.502728 1.512000  2.309416
8  710.651556 1888.681300 0.945000  2.065340 5.000666 1.526000  2.504908
9  710.293125 1917.554255 0.597000  2.052769 0.630821 0.899000  0.746522
10  753.536737 1885.912778 0.802000  2.171144 0.531842 1.017000  1.038361
11  758.025039 1883.495804 0.688000  2.310619 0.422862 1.072000  2.002354
12  660.358062 1938.647582 1.936000  1.266794 5.223621 1.679000  2.416310
13  751.463934 1887.210479 0.752000  2.153942 0.433439 1.017000  0.974500
14  813.384372 1815.957094 0.907000  2.794394 3.675229 1.570000  -0.928120
15  708.708284 1880.046251 2.348000  3.063945 12.650187 4.464000  2.441596
16  735.339721 1864.106660 0.852000  2.166377 4.972529 1.717000  2.406066
17  753.973460 1873.682654 0.892000  2.107395 4.649319 1.650000  -0.758324
18  780.123677 1863.984816 0.821000  2.455404 0.558668 0.956000  -0.201242
19  708.036566 1895.858368 1.139000  1.976964 4.553241 1.759000  2.456429
20  755.873649 1884.858876 0.752000  2.092500 0.483159 1.017000  0.953294
21  757.155475 1884.126647 0.688000  2.160247 0.405942 1.072000  1.998094
22  749.488354 1887.935419 0.752000  2.001715 0.343420 1.017000  0.725690
23  721.620740 1884.346670 1.072000  2.362865 4.717843 1.919000  2.468744
24  784.606988 1834.056915 1.134000  3.323467 6.202431 2.931000  2.355986
25  669.109013 1923.992650 1.618000  1.112126 2.628831 1.776000  2.250159
26  749.662624 1888.411005 0.652000  2.179015 0.562435 1.017000  0.659587

32  26  1542800383.397856
741.069011 1883.588773 -0.678226
1  757.691615 1846.775912 0.808000  2.031807 4.700122 1.602000  2.364794
2  757.862910 1883.950664 0.688000  2.111041 0.390095 1.072000  2.023046
3  779.802216 1833.772351 0.896000  2.385046 4.132756 1.588000  2.467212
4  748.301052 1862.769046 0.915000  1.920582 4.839996 1.827000  2.361524
5  730.349031 1877.509611 0.998000  2.297954 4.942239 1.764000  2.389453
6  782.592122 1861.721620 0.571000  2.002871 0.767647 0.956000  1.847178
7  683.629738 1911.983109 1.531000  2.125828 4.830231 1.713000  2.409018
8  763.830723 1848.705397 0.908000  2.272939 4.722892 1.512000  2.346937
9  706.699932 1892.278482 1.060000  1.967876 4.862523 1.526000  2.408514
10  710.094103 1917.273720 0.597000  1.965684 0.977518 0.899000  0.711083
11  753.013919 1885.804084 0.752000  2.282051 0.364738 1.017000  1.027400
12  758.074288 1883.163154 0.688000  2.167369 0.436571 1.072000  2.021758
13  657.893213 1940.201239 2.091000  2.128709 4.905358 1.679000  2.940009
14  751.710853 1886.958301 0.652000  2.099943 0.564205 1.017000  0.950744
15  821.141261 1809.834001 0.609000  1.485779 3.799269 1.570000  -0.839798
16  708.795381 1880.017166 2.398000  2.924328 12.806623 4.464000  2.502959
17  731.136933 1868.154725 0.891000  2.057178 5.004652 1.717000  2.436800
18  759.643281 1868.767877 0.787000  2.343381 4.625760 1.650000  -0.759766
19  780.420217 1863.937456 0.721000  2.280861 0.471091 0.956000  -0.297586
20  704.554100 1898.731357 1.218000  2.258630 4.462139 1.759000  2.410864
21  755.092879 1884.547717 0.752000  1.990263 0.438050 1.017000  0.960471
22  757.419309 1884.071636 0.688000  2.062903 0.462617 1.072000  2.022769
23  749.482293 1887.566700 0.752000  2.269189 0.629808 1.017000  0.726035
24  717.394465 1887.528995 1.083000  2.265662 4.781525 1.919000  2.388761
25  785.801639 1834.499616 1.150000  2.918548 6.453045 2.931000  2.315197
26  750.181906 1888.297044 0.652000  2.085894 0.416944 1.017000  0.694251

33  28  1542800383.897713
746.854121 1878.908072 -0.673215
1  752.874397 1849.818950 0.775000  2.032548 4.692867 1.602000  2.474245
2  757.883794 1883.905895 0.688000  2.065457 0.440402 1.072000  2.012024
3  780.655095 1862.774257 0.621000  2.033701 0.526789 0.956000  0.710174
4  775.485768 1838.227075 0.946000  1.842864 4.409898 1.588000  2.346741
5  742.797119 1866.507071 0.988000  2.056103 4.846209 1.827000  2.331716
6  744.274576 1860.663298 0.760000  2.136156 5.322429 1.707000  2.422403
7  726.315275 1880.972947 1.009000  2.254733 4.958037 1.764000  2.509326
8  782.135412 1861.520330 0.571000  2.146781 0.596546 0.956000  1.835175
9  679.073970 1915.521699 1.669000  2.980764 4.620077 1.713000  2.447029
10  759.544741 1852.013262 0.808000  2.057635 4.620748 1.512000  2.355563
11  710.770364 1916.839283 0.597000  1.962124 1.146057 0.899000  0.717098
12  753.225129 1885.920353 0.740000  2.119467 0.472020 1.017000  0.950409
13  758.216936 1883.004808 0.688000  2.363887 0.464654 1.072000  1.910892
14  656.154889 1945.546825 2.246000  2.102740 5.178001 1.679000  2.694578
15  751.453341 1886.969232 0.652000  1.867888 0.506650 1.017000  0.993464
16  827.177052 1804.691725 0.212000  1.341939 3.854218 1.570000  -0.966401
17  708.977414 1879.680463 2.398000  3.266248 12.864556 4.464000  2.487679
18  726.725147 1871.024852 0.852000  2.018159 5.071695 1.717000  2.479578
19  765.131688 1864.089220 0.781000  2.250370 4.501476 1.650000  -0.746994
20  767.469429 1842.074796 0.743000  1.742909 4.522395 1.596000  2.443349
21  780.051371 1864.176584 0.721000  2.072502 0.413471 0.956000  -0.280433
22  700.664610 1902.170924 1.297000  2.018725 4.315863 1.759000  2.333925
23  755.367204 1884.569591 0.752000  2.073334 0.613859 1.017000  1.003062
24  757.246829 1883.971516 0.688000  2.111842 0.577283 1.072000  2.056714
25  749.421795 1888.295876 0.752000  2.164705 0.510368 1.017000  0.735313
26  714.849960 1890.714820 1.144000  2.276596 4.831742 1.919000  2.488690
27  785.818117 1833.152016 1.166000  3.713039 6.453336 2.931000  2.440665
28  750.146890 1888.113141 0.652000  2.140383 0.546653 1.017000  0.678265

34  27  1542800384.397580
752.586687 1874.276657 -0.668531
1  748.766949 1853.676123 0.725000  1.925491 4.484864 1.602000  2.415557
2  757.526475 1884.035320 0.688000  2.052626 0.560734 1.072000  2.034182
3  780.975477 1862.781401 0.621000  2.410591 0.631679 0.956000  0.808676
4  770.584881 1842.475262 0.946000  1.973110 4.675239 1.588000  2.418920
5  738.955217 1870.385581 1.010000  2.109394 4.460310 1.827000  2.460955
6  739.166589 1865.211781 0.806000  2.215184 5.161197 1.707000  2.375864
7  722.626017 1884.217469 1.120000  2.140516 4.782887 1.764000  2.459099
8  782.764154 1861.361467 0.571000  1.915916 0.402546 0.956000  1.877879
9  754.827235 1856.063306 0.781000  2.316400 4.546097 1.512000  2.339259
10  709.700255 1917.285250 0.597000  2.280662 0.578979 0.899000  0.694375
11  753.222410 1885.739544 0.728000  2.336487 0.483194 1.017000  1.000896
12  758.151301 1883.607554 0.688000  2.121067 0.328613 1.072000  2.030833
13  653.223418 1946.964202 2.401000  2.779627 5.283148 1.679000  2.797000
14  751.563773 1886.869726 0.652000  2.276710 0.558408 1.017000  1.031071
15  835.865083 1798.182544 -0.186000  1.904735 5.360516 1.570000  -0.612220
16  709.115367 1879.751896 2.527000  2.813409 12.954095 4.464000  2.426309
17  722.453044 1874.797468 0.852000  2.080914 4.670211 1.717000  2.439444
18  770.746974 1859.896238 0.775000  2.278148 4.632133 1.650000  -0.739542
19  762.670033 1846.112570 0.743000  1.970245 4.616465 1.596000  2.421269
20  780.006296 1863.920637 0.696000  2.220232 0.637218 0.956000  -0.371509
21  697.232947 1904.802442 1.426000  1.948938 5.105320 1.759000  2.511020
22  755.363213 1884.401662 0.752000  2.039693 0.482525 1.017000  0.990400
23  757.332311 1884.332386 0.688000  2.053444 0.441618 1.072000  2.012068
24  749.347928 1887.984895 0.752000  2.078387 0.328076 1.017000  0.728020
25  710.625542 1894.682840 1.306000  2.266067 5.077975 1.919000  2.370166
26  786.432841 1832.726000 1.182000  3.539231 5.975430 2.931000  2.255740
27  750.289293 1888.090866 0.652000  2.012443 0.396500 1.017000  0.708835

35  28  1542800384.947787
758.924741 1869.230161 -0.666698
1  743.495551 1857.546500 0.920000  1.983598 4.837752 1.602000  2.403986
2  793.631398 1820.862966 0.514000  2.140817 4.506138 1.803000  2.305939
3  757.514559 1883.674280 0.688000  2.072904 0.318128 1.072000  2.058905
4  781.009374 1863.013551 0.621000  2.144122 0.537187 0.956000  0.736629
5  764.965189 1846.854943 0.846000  1.903898 4.696942 1.588000  2.430991
6  734.370125 1874.171855 0.984000  2.025389 4.529245 1.827000  2.505496
7  796.863524 1814.091342 0.322000  2.346156 4.607277 1.682000  2.301334
8  734.365773 1869.715144 0.856000  1.989520 5.487391 1.707000  2.374346
9  717.359661 1887.974169 1.242000  2.465487 4.377989 1.764000  2.496383
10  782.418654 1861.885433 0.571000  1.984976 0.530546 0.956000  1.895005
11  750.329451 1860.401705 0.750000  2.072275 4.570009 1.512000  2.342952
12  709.991043 1917.008569 0.597000  2.666528 0.818113 0.899000  0.910480
13  753.367059 1885.805564 0.714000  1.985421 0.548484 1.017000  0.939352
14  757.885671 1883.199136 0.688000  2.164518 0.614935 1.072000  1.988405
15  751.743745 1886.836601 0.652000  2.007866 0.402057 1.017000  1.014783
16  840.799867 1789.542389 -0.623000  2.418565 5.057305 1.570000  -1.202265
17  709.122917 1879.857262 2.448000  2.428696 12.646289 4.464000  2.532995
18  717.451657 1878.973206 0.852000  1.993354 4.990722 1.717000  2.453843
19  777.180758 1854.362613 0.730000  2.034964 4.636964 1.650000  -0.766080
20  756.845619 1850.122876 0.743000  1.922907 4.551668 1.596000  2.412808
21  780.014307 1863.789200 0.670000  2.156184 0.644365 0.956000  -0.341654
22  694.084580 1908.808149 1.568000  2.502636 4.819447 1.759000  2.634712
23  755.228293 1884.754020 0.752000  2.013648 0.650836 1.017000  1.074669
24  757.022890 1884.387812 0.688000  2.327847 0.341219 1.072000  1.995543
25  749.482432 1888.310045 0.752000  2.251203 0.516787 1.017000  0.733912
26  706.396893 1897.538164 1.428000  1.671828 4.372250 1.919000  2.314682
27  786.689113 1833.672978 1.200000  3.315174 6.420276 2.931000  2.439134
28  749.969754 1888.503579 0.652000  2.095182 0.446074 1.017000  0.676388

36  29  1542800385.448218
764.678330 1864.620039 -0.668491
1  739.065671 1861.846552 0.998000  2.061493 4.779097 1.602000  2.404602
2  789.210457 1824.701253 0.564000  1.996397 5.013697 1.803000  2.439848
3  757.487711 1883.750342 0.688000  2.194998 0.397516 1.072000  2.053039
4  781.221228 1862.730214 0.621000  2.069325 0.451682 0.956000  0.741294
5  760.784377 1851.624756 0.755000  2.206477 4.640858 1.588000  2.433954
6  729.958761 1877.410416 0.960000  1.826797 4.665394 1.827000  2.475064
7  792.094665 1818.232812 0.330000  1.531643 4.558495 1.682000  2.462514
8  729.484820 1873.508713 0.901000  2.073097 5.297839 1.707000  2.459800
9  714.282968 1890.814423 1.354000  1.789551 4.540192 1.764000  2.378472
10  782.391842 1861.471397 0.571000  2.085667 0.480153 0.956000  1.863433
11  745.899816 1864.465474 0.722000  1.772672 4.467336 1.512000  2.440324
12  848.364826 1758.981722 -1.233000  1.355614 4.540853 1.609000  2.262112
13  753.738421 1885.801515 0.702000  1.993688 0.742975 1.017000  0.940718
14  757.950356 1883.530554 0.688000  2.183031 0.407902 1.072000  2.038812
15  751.667251 1886.663161 0.652000  2.152141 0.512368 1.017000  1.027908
16  847.085335 1781.086566 -0.871000  1.822925 4.709115 1.570000  -0.686905
17  709.429387 1879.514842 2.298000  2.923792 13.375293 4.464000  2.556531
18  713.349069 1883.089981 0.852000  2.102270 4.676763 1.717000  2.406128
19  783.118282 1849.454320 0.688000  2.347570 4.676068 1.650000  -0.767428
20  751.447000 1854.232522 0.730000  1.837205 4.724635 1.596000  2.447103
21  780.498560 1864.060369 0.645000  2.326585 0.443042 0.956000  -0.276205
22  691.728899 1912.808137 1.515000  2.103989 3.649768 1.759000  2.440665
23  755.462356 1884.370388 0.752000  2.132339 0.412889 1.017000  0.963197
24  757.364825 1884.439589 0.688000  2.123337 0.362217 1.072000  1.957203
25  749.307137 1888.050336 0.752000  2.272607 0.569297 1.017000  0.697691
26  777.255374 1836.931790 0.745000  1.781417 4.642602 1.585000  2.502690
27  701.222171 1902.054789 1.485000  2.841403 4.677483 1.919000  2.488316
28  786.781659 1833.076599 1.216000  3.356776 6.668964 2.931000  2.253408
29  749.924991 1888.243236 0.652000  2.124954 0.406123 1.017000  0.704901

37  31  1542800385.948086
770.489369 1859.957943 -0.671656
1  734.771619 1865.428224 1.075000  2.063508 5.015228 1.602000  2.296440
2  785.017892 1829.837041 0.664000  2.055597 4.953524 1.803000  2.419789
3  757.587183 1883.937659 0.688000  2.038422 0.585351 1.072000  2.106771
4  781.087757 1862.497275 0.621000  2.181378 0.574926 0.956000  0.806434
5  756.048045 1855.709122 0.864000  2.096344 4.402046 1.588000  2.352840
6  726.050378 1881.675680 1.087000  2.179884 4.618516 1.827000  2.376259
7  787.284761 1821.994204 0.438000  1.733517 4.990503 1.682000  2.386289
8  724.326920 1877.523682 0.946000  2.109852 5.240346 1.707000  2.477376
9  710.717725 1895.324844 1.415000  2.314361 4.680633 1.764000  2.086253
10  782.506182 1862.190192 0.571000  2.065212 0.450461 0.956000  1.893304
11  741.689681 1867.708525 0.895000  2.070129 4.599185 1.512000  2.366796
12  843.762476 1767.117759 -1.044000  2.057290 5.015891 1.609000  2.421708
13  753.643053 1885.687757 0.702000  2.245243 0.466271 1.017000  0.991653
14  757.712118 1883.335520 0.688000  2.104401 0.625466 1.072000  1.986650
15  811.339308 1803.622248 -0.023000  2.338941 4.585786 1.691000  2.603628
16  751.615597 1887.013094 0.652000  2.125503 0.292692 1.017000  1.082110
17  852.715858 1776.588353 -1.224000  1.753343 4.419017 1.570000  -0.719698
18  708.540209 1879.851787 2.348000  2.552523 11.935332 4.464000  2.706245
19  709.669295 1887.160177 0.852000  1.701162 4.464107 1.717000  2.648457
20  788.708395 1844.575817 0.696000  2.159715 4.491889 1.650000  -0.730234
21  746.506005 1858.540367 0.816000  2.148712 4.655248 1.596000  2.493012
22  780.136345 1863.900353 0.621000  2.298625 0.500154 0.956000  -0.364756
23  755.788260 1884.325529 0.752000  2.006534 0.368394 1.017000  0.972186
24  852.056189 1764.184174 -1.601000  2.128832 5.718351 1.757000  1.688402
25  757.324020 1884.446180 0.688000  2.313139 0.434572 1.072000  2.040667
26  749.823690 1888.361116 0.752000  2.091584 0.620677 1.017000  0.701233
27  773.197317 1840.649511 0.745000  1.815567 4.834379 1.585000  2.459846
28  699.949797 1902.866735 1.442000  1.700888 4.677751 1.919000  2.494909
29  787.282281 1832.961443 1.232000  3.313652 6.267607 2.931000  2.346102
30  750.260539 1888.091134 0.652000  2.259564 0.275114 1.017000  0.712000
31  773.649942 1835.023589 0.508000  1.926691 4.739303 1.680000  2.402186

38  31  1542800386.398207
775.698546 1855.722292 -0.681869
1  731.188308 1869.043760 1.144000  2.155412 5.205161 1.602000  2.461620
2  781.092927 1832.989969 0.664000  1.898974 4.878120 1.803000  2.491905
3  757.518640 1883.646633 0.688000  2.014009 0.311877 1.072000  2.007334
4  780.810272 1862.707187 0.621000  2.299722 0.736081 0.956000  0.788328
5  751.910602 1859.058984 0.923000  2.338909 4.733932 1.588000  2.426710
6  721.922297 1883.008332 1.251000  2.111080 4.626175 1.827000  2.319821
7  782.733682 1827.137744 0.535000  1.786909 4.799721 1.682000  2.387742
8  722.278764 1880.906850 1.087000  2.231406 5.106301 1.707000  2.342657
9  706.528854 1897.326653 1.570000  2.590613 5.315657 1.764000  2.691525
10  782.647076 1861.703447 0.571000  2.114901 0.457601 0.956000  1.927082
11  738.096124 1870.466968 1.000000  2.092357 4.294684 1.512000  2.339097
12  838.274778 1774.162344 -1.143000  1.548083 4.371744 1.609000  2.408741
13  753.776749 1885.784517 0.702000  2.195150 0.324654 1.017000  1.045061
14  758.127742 1883.439813 0.688000  2.005200 0.460471 1.072000  2.080165
15  808.785785 1805.196731 0.035000  1.920651 4.479106 1.691000  2.322826
16  751.741793 1887.127743 0.652000  2.143172 0.586879 1.017000  0.966150
17  860.269628 1771.384947 -1.542000  0.372723 5.506407 1.570000  -0.855293
18  709.066008 1879.466192 2.548000  3.222712 12.655074 4.464000  2.603284
19  705.212775 1890.697650 0.852000  1.766795 5.287017 1.717000  2.318263
20  793.451687 1839.942816 0.574000  2.232605 4.850531 1.650000  -0.751624
21  741.864093 1862.155882 0.894000  1.868512 4.604053 1.596000  2.451407
22  780.049932 1864.057211 0.621000  2.267615 0.601589 0.956000  -0.329682
23  755.384568 1884.614547 0.752000  2.314558 0.463552 1.017000  0.961844
24  846.496702 1766.926989 -1.376000  2.294490 4.792195 1.757000  2.710774
25  757.277518 1884.192185 0.688000  2.155778 0.360180 1.072000  2.071655
26  748.885673 1888.027877 0.752000  2.196383 0.241436 1.017000  0.726562
27  769.305225 1844.031674 0.745000  2.056469 4.629452 1.585000  2.401397
28  695.227030 1906.330917 1.404000  2.580609 5.933243 1.919000  2.257134
29  787.364355 1833.229421 1.202000  3.284487 6.210117 2.931000  2.310759
30  750.317327 1888.391903 0.652000  2.143420 0.336576 1.017000  0.706960
31  769.542702 1839.215466 0.631000  2.163407 4.636290 1.680000  2.317052

39  29  1542800386.898102
781.458590 1850.940776 -0.692412
1  726.393138 1872.942370 1.222000  2.228343 4.646529 1.602000  2.581114
2  776.618346 1836.870492 0.752000  2.155936 5.061353 1.803000  2.374537
3  757.910580 1883.887829 0.688000  2.035314 0.504699 1.072000  1.941757
4  781.266901 1862.565652 0.621000  2.221340 0.373350 0.956000  0.772324
5  747.899631 1863.208800 1.049000  2.363214 4.749591 1.588000  2.414678
6  718.566381 1887.509877 1.433000  2.017091 4.734321 1.827000  2.538047
7  777.214083 1832.189364 0.643000  1.915772 4.856936 1.682000  2.338409
8  715.164953 1884.627352 1.244000  2.373142 4.962251 1.707000  2.141777
9  703.370603 1900.750160 1.592000  1.639644 5.552713 1.764000  2.462828
10  782.219264 1861.656897 0.571000  1.902487 0.430918 0.956000  1.977068
11  734.524346 1873.514805 1.072000  1.948697 4.650574 1.512000  2.335271
12  831.543515 1776.486913 -0.643000  2.249120 3.904452 1.609000  2.142692
13  753.739310 1886.387567 0.702000  2.057305 0.475584 1.017000  0.951068
14  758.011516 1883.598735 0.755000  2.240715 0.388002 1.072000  1.932593
15  806.526771 1805.849000 0.155000  1.737381 4.478233 1.691000  2.548529
16  751.815590 1887.331903 0.652000  2.290447 0.599448 1.017000  0.887929
17  868.279745 1764.619096 -1.895000  1.883074 4.374820 1.570000  -0.596427
18  708.680495 1881.280016 2.770000  2.530498 12.617032 4.464000  2.408403
19  799.132875 1835.184492 0.600000  1.862371 4.655090 1.650000  -0.727667
20  737.723460 1866.570133 1.097000  2.104474 4.659875 1.596000  2.458417
21  779.979196 1864.271594 0.621000  2.320930 0.566721 0.956000  -0.331356
22  755.234170 1884.239817 0.752000  1.851362 0.162649 1.017000  0.973681
23  843.087552 1771.652626 -1.126000  1.468502 5.348207 1.757000  1.917600
24  756.908940 1884.661353 0.688000  2.035301 0.469883 1.072000  2.095996
25  765.232490 1847.028762 0.795000  1.852798 4.933586 1.585000  2.383933
26  691.750856 1908.918785 1.460000  2.111781 4.485881 1.919000  2.777488
27  787.699947 1832.832109 1.168000  3.217715 6.209023 2.931000  2.332310
28  749.242545 1888.814821 0.652000  2.032805 0.522952 1.017000  0.699283
29  763.879818 1843.737002 0.768000  2.249608 4.577961 1.680000  2.303081

40  22  1542800387.397971
787.196827 1846.045855 -0.709239
1  771.877518 1840.516804 0.890000  2.340213 4.903418 1.803000  2.435345
2  757.466418 1883.801896 0.688000  2.252600 0.282533 1.072000  1.928225
3  781.319756 1862.611098 0.621000  2.279118 0.473386 0.956000  0.682801
4  742.811189 1866.107922 1.175000  1.732305 4.596756 1.588000  2.406132
5  714.774115 1889.982236 1.565000  2.500502 3.894730 1.827000  2.495081
6  772.232074 1835.978643 0.768000  1.959137 4.879792 1.682000  2.439046
7  696.761917 1903.437394 1.614000  1.852091 5.558524 1.764000  2.098499
8  782.628332 1861.968287 0.571000  2.000958 0.257046 0.956000  1.904851
9  730.375604 1877.236209 1.244000  2.129230 4.263995 1.512000  2.551204
10  825.737727 1784.098675 -0.593000  2.056976 4.660442 1.609000  2.038689
11  758.143147 1883.214666 0.821000  1.985456 0.607616 1.072000  2.011482
12  805.006585 1807.052038 0.125000  1.771593 4.451316 1.691000  2.431575
13  871.317918 1754.958420 -2.247000  1.948747 4.529121 1.570000  -1.385759
14  708.105942 1880.292388 2.892000  2.811733 12.512331 4.464000  2.439368
15  805.398116 1829.686496 0.525000  1.986250 4.589057 1.650000  -0.831135
16  732.686817 1870.493307 1.300000  1.845647 4.193699 1.596000  2.546280
17  780.593002 1864.467479 0.621000  1.980824 0.425285 0.956000  -0.352502
18  755.662243 1884.450948 0.752000  1.683981 0.591576 1.017000  1.049131
19  838.347305 1775.439231 -0.976000  2.314324 4.880044 1.757000  2.462277
20  761.413073 1850.999406 0.945000  1.760141 4.741271 1.585000  2.451083
21  787.529416 1832.595391 1.118000  3.264012 6.053746 2.931000  2.356874
22  759.337096 1848.717087 0.855000  2.014171 4.734902 1.680000  2.580651

41  19  1542800387.897823
792.890418 1841.041609 -0.723105
1  768.195566 1844.811941 1.078000  1.974304 4.836612 1.803000  2.436623
2  757.585188 1884.037475 0.688000  2.323243 0.500089 1.072000  2.101616
3  738.734758 1870.273716 1.300000  1.985480 4.502125 1.588000  2.432576
4  710.747294 1893.566957 1.847000  1.237900 4.781337 1.827000  2.408442
5  767.779891 1840.636616 0.893000  2.067294 4.854811 1.682000  2.382635
6  695.288182 1909.312608 2.086000  2.762242 4.274550 1.764000  2.553425
7  782.205231 1861.806257 0.571000  1.930599 0.620770 0.956000  1.868391
8  727.754824 1879.685057 1.367000  2.195386 4.712988 1.512000  2.475371
9  820.776099 1791.280503 -0.293000  1.820471 4.794448 1.609000  2.400062
10  758.833362 1884.034316 0.888000  2.160684 0.516916 1.072000  2.150646
11  801.188504 1809.116883 0.267000  1.637823 4.291607 1.691000  2.482183
12  878.105994 1749.907918 -2.600000  2.362875 3.474559 1.570000  -0.998153
13  708.298622 1878.199408 2.892000  3.148384 12.872353 4.464000  2.313403
14  810.745494 1824.872128 0.325000  2.151644 4.525704 1.650000  -0.713212
15  726.979812 1873.597907 1.502000  1.992901 4.677031 1.596000  2.394625
16  834.003368 1780.071844 -0.626000  2.150014 4.620682 1.757000  2.166975
17  757.410379 1854.833405 1.094000  2.290039 4.679542 1.585000  2.405990
18  787.058913 1832.325306 1.168000  3.307473 6.403203 2.931000  2.304720
19  753.757881 1853.215934 1.092000  2.195664 4.776838 1.680000  2.465986

