40
1  24  1542800987.947699
1321.390768 903.754771 -2.565303
1  1328.214683 902.884315 1.207000  0.558717 0.766228 1.632000  2.888388
2  1273.794255 840.491196 -2.533000  2.491031 4.913761 1.513000  1.026972
3  1333.653597 904.276272 1.590000  0.486568 0.959113 1.598000  0.920733
4  1301.718818 901.949693 0.294000  0.452720 1.240974 1.706000  1.488901
5  1306.237962 887.489597 -0.189000  1.854628 4.023739 1.637000  1.044451
6  1310.555457 918.106509 0.539000  0.427797 0.382600 1.796000  -1.686617
7  1330.590189 905.003521 1.320000  0.650398 0.672646 1.757000  1.995759
8  1286.664262 838.230999 -0.127000  2.406376 12.162078 4.364000  -2.226679
9  1299.073454 918.786707 1.568000  2.836251 10.897930 4.454000  -0.609728
10  1295.607770 908.609469 0.298000  0.540542 0.986970 1.713000  -1.006332
11  1334.146995 907.258853 1.610000  0.517990 0.922216 1.739000  3.131944
12  1294.165781 867.056639 -1.103000  1.724867 4.085003 1.480000  1.176473
13  1297.316366 924.326320 0.013000  1.943492 4.113271 1.444000  -0.658249
14  1304.634012 891.865211 -0.189000  1.670078 4.153042 1.637000  1.071200
15  1325.321026 908.249335 1.198000  1.693708 4.643632 1.840000  -2.258498
16  1303.670910 919.387897 0.064000  1.976367 4.444617 1.632000  -0.734334
17  1300.052998 847.000557 -1.024000  0.949817 1.074229 1.633000  1.022133
18  1305.717244 901.965695 0.024000  1.797725 4.324801 1.566000  1.667067
19  1338.582512 935.362188 2.043000  1.645280 4.348693 1.529000  0.907667
20  1330.059491 903.894359 1.286000  0.470561 0.360828 1.690000  2.975163
21  1296.093386 855.419920 -1.064000  1.508413 4.153800 1.749000  -2.047738
22  1332.799625 904.876114 1.550000  0.360161 0.341122 1.717000  -2.699027
23  1331.826283 903.249515 1.488000  0.777571 0.709956 1.794000  -3.072146
24  1315.446341 902.427828 0.406000  1.883000 4.333328 1.430000  0.963765

2  24  1542800988.448155
1321.390241 903.754965 -2.565190
1  1328.460421 903.046109 1.207000  0.987803 0.647062 1.632000  2.811219
2  1277.842316 843.759681 -2.332000  1.985007 4.368058 1.513000  1.100406
3  1334.007981 904.522142 1.590000  0.478774 0.962002 1.598000  0.927220
4  1301.855637 902.133930 0.294000  0.580586 1.246203 1.706000  1.544966
5  1308.907679 891.602851 0.011000  1.739787 3.973472 1.637000  1.038494
6  1310.572064 918.274533 0.539000  0.439921 0.464188 1.796000  -1.681084
7  1330.648644 905.449697 1.345000  0.693151 0.540704 1.757000  1.329837
8  1285.393842 837.610758 -0.127000  2.704938 11.586412 4.364000  -2.128253
9  1298.739578 918.499646 1.568000  2.931673 10.759170 4.454000  -0.660122
10  1296.038913 908.806833 0.298000  0.317199 0.851970 1.713000  -0.986120
11  1334.148305 907.215674 1.596000  0.301280 0.794399 1.739000  3.024850
12  1295.830387 870.649725 -0.941000  1.854250 3.939880 1.480000  1.074229
13  1297.822319 924.081523 0.011000  1.673179 4.235279 1.444000  -0.587408
14  1306.024944 894.101252 -0.079000  1.557939 4.009696 1.637000  1.034049
15  1325.448836 907.829538 1.198000  1.551412 4.867792 1.840000  -2.232433
16  1304.035592 919.144732 0.052000  2.087124 4.353106 1.632000  -0.636564
17  1301.030501 849.505326 -0.937000  0.481612 1.479642 1.633000  1.138868
18  1305.046453 903.987455 0.099000  1.761539 4.297590 1.566000  1.944139
19  1341.766495 939.886484 2.243000  1.508622 4.325020 1.529000  0.873078
20  1330.163229 903.850947 1.286000  0.430708 0.463890 1.690000  2.976104
21  1296.547874 853.845889 -1.063000  2.206187 3.984198 1.749000  -2.004387
22  1333.235625 904.686980 1.550000  0.752768 0.366104 1.717000  -2.687111
23  1331.690821 903.123622 1.488000  0.727559 0.743945 1.794000  3.108824
24  1318.834578 905.986937 0.656000  1.788635 4.471104 1.430000  0.907455

3  25  1542800988.948006
1321.389987 903.755261 -2.565210
1  1328.672205 902.850980 1.207000  0.754718 0.594865 1.632000  2.740270
2  1279.860129 848.624907 -2.132000  2.021839 4.324474 1.513000  1.134872
3  1334.784749 915.361942 1.469000  1.791584 4.215661 1.755000  -2.213849
4  1334.581934 905.255203 1.590000  0.562097 1.103310 1.598000  0.934752
5  1302.008731 902.187962 0.294000  0.475608 1.170924 1.706000  1.498884
6  1311.560906 895.798013 0.211000  1.649498 3.942006 1.637000  1.023567
7  1310.384580 918.409798 0.539000  0.493514 0.436463 1.796000  -1.686635
8  1330.409176 905.206334 1.320000  0.584020 0.572341 1.757000  0.798101
9  1285.459284 837.450628 -0.127000  2.578945 11.790774 4.364000  -2.289865
10  1299.114709 918.863460 1.568000  3.051467 10.837835 4.454000  -0.596405
11  1296.300440 908.004202 0.298000  0.501536 0.912365 1.713000  -0.942257
12  1333.898256 907.037756 1.582000  0.502525 0.636064 1.739000  2.999381
13  1298.626041 874.322549 -0.778000  1.702801 4.258664 1.480000  0.996116
14  1297.719143 924.598706 0.008000  1.868090 4.336861 1.444000  -0.693140
15  1307.456663 896.195835 0.031000  1.807875 4.112604 1.637000  1.064884
16  1325.148750 907.840900 1.198000  1.974169 4.649655 1.840000  -2.212657
17  1303.501428 919.405060 0.039000  1.855216 4.350294 1.632000  -0.657670
18  1302.129425 851.122557 -0.849000  0.393742 1.040854 1.633000  1.121041
19  1303.955974 905.537503 0.174000  1.706287 4.403840 1.566000  2.109595
20  1345.288554 943.645372 2.443000  1.521489 4.046585 1.529000  0.893803
21  1329.844779 904.236043 1.286000  0.590082 0.406381 1.690000  2.985460
22  1297.603188 854.899355 -1.061000  2.146011 4.098358 1.749000  -2.151420
23  1332.758181 904.569445 1.550000  0.611667 0.371074 1.717000  -2.720910
24  1331.603392 903.354602 1.488000  0.702013 0.739818 1.794000  2.898742
25  1321.495576 910.594514 0.906000  2.005452 4.458189 1.430000  0.897968

4  25  1542800989.447876
1321.389884 903.755592 -2.565210
1  1328.615429 903.252333 1.257000  0.622374 0.692357 1.632000  2.311358
2  1282.572086 853.781148 -1.932000  1.120910 4.941744 1.513000  1.014791
3  1330.121953 909.112639 1.169000  1.868908 4.215694 1.755000  -2.216300
4  1334.712731 905.697870 1.590000  0.671940 0.906301 1.598000  0.889096
5  1301.606752 902.087127 0.294000  0.528038 1.337147 1.706000  1.470563
6  1313.486390 899.487716 0.411000  1.562340 4.124600 1.637000  0.941075
7  1310.446872 918.125965 0.539000  0.402376 0.512560 1.796000  -1.736489
8  1330.796500 904.755892 1.320000  0.680377 0.529410 1.757000  0.822241
9  1285.933428 836.932495 -0.127000  3.467369 12.408432 4.364000  -2.027312
10  1299.052052 918.869724 1.568000  2.779605 10.683789 4.454000  -0.695771
11  1296.693924 907.242868 0.298000  0.471211 1.043651 1.713000  -1.000302
12  1334.025662 907.276987 1.567000  0.511115 0.956340 1.739000  2.922033
13  1300.637340 878.531582 -0.716000  1.766198 4.214322 1.480000  0.963936
14  1297.460877 924.209299 0.005000  1.826520 4.328091 1.444000  -0.627291
15  1309.211392 899.048268 0.141000  1.751989 4.283276 1.637000  1.092928
16  1325.228163 908.042489 1.198000  1.723564 4.789813 1.840000  -2.262487
17  1303.263852 919.146074 0.027000  1.853353 4.412358 1.632000  -0.706427
18  1302.210909 853.787762 -0.761000  0.212727 1.317320 1.633000  1.077924
19  1302.455491 906.518960 0.166000  1.775121 4.227615 1.566000  2.353371
20  1349.685264 948.214462 2.493000  1.640366 3.942254 1.529000  0.944761
21  1330.260638 903.955549 1.286000  0.710635 0.385954 1.690000  3.075958
22  1297.065679 854.698986 -1.059000  1.693131 4.366130 1.749000  -1.916944
23  1332.982913 904.985669 1.550000  0.477900 0.323260 1.717000  -2.681535
24  1331.197126 903.102985 1.488000  0.746514 0.896963 1.794000  2.808343
25  1324.174729 914.760322 1.106000  1.924683 4.195333 1.430000  0.920745

5  24  1542800989.947775
1321.389740 903.755840 -2.565250
1  1328.792887 902.867717 1.237000  0.750033 0.739315 1.632000  1.503044
2  1285.289983 856.248309 -1.732000  2.059875 4.664364 1.513000  0.992786
3  1324.627417 902.168643 1.044000  1.921105 4.237144 1.755000  -2.191726
4  1335.847764 906.713967 1.590000  0.607404 0.942396 1.598000  0.911759
5  1301.684438 902.168842 0.294000  0.540609 1.244207 1.706000  1.498427
6  1316.070795 903.669408 0.611000  1.730173 4.179325 1.637000  0.986975
7  1310.275177 918.046782 0.539000  0.476413 0.324723 1.796000  -1.682463
8  1331.190332 905.590160 1.320000  0.614108 0.560568 1.757000  0.799814
9  1285.640082 835.613625 -0.126000  2.964695 12.243938 4.364000  -2.427283
10  1299.618515 918.845640 1.568000  2.865146 10.912251 4.454000  -0.719059
11  1296.543460 906.559054 0.298000  0.389758 0.924756 1.713000  -0.974720
12  1333.835874 907.277562 1.553000  0.454463 0.768721 1.739000  2.932077
13  1303.228746 882.327140 -0.654000  1.996479 4.427617 1.480000  0.997316
14  1297.536887 923.926481 0.003000  1.761211 4.076477 1.444000  -0.663438
15  1310.177785 901.723914 0.251000  1.740045 3.843616 1.637000  0.982545
16  1325.227048 908.159388 1.198000  1.749822 4.736575 1.840000  -2.221570
17  1303.540778 918.967034 0.014000  1.671245 4.291590 1.632000  -0.711264
18  1305.088731 855.604340 -0.673000  0.746494 1.144810 1.633000  1.102161
19  1300.715236 908.688408 0.157000  1.739325 4.393955 1.566000  2.322799
20  1330.266655 904.080434 1.286000  0.339828 0.429718 1.690000  2.994901
21  1295.690130 854.380974 -1.058000  1.770504 4.519184 1.749000  -2.144194
22  1333.149837 904.409221 1.550000  0.625311 0.343551 1.717000  -2.736929
23  1331.837500 902.929101 1.488000  0.913224 0.577755 1.794000  2.560609
24  1327.628424 918.251205 1.306000  1.914030 4.510035 1.430000  0.879144

6  24  1542800990.447665
1321.389703 903.756110 -2.565259
1  1328.749491 903.120882 1.217000  0.578381 0.726479 1.632000  0.578207
2  1286.256984 860.806949 -1.532000  2.091734 4.433047 1.513000  0.946015
3  1320.875385 896.534671 0.669000  1.734509 4.351985 1.755000  -2.120426
4  1335.498894 907.403093 1.590000  0.717607 0.877856 1.598000  0.910738
5  1302.100824 902.040502 0.294000  0.623282 1.088484 1.706000  1.517416
6  1318.862955 907.065763 0.811000  1.678479 4.000993 1.637000  0.929107
7  1310.683624 918.368544 0.539000  0.423951 0.332098 1.796000  -1.631980
8  1331.147917 905.328718 1.345000  0.658865 0.516654 1.757000  1.726458
9  1284.837854 837.719357 -0.126000  3.144420 11.506013 4.364000  -2.200627
10  1299.194300 919.134762 1.568000  3.080351 10.920205 4.454000  -0.630584
11  1297.090021 906.201866 0.305000  0.572576 0.810209 1.713000  -0.894164
12  1333.469267 907.593014 1.538000  0.554150 0.959374 1.739000  2.763645
13  1305.497799 886.845574 -0.420000  1.874285 4.125767 1.480000  1.018737
14  1297.160104 924.207967 0.000000  1.810217 4.375256 1.444000  -0.679997
15  1312.647583 904.691388 0.386000  1.817478 4.002005 1.637000  0.981978
16  1325.189628 908.322768 1.198000  1.886889 4.777918 1.840000  -2.330926
17  1303.730073 918.848582 0.001000  1.877432 4.323865 1.632000  -0.637200
18  1304.684984 855.698347 -0.623000  0.364468 1.784948 1.633000  0.968287
19  1298.958656 910.116919 0.149000  1.813538 4.292946 1.566000  2.385655
20  1330.297679 904.528438 1.286000  0.518790 0.265748 1.690000  2.942432
21  1296.910202 854.437288 -1.056000  2.022006 3.812556 1.749000  -2.339960
22  1332.765919 904.960801 1.550000  0.471704 0.672274 1.717000  -2.748417
23  1331.440182 902.421751 1.488000  0.727505 0.784201 1.794000  2.304944
24  1330.961360 922.622955 1.539000  1.786370 4.392732 1.430000  0.919978

7  24  1542800990.947514
1321.389574 903.756279 -2.565246
1  1328.935780 903.044531 1.242000  0.761696 0.438803 1.632000  0.650131
2  1289.567872 865.574349 -1.332000  1.622220 4.702054 1.513000  1.048719
3  1316.838420 889.443587 0.344000  1.811907 4.128508 1.755000  -2.144857
4  1335.763812 907.695272 1.590000  0.624094 0.929827 1.598000  0.898978
5  1302.153107 902.392285 0.294000  0.619679 1.272121 1.706000  1.457594
6  1321.808597 910.847813 1.011000  1.689125 4.120124 1.637000  0.949125
7  1310.408817 917.800318 0.539000  0.548432 0.452851 1.796000  -1.735904
8  1331.201903 905.603908 1.370000  0.592747 0.587632 1.757000  2.530686
9  1284.770432 836.239249 -0.126000  2.506635 11.932427 4.364000  -2.210901
10  1299.352253 918.730204 1.568000  2.741755 10.885177 4.454000  -0.597802
11  1297.997117 905.766056 0.312000  0.269203 0.891716 1.713000  -0.924170
12  1333.074886 907.405447 1.513000  0.567892 0.755251 1.739000  2.816292
13  1307.927382 891.441744 -0.187000  1.777522 4.272200 1.480000  0.950731
14  1297.554820 924.364673 -0.002000  1.906157 4.417725 1.444000  -0.623877
15  1314.488364 907.228722 0.521000  1.760690 3.995511 1.637000  0.971967
16  1325.210545 907.925600 1.198000  1.837658 4.758665 1.840000  -2.227129
17  1303.770341 918.986233 -0.011000  1.827172 4.585717 1.632000  -0.719705
18  1305.804921 857.546172 -0.573000  0.318037 1.062793 1.633000  1.084539
19  1296.542509 912.437935 0.141000  1.791488 4.447150 1.566000  2.448931
20  1330.037067 904.317564 1.286000  0.599798 0.474578 1.690000  3.065117
21  1296.302595 853.958241 -1.057000  2.231713 4.515110 1.749000  -2.079994
22  1333.197414 904.809930 1.550000  0.565916 0.382853 1.717000  -2.690879
23  1331.934325 902.574356 1.488000  0.697993 0.786865 1.794000  1.984293
24  1334.194566 926.636977 1.772000  1.738900 4.404473 1.430000  0.904090

8  24  1542800991.448017
1321.389497 903.756447 -2.565296
1  1329.165223 902.929193 1.267000  0.666235 0.698844 1.632000  0.599168
2  1292.555654 870.260584 -1.132000  1.904117 4.689826 1.513000  1.074905
3  1312.593697 883.902697 0.219000  1.858714 4.369892 1.755000  -2.127073
4  1336.455864 908.025511 1.590000  0.638967 0.932229 1.598000  0.571423
5  1301.816052 902.181306 0.294000  0.466126 1.167801 1.706000  1.488391
6  1324.760423 915.024112 1.212000  1.916134 3.982166 1.637000  0.941846
7  1310.403418 918.118664 0.536000  0.264879 0.351698 1.796000  -1.619076
8  1331.107127 904.930510 1.374000  0.619893 0.578407 1.757000  2.514850
9  1286.358611 836.875797 -0.127000  2.165845 11.778520 4.364000  -2.191948
10  1299.548869 918.963148 1.568000  2.647710 10.916065 4.454000  -0.656527
11  1297.944097 905.363821 0.319000  0.378492 0.713053 1.713000  -0.914308
12  1333.047505 907.695086 1.488000  0.232701 0.753854 1.739000  2.686167
13  1310.680330 895.779001 0.046000  1.596352 4.120129 1.480000  1.023385
14  1297.273606 924.090542 -0.005000  1.895844 4.420247 1.444000  -0.653798
15  1316.262149 910.012804 0.665000  1.685764 3.971830 1.637000  0.923435
16  1325.597739 908.114476 1.198000  1.717141 4.740278 1.840000  -2.296904
17  1303.142296 919.090651 -0.024000  1.851075 4.387089 1.632000  -0.662145
18  1305.152180 857.712585 -0.523000  0.385802 1.254034 1.633000  1.048668
19  1294.265998 914.135862 0.132000  1.931359 4.236744 1.566000  2.491698
20  1330.023826 904.306229 1.286000  0.387059 0.463868 1.690000  2.927252
21  1296.647125 854.329487 -1.058000  1.843235 4.007009 1.749000  -2.110159
22  1332.949832 904.829621 1.550000  0.655541 0.390231 1.717000  -2.669294
23  1331.139620 903.022559 1.488000  0.797986 0.755856 1.794000  1.523619
24  1338.069064 931.290332 2.006000  1.934273 4.451628 1.430000  0.886960

9  25  1542800991.947811
1321.389546 903.756666 -2.565310
1  1329.563514 903.037886 1.257000  0.610068 0.689486 1.632000  0.766746
2  1295.047448 874.559985 -0.932000  1.965050 4.318540 1.513000  1.040783
3  1309.832292 877.467611 -0.027000  1.942076 4.158682 1.755000  -2.100534
4  1337.113222 908.728017 1.590000  0.647068 1.109239 1.598000  0.384498
5  1301.766891 902.114131 0.294000  0.492525 1.277955 1.706000  1.540774
6  1328.096695 918.650680 1.412000  1.791110 3.909234 1.637000  0.858466
7  1309.965582 918.287869 0.532000  0.629040 0.608311 1.796000  -1.725259
8  1331.617060 905.588217 1.379000  0.781683 0.649207 1.757000  2.617109
9  1286.085578 836.266305 -0.127000  2.030426 12.234506 4.364000  -2.497246
10  1299.060376 918.947238 1.568000  2.990599 10.904922 4.454000  -0.662262
11  1298.610884 904.369043 0.311000  0.384924 0.961290 1.713000  -0.931859
12  1332.478130 907.946824 1.462000  0.814914 0.773054 1.739000  2.563024
13  1313.564868 899.881152 0.280000  1.618862 4.233819 1.480000  0.951644
14  1297.431707 924.442155 -0.007000  1.957753 4.268717 1.444000  -0.606461
15  1285.415560 856.613507 -1.673000  1.886756 4.913236 1.503000  0.765087
16  1318.687785 912.984042 0.808000  1.782416 4.096976 1.637000  0.851888
17  1325.163313 907.952409 1.198000  1.730707 4.886417 1.840000  -2.207383
18  1303.719510 919.274528 -0.037000  1.767392 4.420065 1.632000  -0.641103
19  1306.496213 859.173391 -0.472000  0.205123 1.399170 1.633000  1.032935
20  1291.958279 915.946391 0.124000  1.804590 4.265939 1.566000  2.509606
21  1330.061494 904.217161 1.286000  0.810907 0.492443 1.690000  2.835101
22  1296.141808 853.669419 -1.059000  1.884240 4.524789 1.749000  -2.211656
23  1332.952568 904.784160 1.550000  0.709811 0.536837 1.717000  -2.737786
24  1331.339722 902.785818 1.488000  0.685931 0.938637 1.794000  1.536630
25  1341.176432 935.033448 2.239000  2.129720 4.294889 1.430000  0.797062

10  26  1542800992.447751
1321.390093 903.757183 -2.566011
1  1329.528135 902.998842 1.247000  0.626772 0.664986 1.632000  0.784336
2  1351.777481 922.575821 2.403000  0.525033 1.064295 1.780000  -2.520334
3  1297.794184 880.016603 -0.732000  2.007529 4.312152 1.513000  0.967877
4  1306.769893 871.852278 -0.273000  1.987297 4.238411 1.755000  -2.043670
5  1337.600198 908.581165 1.590000  0.554087 0.978354 1.598000  0.064402
6  1301.928131 902.348563 0.294000  0.419848 1.191150 1.706000  1.535166
7  1331.306510 923.056277 1.612000  1.772650 3.979331 1.637000  0.902371
8  1310.272755 918.085159 0.529000  0.468543 0.483497 1.796000  -1.727199
9  1331.612774 905.309796 1.383000  0.698508 0.592032 1.757000  2.556404
10  1284.266830 836.905395 -0.127000  2.738479 12.444099 4.364000  -2.245847
11  1299.277614 918.735433 1.568000  2.664971 10.910946 4.454000  -0.722925
12  1299.041195 904.148235 0.303000  0.196972 0.821600 1.713000  -0.933052
13  1331.914996 908.029641 1.290000  0.469939 0.699768 1.739000  2.551052
14  1316.085724 904.460013 0.513000  1.877754 4.070238 1.480000  0.905886
15  1297.246537 924.370468 -0.010000  1.876024 4.275917 1.444000  -0.579902
16  1286.613844 860.739093 -1.511000  1.596064 4.454601 1.503000  1.020997
17  1320.793083 916.100831 0.951000  1.614465 3.916248 1.637000  0.884145
18  1325.238019 908.021201 1.198000  1.725605 4.785164 1.840000  -2.204599
19  1303.705907 919.574868 -0.049000  1.748479 4.432134 1.632000  -0.640874
20  1307.299845 861.482033 -0.306000  0.711830 1.266187 1.633000  0.979038
21  1289.736848 917.585392 0.167000  1.501768 4.375651 1.566000  2.512130
22  1329.683152 903.979952 1.286000  0.520489 0.423511 1.690000  2.793286
23  1295.880891 854.457817 -1.059000  1.991959 4.342377 1.749000  -2.244300
24  1332.835058 904.976994 1.550000  0.407325 0.243132 1.717000  -2.654271
25  1331.590932 902.941970 1.488000  0.592184 0.817745 1.794000  1.501988
26  1344.983776 939.661537 2.472000  1.730472 4.397617 1.430000  0.963886

11  26  1542800992.897804
1321.397282 903.761987 -2.569978
1  1329.895233 902.736352 1.251000  0.677787 0.438540 1.632000  0.995024
2  1351.095727 922.316845 2.377000  0.922332 0.896359 1.780000  -2.468500
3  1299.830619 883.475471 -0.552000  1.642593 4.519836 1.513000  1.133852
4  1304.322044 866.281425 -0.494000  1.917746 3.927909 1.755000  -1.882546
5  1338.461624 908.847353 1.637000  0.603962 0.808311 1.598000  -0.083415
6  1301.735333 901.986996 0.294000  0.493047 1.345656 1.706000  1.486471
7  1333.949104 926.052962 1.792000  1.627624 4.098027 1.637000  0.847903
8  1310.548357 917.820695 0.526000  0.325917 0.614505 1.796000  -1.656169
9  1330.950927 905.166288 1.388000  0.653863 0.650667 1.757000  2.539112
10  1285.575464 836.806372 -0.127000  2.654778 11.800965 4.364000  -2.133804
11  1299.367430 918.898857 1.568000  2.751276 11.034851 4.454000  -0.629178
12  1299.117190 903.612655 0.296000  0.272896 1.010776 1.713000  -0.903152
13  1331.733662 908.376435 1.292000  0.411411 0.620419 1.739000  2.636032
14  1319.013754 907.690991 0.723000  1.810855 4.135274 1.480000  0.950711
15  1297.551316 924.193687 -0.012000  1.623740 4.126674 1.444000  -0.611698
16  1288.902427 863.652202 -1.380000  1.735387 4.623907 1.503000  0.894422
17  1323.232812 918.955839 1.074000  1.753722 3.924664 1.637000  0.823670
18  1325.342098 907.872183 1.198000  1.807035 4.631627 1.840000  -2.314980
19  1303.657975 918.857994 -0.046000  1.823603 4.414556 1.632000  -0.724311
20  1308.493477 863.112434 -0.156000  0.397668 1.284459 1.633000  1.063866
21  1287.443793 919.284596 0.206000  1.725492 4.236033 1.566000  2.563182
22  1329.752865 903.936499 1.286000  0.494845 0.432652 1.690000  2.739427
23  1296.323925 853.835731 -1.048000  1.742364 4.113704 1.749000  -2.246084
24  1332.993243 904.877947 1.550000  0.519429 0.288592 1.717000  -2.719836
25  1331.450240 903.029728 1.488000  0.712957 0.804646 1.794000  1.489843
26  1347.301927 942.825907 2.682000  2.192733 4.089236 1.430000  0.868012

12  25  1542800993.397691
1321.349382 903.732462 -2.574353
1  1329.324368 903.354510 1.307000  0.716986 0.674672 1.632000  1.102355
2  1350.693928 922.105211 2.348000  0.576023 0.901223 1.780000  -2.553288
3  1302.494430 888.068439 -0.352000  1.868844 4.573627 1.513000  0.960517
4  1302.382456 859.956442 -0.690000  2.188225 4.123635 1.755000  -2.051633
5  1338.442638 908.823686 1.689000  0.456531 0.930580 1.598000  -0.223596
6  1301.767549 902.088625 0.294000  0.432031 1.316421 1.706000  1.518287
7  1337.183839 930.223577 1.992000  1.876317 3.925663 1.637000  0.859754
8  1310.781289 918.106421 0.523000  0.676512 0.447770 1.796000  -1.676092
9  1331.196372 905.325640 1.392000  0.629914 0.579412 1.757000  2.555847
10  1285.192524 837.985119 -0.136000  3.251786 11.979210 4.364000  -2.119149
11  1298.990830 918.895801 1.568000  2.917143 10.813274 4.454000  -0.649667
12  1299.802823 903.342987 0.288000  0.304055 0.875177 1.713000  -0.923894
13  1331.283257 908.916840 1.295000  0.545256 0.761846 1.739000  2.587346
14  1321.875584 912.400800 0.956000  1.731858 4.129040 1.480000  0.864327
15  1297.482611 924.176071 -0.015000  2.035547 4.415504 1.444000  -0.653275
16  1291.164301 868.045228 -1.235000  1.846735 4.786614 1.503000  0.895660
17  1325.691080 921.857428 1.210000  1.623004 4.061864 1.637000  0.874299
18  1325.209207 907.943883 1.198000  1.733210 4.879665 1.840000  -2.318625
19  1303.465721 918.904685 -0.043000  1.929845 4.329581 1.632000  -0.663114
20  1308.672991 864.348467 -0.093000  0.370981 1.391248 1.633000  1.015500
21  1285.872373 921.143656 0.250000  1.529556 4.294252 1.566000  2.465253
22  1330.464927 903.752986 1.286000  0.543319 0.420211 1.690000  2.719083
23  1296.928780 852.801414 -1.046000  1.928005 4.032882 1.749000  -2.127281
24  1332.923036 904.480936 1.550000  0.422990 0.398023 1.717000  -2.763941
25  1331.559461 903.406507 1.488000  0.646436 0.794081 1.794000  1.540845

13  25  1542800993.897003
1321.331971 903.724442 -2.572949
1  1329.734922 903.900309 1.282000  0.724948 0.643224 1.632000  1.442990
2  1350.036337 922.014166 2.320000  0.777498 0.915473 1.780000  -2.464730
3  1305.102745 892.560281 -0.152000  1.764997 4.421350 1.513000  1.026703
4  1299.446241 853.580255 -0.886000  2.198411 4.446349 1.755000  -2.162153
5  1339.383524 908.439059 1.740000  0.562393 0.963314 1.598000  -0.292582
6  1301.553603 902.176389 0.269000  0.341110 1.226790 1.706000  1.505208
7  1340.131525 934.101052 2.191000  1.723136 4.227512 1.637000  0.924621
8  1310.542254 917.858262 0.519000  0.625320 0.227384 1.796000  -1.679064
9  1331.146691 905.471526 1.387000  0.684672 0.439730 1.757000  2.530037
10  1288.005941 836.938098 -0.144000  3.098281 12.247978 4.364000  -2.365777
11  1299.514183 918.959195 1.568000  2.863404 10.854938 4.454000  -0.666870
12  1300.263136 902.754772 0.275000  0.426476 0.804766 1.713000  -1.001787
13  1330.291737 909.327595 1.297000  0.488630 0.681218 1.739000  2.586852
14  1325.497329 916.253094 1.189000  1.664129 4.188742 1.480000  0.797905
15  1297.618893 923.901037 -0.017000  2.039661 4.313141 1.444000  -0.694507
16  1293.824021 872.011598 -1.090000  1.575798 4.667612 1.503000  1.010915
17  1328.480716 925.133837 1.370000  1.671612 4.023726 1.637000  0.899142
18  1325.251980 908.047797 1.198000  1.810767 4.675260 1.840000  -2.266854
19  1303.851614 919.059355 -0.039000  1.913300 4.296401 1.632000  -0.663132
20  1310.003060 865.966897 -0.031000  0.630061 1.625725 1.633000  1.002389
21  1283.859683 922.857368 0.305000  1.884541 4.395864 1.566000  2.438771
22  1330.154414 904.096882 1.286000  0.571239 0.563211 1.690000  2.764114
23  1296.106332 853.577624 -1.069000  1.864888 4.199743 1.749000  -2.363280
24  1332.965646 904.671301 1.525000  0.290522 0.398717 1.717000  -2.733627
25  1331.546807 903.679219 1.488000  0.777344 0.922307 1.794000  1.487378

14  25  1542800994.396889
1321.330910 903.726453 -2.572779
1  1329.736781 903.443309 1.257000  0.756451 0.785728 1.632000  1.603684
2  1349.049131 921.081635 2.291000  0.825080 0.891248 1.780000  -2.374680
3  1308.550548 897.069928 0.048000  1.848400 4.381835 1.513000  1.103657
4  1295.717935 848.106216 -1.081000  1.881834 4.138442 1.755000  -2.105230
5  1339.928769 908.624792 1.792000  0.727270 0.835591 1.598000  -0.419577
6  1301.857033 902.700329 0.244000  0.625519 1.261006 1.706000  1.571254
7  1344.105357 938.066333 2.391000  1.488411 4.309417 1.637000  0.885215
8  1310.588498 918.278368 0.516000  0.484904 0.599642 1.796000  -1.643319
9  1331.572064 905.543886 1.381000  0.478479 0.600769 1.757000  2.511856
10  1284.798164 835.482279 -0.153000  2.158679 12.145269 4.364000  -2.365027
11  1299.610246 918.531777 1.568000  3.297130 10.816001 4.454000  -0.649067
12  1300.415808 902.069563 0.262000  0.143228 0.923282 1.713000  -1.078311
13  1330.121636 909.648713 1.294000  0.765354 0.667892 1.739000  2.580499
14  1328.261183 919.923523 1.372000  1.704139 4.279594 1.480000  0.841184
15  1297.657148 924.502494 -0.020000  1.893137 4.337528 1.444000  -0.591253
16  1295.788962 875.612253 -0.929000  1.913441 4.386845 1.503000  1.191434
17  1330.898184 927.880133 1.530000  1.755799 3.945991 1.637000  0.896005
18  1324.848738 908.319650 1.198000  1.723515 4.768252 1.840000  -2.284572
19  1303.296558 918.806583 -0.036000  1.749506 4.307556 1.632000  -0.632493
20  1310.744558 867.223307 0.032000  0.560847 1.281203 1.633000  0.961842
21  1281.605475 923.761542 0.361000  1.605996 4.128799 1.566000  2.324056
22  1330.075175 904.011552 1.286000  0.454564 0.462322 1.690000  2.907997
23  1295.499729 853.047609 -1.092000  1.764928 4.352299 1.749000  -2.064322
24  1332.882592 904.797998 1.500000  0.524558 0.316218 1.717000  -2.703606
25  1331.167149 903.685959 1.488000  0.621600 0.558114 1.794000  1.874898

15  25  1542800994.896757
1321.330173 903.728288 -2.572805
1  1329.387951 903.584794 1.257000  0.863874 0.565812 1.632000  1.745721
2  1349.115005 920.694856 2.263000  0.738353 1.035143 1.780000  -2.348436
3  1311.000878 901.039223 0.248000  1.796291 4.546931 1.513000  1.013563
4  1294.386855 842.869382 -1.277000  1.879880 4.441553 1.755000  -2.151889
5  1340.655750 908.281530 1.844000  0.500529 0.973785 1.598000  -0.482471
6  1302.003767 903.353166 0.219000  0.633858 1.402135 1.706000  1.630214
7  1347.223952 941.651835 2.591000  1.417263 4.086773 1.637000  0.902304
8  1310.442354 918.175819 0.513000  0.456241 0.512319 1.796000  -1.691368
9  1331.080266 905.886293 1.375000  0.423453 0.438525 1.757000  2.568480
10  1285.481915 834.752333 -0.162000  2.696863 11.939513 4.364000  -2.211360
11  1298.938464 918.779186 1.568000  2.980035 11.080868 4.454000  -0.682596
12  1300.710826 901.793294 0.249000  0.397682 0.919849 1.713000  -1.215360
13  1329.551760 909.992241 1.292000  0.568801 0.591084 1.739000  2.692173
14  1332.017604 923.672537 1.556000  1.651252 4.245275 1.480000  0.882064
15  1297.148562 924.009020 -0.022000  1.630724 4.356751 1.444000  -0.634801
16  1297.827402 879.212700 -0.767000  1.657905 4.548684 1.503000  1.103373
17  1333.703126 931.118309 1.740000  1.546784 3.896386 1.637000  0.876130
18  1325.188345 907.865880 1.198000  1.750437 4.823289 1.840000  -2.261817
19  1303.729217 919.617668 -0.032000  1.941849 4.671273 1.632000  -0.634246
20  1311.807022 868.616941 0.094000  0.761379 1.262004 1.633000  0.994538
21  1278.626808 926.242868 0.417000  1.460365 4.508001 1.566000  2.572004
22  1330.056674 903.866336 1.286000  0.554029 0.404472 1.690000  2.945456
23  1296.600924 853.209400 -1.115000  2.083021 4.052062 1.749000  -2.078616
24  1332.761251 905.178914 1.500000  0.689438 0.352440 1.717000  -2.770583
25  1331.217039 903.891903 1.488000  0.784166 0.840060 1.794000  2.208176

16  24  1542800995.397176
1321.329463 903.729823 -2.572906
1  1329.416700 903.527856 1.257000  0.691685 0.652516 1.632000  1.833147
2  1348.610635 920.179469 2.234000  0.945373 0.808466 1.780000  -2.297023
3  1314.174005 905.799654 0.448000  1.795203 4.363647 1.513000  0.972570
4  1290.425765 836.396907 -1.473000  2.155963 3.687703 1.755000  -2.253412
5  1341.261555 907.719083 1.896000  0.606911 0.954069 1.598000  -0.451075
6  1301.820108 904.259636 0.194000  0.480055 1.357711 1.706000  1.864469
7  1310.916781 918.193834 0.509000  0.524366 0.183242 1.796000  -1.687638
8  1331.373678 905.554962 1.370000  0.602230 0.450582 1.757000  2.580540
9  1282.611975 835.283317 -0.171000  2.660866 12.914268 4.364000  -2.129982
10  1299.367862 918.772149 1.568000  3.080592 10.875118 4.454000  -0.645831
11  1301.091927 900.996597 0.237000  0.573351 0.823089 1.713000  -1.356447
12  1328.813416 910.303221 1.289000  0.625752 0.856930 1.739000  2.768813
13  1334.537155 927.328524 1.749000  1.687221 4.294083 1.480000  0.873995
14  1297.414116 924.241520 -0.025000  1.634538 4.208597 1.444000  -0.621787
15  1300.306960 882.811044 -0.595000  1.692558 4.448806 1.503000  1.066693
16  1336.616145 935.037974 1.950000  1.657536 4.065015 1.637000  0.872731
17  1325.140388 907.974220 1.198000  1.951520 4.793694 1.840000  -2.179785
18  1303.709970 919.285314 -0.029000  1.961252 4.309275 1.632000  -0.575983
19  1312.283993 870.571297 0.157000  0.647794 1.116647 1.633000  1.090185
20  1277.043950 927.326637 0.473000  1.826476 4.278552 1.566000  2.531055
21  1329.924105 904.087381 1.293000  0.740249 0.448553 1.690000  2.946619
22  1295.305611 852.352630 -1.138000  1.913224 3.890253 1.749000  -2.212625
23  1332.867311 904.616221 1.500000  0.639663 0.365670 1.717000  -2.784410
24  1331.674398 903.658226 1.488000  0.867491 0.666354 1.794000  2.290317

17  24  1542800995.898163
1321.329868 903.731802 -2.574025
1  1329.786995 903.923728 1.257000  0.868134 0.631964 1.632000  1.927383
2  1348.088888 919.465100 2.205000  0.787160 0.722834 1.780000  -2.345967
3  1317.310489 909.855461 0.648000  1.870599 4.501913 1.513000  0.937430
4  1287.378953 831.542019 -1.669000  2.731492 4.272174 1.755000  -2.110056
5  1341.754241 907.552042 1.947000  0.478684 0.958244 1.598000  -0.428598
6  1301.733876 905.495644 0.202000  0.511909 1.350763 1.706000  1.970604
7  1310.427923 917.478803 0.506000  0.285710 0.451289 1.796000  -1.699393
8  1331.130528 905.519095 1.364000  0.570604 0.498306 1.757000  2.591740
9  1285.434984 835.092716 -0.179000  2.888963 11.651411 4.364000  -1.996714
10  1298.891139 918.839896 1.568000  2.833655 10.872871 4.454000  -0.612703
11  1301.692857 900.058741 0.232000  0.359106 0.852682 1.713000  -1.318113
12  1327.878506 910.524496 1.287000  0.484777 0.806115 1.739000  2.833996
13  1337.656209 931.277454 1.942000  1.698358 4.350828 1.480000  0.845230
14  1297.554919 924.243568 -0.028000  1.816081 4.171137 1.444000  -0.661312
15  1302.212289 886.441542 -0.423000  1.821524 4.613238 1.503000  0.993948
16  1339.439684 938.840636 2.124000  1.906133 4.200854 1.637000  0.918149
17  1325.593114 908.114582 1.198000  1.827825 4.676074 1.840000  -2.252995
18  1303.576094 919.030747 -0.025000  1.912906 4.242418 1.632000  -0.637610
19  1313.323672 871.808825 0.203000  0.424642 1.370983 1.633000  0.974915
20  1275.883814 927.502392 0.505000  1.830898 4.319894 1.566000  2.435404
21  1330.205346 903.751400 1.301000  0.441267 0.394185 1.690000  2.957087
22  1295.309785 851.548107 -1.161000  1.717612 4.291144 1.749000  -2.257051
23  1332.699825 904.482241 1.500000  0.438008 0.420907 1.717000  -3.046275
24  1331.607485 903.839954 1.488000  0.883632 0.793276 1.794000  2.364498

18  23  1542800996.448383
1321.325766 903.730844 -2.582161
1  1329.682759 903.590682 1.275000  0.659656 0.574641 1.632000  1.975580
2  1347.370676 919.235581 2.174000  0.769585 0.925924 1.780000  -2.403087
3  1320.423040 914.274180 0.868000  1.970044 4.614257 1.513000  0.933264
4  1342.207045 907.137253 1.987000  0.742600 0.896426 1.598000  -0.663364
5  1300.639339 907.353655 0.210000  0.430203 1.402794 1.706000  2.198475
6  1310.365696 917.887302 0.502000  0.413991 0.471994 1.796000  -1.619626
7  1331.269908 905.509393 1.358000  0.682474 0.575617 1.757000  2.549810
8  1284.072143 835.655403 -0.189000  2.594142 12.337374 4.364000  -2.218240
9  1299.387526 918.930569 1.568000  2.976468 11.009165 4.454000  -0.620034
10  1301.534286 899.064128 0.226000  0.519765 0.818509 1.713000  -1.371161
11  1327.206420 910.631866 1.284000  0.581283 0.617234 1.739000  2.952480
12  1341.566176 935.087122 2.154000  1.760857 4.141299 1.480000  0.872135
13  1297.436926 923.893233 -0.030000  1.970590 4.437712 1.444000  -0.634993
14  1303.725355 890.252563 -0.262000  1.758640 4.432065 1.503000  1.075522
15  1342.673384 942.308805 2.315000  1.402593 4.125331 1.637000  0.861851
16  1325.178934 907.950979 1.198000  1.684574 4.733505 1.840000  -2.279545
17  1303.870638 919.231346 -0.021000  1.844125 4.437265 1.632000  -0.683275
18  1314.149610 873.933629 0.255000  0.523876 1.205153 1.633000  1.037872
19  1274.442327 929.518683 0.541000  1.797086 4.253065 1.566000  2.576973
20  1329.976824 903.735653 1.308000  0.673554 0.408882 1.690000  2.967651
21  1295.385874 851.428534 -1.120000  2.089737 4.042073 1.749000  -2.163082
22  1332.745873 904.538353 1.500000  0.518357 0.439380 1.717000  3.004496
23  1331.496068 903.914754 1.488000  0.710192 0.676990 1.794000  2.324808

19  23  1542800996.948806
1321.226601 903.670261 -2.593095
1  1329.538995 903.463457 1.291000  0.846795 0.581069 1.632000  2.001211
2  1346.826263 918.453897 2.145000  0.793994 0.922364 1.780000  -2.410587
3  1323.536857 918.043882 1.069000  1.603161 4.399966 1.513000  0.857584
4  1342.565095 907.192401 2.022000  0.707535 0.928181 1.598000  -0.822792
5  1299.782530 907.947967 0.217000  0.466552 1.392901 1.706000  2.400812
6  1310.775844 917.970068 0.499000  0.433207 0.515321 1.796000  -1.681342
7  1331.115006 905.355086 1.352000  0.758688 0.534465 1.757000  2.519178
8  1281.995632 832.010166 -0.212000  2.942405 12.740119 4.364000  -2.102979
9  1299.399129 919.036918 1.568000  2.920068 10.852271 4.454000  -0.689986
10  1301.348828 898.188437 0.221000  0.393513 0.895705 1.713000  -1.307885
11  1326.974293 910.999990 1.281000  0.541343 0.751415 1.739000  3.025689
12  1344.434531 938.655166 2.347000  1.438779 3.993042 1.480000  0.828683
13  1297.470142 923.771925 -0.033000  1.838820 4.319423 1.444000  -0.655242
14  1305.137424 893.807677 -0.117000  1.684032 4.333747 1.503000  1.257220
15  1344.407110 945.648517 2.489000  1.756199 4.105443 1.637000  0.945133
16  1325.216277 908.094347 1.198000  1.860287 4.838782 1.840000  -2.227012
17  1303.971256 919.302671 -0.018000  1.908222 4.513634 1.632000  -0.703964
18  1315.066458 875.467971 0.301000  0.469699 1.218483 1.633000  1.063725
19  1272.776458 929.748691 0.556000  2.329454 4.325332 1.566000  2.740934
20  1330.127924 903.851126 1.316000  0.610779 0.313355 1.690000  2.973044
21  1295.731344 851.561672 -1.082000  1.569706 3.984024 1.749000  -2.031189
22  1332.811223 905.250179 1.500000  0.672931 0.347611 1.717000  2.830308
23  1331.389022 903.807211 1.488000  0.818222 0.733283 1.794000  2.405001

20  23  1542800997.448664
1321.193024 903.649600 -2.591693
1  1329.502431 903.936304 1.307000  0.704896 0.625555 1.632000  1.953143
2  1346.246017 918.181172 2.117000  0.727251 0.761958 1.780000  -2.428770
3  1326.551496 921.658265 1.264000  1.654819 4.458466 1.513000  0.890071
4  1343.624873 906.902728 2.058000  0.594442 1.018326 1.598000  -1.033867
5  1297.879504 909.159417 0.190000  0.433830 1.411268 1.706000  2.533921
6  1287.420529 859.637417 -1.496000  0.946542 2.067226 1.677000  0.930389
7  1310.763406 917.764488 0.496000  0.455137 0.433954 1.796000  -1.723455
8  1331.483349 905.437341 1.347000  0.579771 0.742450 1.757000  2.574990
9  1281.848959 830.776029 -0.235000  2.076762 12.113293 4.364000  -2.203774
10  1298.976418 918.066343 1.568000  2.687766 10.941957 4.454000  -0.574186
11  1301.422186 897.877719 0.186000  0.497938 0.983494 1.713000  -1.368980
12  1326.705218 911.055264 1.279000  0.511440 0.784268 1.739000  2.994976
13  1297.749248 924.231265 -0.036000  1.898269 4.278889 1.444000  -0.657241
14  1305.984167 896.619014 -0.045000  1.834992 4.453062 1.503000  1.430268
15  1347.624113 949.020646 2.662000  1.912924 3.903180 1.637000  0.965462
16  1325.388746 908.091734 1.198000  1.734388 4.855922 1.840000  -2.186619
17  1303.759815 919.326182 -0.014000  1.814837 4.358906 1.632000  -0.717704
18  1316.022383 877.187533 0.381000  0.405547 1.393305 1.633000  1.037342
19  1270.260994 930.967126 0.596000  1.642708 4.868939 1.566000  2.987441
20  1330.317540 904.106744 1.323000  0.598907 0.419626 1.690000  2.980459
21  1295.823217 850.750825 -1.045000  1.721086 4.465559 1.749000  -2.140051
22  1333.054912 904.980107 1.500000  0.478476 0.540198 1.717000  2.773915
23  1331.730999 904.081832 1.488000  0.669659 0.738264 1.794000  2.455721

21  23  1542800997.948536
1321.196598 903.651714 -2.593243
1  1330.043005 903.757871 1.307000  0.897127 0.559894 1.632000  1.987608
2  1345.757222 917.587903 2.088000  0.748453 0.800697 1.780000  -2.281656
3  1329.224677 925.612178 1.459000  1.882573 4.349950 1.513000  0.940779
4  1343.715757 906.175343 2.060000  0.582275 0.814560 1.598000  -1.205241
5  1296.322091 910.398479 0.163000  0.527231 1.271369 1.706000  2.571659
6  1291.039818 864.101793 -1.226000  1.088379 2.221707 1.677000  1.080436
7  1310.472087 917.840748 0.492000  0.352665 0.465967 1.796000  -1.669943
8  1331.594906 905.370223 1.347000  0.546717 0.645538 1.757000  2.540514
9  1282.145825 828.903438 -0.258000  2.186332 12.105408 4.364000  -2.181524
10  1299.089998 919.030852 1.568000  2.830728 10.863993 4.454000  -0.644822
11  1302.128459 897.110384 0.150000  0.467406 0.867111 1.713000  -1.346423
12  1325.883420 911.142107 1.276000  0.635677 0.704845 1.739000  3.115468
13  1297.261194 924.050660 -0.038000  1.635789 4.375042 1.444000  -0.699935
14  1306.160695 899.633059 0.027000  1.685548 4.381856 1.503000  1.619006
15  1350.450304 952.530359 2.735000  1.616420 3.900171 1.637000  0.977955
16  1325.427392 908.069593 1.198000  1.872070 4.708462 1.840000  -2.193516
17  1304.039172 919.346900 -0.023000  1.878743 4.447464 1.632000  -0.657009
18  1317.579736 879.146139 0.460000  0.469303 1.181405 1.633000  1.061965
19  1269.091926 930.381597 0.637000  1.711318 4.209986 1.566000  2.954692
20  1330.445704 904.146349 1.330000  0.825420 0.358942 1.690000  2.937902
21  1293.905878 850.500596 -1.052000  1.590036 4.013187 1.749000  -2.021287
22  1332.812336 904.937200 1.500000  0.458831 0.470008 1.717000  2.798446
23  1331.620367 903.946892 1.488000  0.893449 0.732131 1.794000  2.404505

22  23  1542800998.398646
1321.194954 903.650641 -2.603306
1  1329.567210 903.617072 1.307000  0.840300 0.648414 1.632000  1.962182
2  1344.925936 917.473561 2.063000  0.596936 0.872628 1.780000  -2.234121
3  1332.347495 929.718138 1.634000  1.789717 4.474081 1.513000  0.944810
4  1343.519030 905.924165 2.061000  0.511809 0.830582 1.598000  -1.416093
5  1295.002131 911.948506 0.184000  0.335112 1.320870 1.706000  2.490468
6  1292.828110 867.817938 -0.982000  1.100074 2.022534 1.677000  1.182014
7  1310.444255 917.841778 0.489000  0.471818 0.352870 1.796000  -1.727423
8  1331.714648 905.848611 1.347000  0.470165 0.696490 1.757000  2.560512
9  1278.452662 828.984700 -0.278000  2.775844 11.732660 4.364000  -1.996302
10  1299.715942 918.902166 1.568000  3.082148 10.847823 4.454000  -0.586988
11  1301.391955 896.806864 0.118000  0.508755 0.949989 1.713000  -1.403327
12  1325.812478 910.996281 1.265000  0.681623 0.644918 1.739000  3.063528
13  1297.708004 923.622363 -0.040000  1.861276 4.205575 1.444000  -0.678491
14  1305.673699 902.613360 0.067000  1.578908 4.592411 1.503000  1.792908
15  1353.494245 955.712870 2.802000  2.001065 4.151833 1.637000  0.907043
16  1325.217545 907.998883 1.198000  1.694940 4.780364 1.840000  -2.235195
17  1304.158202 918.604181 -0.031000  1.866155 4.457573 1.632000  -0.646438
18  1318.251578 881.052513 0.532000  0.561968 1.281027 1.633000  1.048902
19  1268.246484 931.130629 0.612000  2.036566 4.262301 1.566000  -3.008531
20  1330.162774 904.108314 1.336000  0.532909 0.516970 1.690000  2.909443
21  1293.744735 849.028589 -1.058000  1.972926 3.884483 1.749000  -2.133387
22  1332.675820 904.971349 1.500000  0.752124 0.421696 1.717000  2.894899
23  1331.534324 903.939716 1.488000  0.714358 0.800571 1.794000  2.674666

23  23  1542800998.948303
1321.001411 903.539997 -2.644371
1  1329.402022 903.358486 1.307000  0.721288 0.775495 1.632000  1.966351
2  1344.945938 916.951263 2.031000  0.656401 0.799054 1.780000  -2.207437
3  1335.775695 934.238545 1.849000  1.723276 4.673226 1.513000  0.864801
4  1343.541618 904.666259 2.063000  0.517198 0.999396 1.598000  -1.678740
5  1292.698425 913.161303 0.210000  0.429077 1.315788 1.706000  2.448799
6  1295.810995 872.425054 -0.685000  0.989371 1.922882 1.677000  0.964948
7  1310.658021 918.214732 0.489000  0.473806 0.485504 1.796000  -1.717703
8  1331.713415 905.008783 1.347000  0.676825 0.632482 1.757000  2.531802
9  1280.132767 826.282416 -0.231000  2.122424 12.035624 4.364000  -2.024819
10  1298.658900 918.850405 1.568000  2.933378 10.992411 4.454000  -0.681085
11  1301.876732 896.218197 0.152000  0.343715 0.800092 1.713000  -1.331155
12  1325.065361 911.184962 1.252000  0.531319 0.563455 1.739000  2.893243
13  1297.745755 923.604273 -0.043000  1.771621 4.098435 1.444000  -0.662249
14  1304.588143 905.215010 0.114000  1.709312 4.445287 1.503000  1.933417
15  1355.382668 958.800392 2.882000  1.466842 3.814967 1.637000  0.850250
16  1325.268016 908.617168 1.198000  1.885996 4.679534 1.840000  -2.188666
17  1304.341749 919.453443 -0.040000  1.803858 4.510530 1.632000  -0.641954
18  1319.049031 882.482208 0.661000  0.492879 1.366474 1.633000  0.998689
19  1266.388336 928.891491 0.582000  2.105603 4.307333 1.566000  -2.892151
20  1329.883282 904.056403 1.336000  0.644057 0.453577 1.690000  2.975939
21  1293.457085 847.761147 -1.050000  2.050269 4.470199 1.749000  -2.207841
22  1332.795365 904.472851 1.500000  0.709553 0.347434 1.717000  2.838008
23  1332.091278 903.701530 1.488000  0.722064 0.727585 1.794000  3.069561

24  23  1542800999.448167
1320.716155 903.392006 -2.684602
1  1329.311191 903.721881 1.307000  0.600177 0.800207 1.632000  1.970570
2  1344.689164 916.131038 2.003000  0.549210 0.979614 1.780000  -2.359926
3  1339.900140 937.307392 1.944000  2.004170 4.552602 1.513000  0.852461
4  1343.486963 904.595751 2.065000  0.351244 1.069287 1.598000  -1.781990
5  1290.247266 915.193882 0.208000  0.352740 1.277485 1.706000  2.499120
6  1298.228926 877.587293 -0.415000  0.819977 1.873598 1.677000  0.976305
7  1310.939623 918.329241 0.489000  0.353061 0.557240 1.796000  -1.748286
8  1331.457878 905.202877 1.347000  0.572814 0.555078 1.757000  2.524050
9  1278.522461 823.368846 -0.188000  2.891668 11.198455 4.364000  -2.203202
10  1299.513954 919.020725 1.568000  2.825347 10.779839 4.454000  -0.665620
11  1301.771104 895.794755 0.183000  0.442218 0.878644 1.713000  -1.356691
12  1324.826368 910.764820 1.240000  0.546859 0.736098 1.739000  2.883450
13  1297.751689 924.072680 -0.046000  1.757591 4.151694 1.444000  -0.638612
14  1302.826807 907.914615 0.158000  1.775140 4.477905 1.503000  2.122496
15  1359.614096 963.573588 3.056000  2.360574 4.395718 1.637000  1.004370
16  1324.805414 907.888317 1.198000  1.565078 4.661368 1.840000  -2.245159
17  1304.076607 918.950760 -0.049000  1.879625 4.416122 1.632000  -0.640472
18  1319.649475 884.080469 0.778000  0.476050 1.259183 1.633000  0.965630
19  1264.628488 929.224977 0.554000  2.011021 4.433346 1.566000  -2.573642
20  1330.145483 903.905942 1.336000  0.601168 0.349820 1.690000  2.908164
21  1291.148820 844.987549 -1.044000  1.839531 3.923785 1.749000  -1.889004
22  1332.167641 904.545387 1.500000  0.491810 0.238326 1.717000  2.850727
23  1331.935434 903.840117 1.488000  0.802465 0.959232 1.794000  3.051039

25  24  1542800999.948064
1320.511608 903.293996 -2.701853
1  1329.600156 903.224931 1.307000  0.679378 0.809319 1.632000  1.879675
2  1343.961271 915.531901 1.974000  0.800733 0.762747 1.780000  -2.294952
3  1342.911476 941.527146 2.039000  1.570391 4.508136 1.513000  0.915395
4  1343.670794 903.499678 2.067000  0.597474 1.119239 1.598000  -1.780173
5  1287.951712 917.028599 0.207000  0.468258 1.402841 1.706000  2.456369
6  1301.520493 881.808118 -0.145000  1.068280 2.047290 1.677000  1.031214
7  1310.233946 918.340939 0.489000  0.487184 0.422793 1.796000  -1.656668
8  1331.488793 905.460282 1.347000  0.658777 0.489881 1.757000  2.550181
9  1275.892204 825.214670 -0.145000  2.974737 12.401630 4.364000  -2.411947
10  1299.226627 919.092619 1.568000  3.003187 10.856330 4.454000  -0.703203
11  1302.479385 895.391491 0.172000  0.387795 0.971100 1.713000  -1.289173
12  1324.065504 911.185943 1.238000  0.459323 0.831531 1.739000  2.726229
13  1298.172118 924.002003 -0.048000  1.931813 4.242426 1.444000  -0.675069
14  1300.864837 910.801755 0.093000  1.921396 4.509427 1.503000  2.213333
15  1363.581354 965.113022 3.229000  1.781507 3.540868 1.637000  0.740278
16  1325.032218 907.596586 1.198000  1.781221 4.841058 1.840000  -2.199234
17  1304.353352 918.797687 -0.058000  1.931556 4.549984 1.632000  -0.687046
18  1320.480355 886.150390 0.895000  0.581256 1.229087 1.633000  0.996499
19  1264.111881 928.612292 0.527000  1.744341 4.288658 1.566000  -2.415395
20  1330.346284 904.259751 1.336000  0.841008 0.495570 1.690000  2.939580
21  1281.787247 847.815912 -1.249000  2.234574 4.679564 1.520000  0.928925
22  1290.642277 844.433676 -1.037000  1.576108 4.510395 1.749000  -2.172993
23  1332.420932 904.521763 1.500000  0.681150 0.386672 1.717000  2.852028
24  1331.407286 903.589908 1.488000  0.965174 0.719205 1.794000  3.103453

26  24  1542801000.447918
1320.472350 903.276186 -2.699970
1  1329.503063 903.546229 1.307000  0.804217 0.612265 1.632000  1.952538
2  1343.522969 915.005796 1.945000  0.660266 0.934457 1.780000  -2.393345
3  1346.899062 944.967049 2.196000  1.642319 4.751494 1.513000  0.843949
4  1343.194641 903.179399 2.068000  0.477812 1.079239 1.598000  -1.782759
5  1285.573700 919.221244 0.205000  0.360251 1.453240 1.706000  2.304435
6  1303.888573 885.906005 -0.020000  1.036177 1.941787 1.677000  1.016774
7  1310.389292 917.930288 0.489000  0.532091 0.352673 1.796000  -1.687201
8  1331.465779 905.664615 1.347000  0.512207 0.730183 1.757000  2.525050
9  1272.194503 818.590786 -0.102000  1.828185 12.568772 4.364000  -2.282541
10  1299.477152 919.051239 1.568000  2.794800 10.776455 4.454000  -0.683592
11  1302.573804 894.917043 0.160000  0.351399 0.924144 1.713000  -1.298032
12  1324.167132 911.297406 1.236000  0.621033 0.720655 1.739000  2.650365
13  1297.989209 923.380447 -0.051000  1.863785 4.365678 1.444000  -0.724239
14  1298.616840 913.409773 0.028000  1.655158 4.651503 1.503000  2.280476
15  1366.497515 969.656194 3.403000  2.699466 3.878677 1.637000  0.915893
16  1325.087456 907.537845 1.198000  1.795410 4.781907 1.840000  -2.273361
17  1304.338551 918.844917 -0.066000  1.750008 4.417729 1.632000  -0.665125
18  1321.933094 888.106662 0.948000  0.591590 1.410892 1.633000  0.962771
19  1263.548650 929.127123 0.492000  1.685108 4.511142 1.566000  -2.198694
20  1329.526021 904.161730 1.336000  0.494808 0.544287 1.690000  2.941537
21  1284.216364 851.601641 -1.124000  2.261514 4.977579 1.520000  1.003953
22  1289.618195 845.156818 -1.030000  1.444175 4.017144 1.749000  -2.230874
23  1332.587806 904.550003 1.500000  0.571260 0.532779 1.717000  2.835029
24  1331.399102 903.853606 1.488000  0.756161 0.847279 1.794000  2.909140

27  24  1542801000.947820
1320.481055 903.280650 -2.701403
1  1329.631034 903.258118 1.307000  0.758174 0.555994 1.632000  1.952365
2  1343.053756 914.591900 1.917000  0.708019 0.594705 1.780000  -2.393618
3  1349.064862 948.576221 2.354000  1.584040 4.589140 1.513000  0.758184
4  1343.365050 902.637301 2.070000  0.388294 1.095366 1.598000  -1.815170
5  1283.624663 920.880083 0.203000  0.558303 1.557511 1.706000  2.559753
6  1306.249029 890.375232 0.105000  0.975817 1.858515 1.677000  1.050498
7  1310.623420 918.138345 0.489000  0.337447 0.456246 1.796000  -1.682966
8  1331.569769 905.292168 1.347000  0.490648 0.616937 1.757000  2.556721
9  1271.686423 821.799856 -0.059000  3.273003 12.446176 4.364000  -2.425630
10  1299.220859 919.025042 1.568000  3.020534 10.980198 4.454000  -0.697184
11  1302.578773 894.889559 0.149000  0.386002 0.839713 1.713000  -1.216625
12  1323.923419 911.510288 1.234000  0.386228 0.691129 1.739000  2.524284
13  1297.604510 923.736513 -0.053000  1.989777 4.368953 1.444000  -0.647994
14  1295.840579 915.911669 0.059000  1.832083 4.198737 1.503000  2.362730
15  1368.248382 971.448812 3.576000  1.761270 4.093639 1.637000  0.730332
16  1324.876825 907.413922 1.198000  1.840028 4.722200 1.840000  -2.226521
17  1304.578598 918.781196 -0.075000  1.704925 4.283270 1.632000  -0.612155
18  1322.860636 889.560055 1.000000  0.681969 1.218047 1.633000  0.958997
19  1262.467706 927.758430 0.457000  1.546422 4.769142 1.566000  -2.178603
20  1329.747216 904.455139 1.336000  0.624814 0.492995 1.690000  2.940022
21  1286.690482 856.526745 -0.999000  2.051688 4.242075 1.520000  1.111753
22  1288.707283 842.263304 -1.105000  1.703735 4.238279 1.749000  -2.160043
23  1332.509016 904.326291 1.500000  0.519470 0.374020 1.717000  2.885542
24  1331.383053 903.514001 1.488000  0.587608 0.559589 1.794000  2.630269

28  23  1542801001.447119
1320.485729 903.282950 -2.702415
1  1329.229023 903.337831 1.307000  0.673351 0.618533 1.632000  1.946855
2  1342.155864 913.638361 1.888000  0.784850 0.724807 1.780000  -2.488528
3  1352.729026 952.180604 2.511000  1.825858 4.698815 1.513000  0.850637
4  1342.861719 901.805048 2.072000  0.483384 0.907708 1.598000  -1.759840
5  1281.113625 922.763926 0.277000  0.430462 1.361237 1.706000  2.378556
6  1309.191686 894.881876 0.330000  0.830403 1.937614 1.677000  1.030805
7  1310.389539 918.210010 0.489000  0.479255 0.329316 1.796000  -1.665369
8  1330.907274 905.459026 1.347000  0.511961 0.478700 1.757000  2.504854
9  1268.215140 816.090763 -0.016000  2.963567 11.988325 4.364000  -2.434085
10  1299.558514 918.973574 1.568000  2.909247 10.779355 4.454000  -0.647336
11  1302.837951 894.690432 0.155000  0.293630 0.714018 1.713000  -1.117319
12  1324.527731 911.313525 1.235000  0.576396 0.692701 1.739000  2.587694
13  1298.366757 923.485917 -0.056000  1.990089 4.404827 1.444000  -0.658090
14  1292.767688 919.591960 0.067000  1.711049 4.511628 1.503000  2.366203
15  1371.699374 975.075639 3.749000  2.250906 5.308785 1.637000  1.046560
16  1324.640578 907.126468 1.198000  1.788248 4.666704 1.840000  -2.276946
17  1304.500345 918.557377 -0.076000  1.859421 4.426245 1.632000  -0.711314
18  1324.446835 891.473470 1.052000  0.585470 1.340364 1.633000  1.024676
19  1261.783513 926.991776 0.422000  1.380687 4.080166 1.566000  -2.290423
20  1330.236891 903.939548 1.336000  0.710944 0.448448 1.690000  2.966347
21  1289.406016 859.959752 -0.874000  2.118962 4.591072 1.520000  1.032283
22  1332.539430 904.016432 1.500000  0.431534 0.552952 1.717000  2.854975
23  1331.381415 903.217511 1.488000  0.706788 0.843460 1.794000  2.456375

29  24  1542801001.947564
1320.487836 903.283978 -2.702876
1  1329.149877 903.362624 1.307000  0.581762 0.686130 1.632000  1.911111
2  1341.683695 913.244500 1.860000  0.774125 0.847816 1.780000  -2.508549
3  1356.107962 956.337732 2.669000  1.643472 4.784210 1.513000  1.013162
4  1342.862960 900.973297 2.074000  0.624194 1.003340 1.598000  -1.658432
5  1278.097424 924.777299 0.350000  0.498643 1.526937 1.706000  2.440861
6  1312.174962 899.504346 0.455000  0.776519 1.957840 1.677000  0.953637
7  1311.164329 917.880915 0.489000  0.435526 0.338383 1.796000  -1.667755
8  1331.287226 905.179103 1.347000  0.522767 0.778170 1.757000  2.525900
9  1268.196738 814.789996 0.027000  2.536233 11.404330 4.364000  -2.296380
10  1299.316021 919.233459 1.568000  2.807968 10.833967 4.454000  -0.611534
11  1302.536133 894.502976 0.161000  0.541681 1.069886 1.713000  -1.085618
12  1280.018066 842.401805 -1.339000  1.606398 5.085387 1.641000  0.927123
13  1324.423894 911.214468 1.237000  0.587753 0.579192 1.739000  2.684370
14  1298.211739 923.123819 -0.059000  1.960034 4.231785 1.444000  -0.733627
15  1289.081860 921.905377 0.076000  1.737009 4.630218 1.503000  2.397667
16  1375.173244 981.081825 3.848000  1.687099 3.896285 1.637000  0.687446
17  1324.656934 907.553769 1.198000  1.508144 4.810969 1.840000  -2.341880
18  1304.399549 918.408273 -0.078000  1.881839 4.344337 1.632000  -0.639131
19  1324.893598 892.979959 1.105000  0.624802 1.325524 1.633000  0.925863
20  1261.030961 926.540899 0.387000  1.663895 4.378952 1.566000  -2.366533
21  1329.810810 903.975113 1.336000  0.626607 0.228181 1.690000  2.902282
22  1292.162204 863.786829 -0.749000  2.288833 4.605102 1.520000  1.044874
23  1332.336944 904.647525 1.500000  0.472748 0.440124 1.717000  2.837826
24  1331.645533 903.571896 1.488000  0.933531 0.614225 1.794000  2.221037

30  25  1542801002.447972
1320.488942 903.284519 -2.703144
1  1329.446271 903.517935 1.307000  0.605575 0.674938 1.632000  1.926781
2  1340.877061 913.170897 1.831000  0.692964 0.787288 1.780000  -2.661752
3  1359.856970 959.835813 2.846000  2.367759 3.997458 1.513000  0.918535
4  1342.630386 900.675763 2.075000  0.518406 1.047518 1.598000  -1.661614
5  1276.202560 926.940943 0.423000  0.548673 0.978343 1.706000  2.423556
6  1315.523889 904.352506 0.580000  0.903974 1.894865 1.677000  1.046793
7  1310.540614 917.738070 0.489000  0.323942 0.475867 1.796000  -1.689644
8  1331.130703 905.154226 1.347000  0.620314 0.490913 1.757000  2.493975
9  1264.732341 813.746304 0.071000  3.453504 11.950351 4.364000  -2.404576
10  1299.148507 918.651839 1.568000  2.975892 10.760250 4.454000  -0.644152
11  1302.826770 894.088452 0.166000  0.387793 0.808989 1.713000  -1.063318
12  1281.981786 847.019511 -1.201000  2.505569 3.912208 1.641000  0.886543
13  1279.062179 908.413463 0.248000  0.555731 0.856569 1.615000  -0.726847
14  1324.102626 910.855035 1.238000  0.628977 0.673403 1.739000  2.612725
15  1298.662894 923.898420 -0.061000  1.919279 4.242740 1.444000  -0.623926
16  1286.275329 924.548166 0.154000  1.804465 4.535130 1.503000  2.403563
17  1376.911738 985.038710 3.946000  1.927463 4.495354 1.637000  0.883653
18  1324.383134 908.000623 1.198000  1.715441 4.668653 1.840000  -2.207887
19  1304.896084 918.253665 -0.079000  1.922058 4.301671 1.632000  -0.617805
20  1326.043611 894.449392 1.158000  0.498352 1.312310 1.633000  0.943419
21  1261.525999 925.138185 0.352000  1.523853 4.457307 1.566000  -2.373350
22  1330.199162 903.921148 1.336000  0.399583 0.386207 1.690000  2.960386
23  1294.369232 868.234363 -0.586000  2.025639 4.673780 1.520000  1.093275
24  1332.039762 904.548917 1.500000  0.557138 0.354929 1.717000  2.793848
25  1331.291143 903.641609 1.488000  0.703485 0.822521 1.794000  2.081694

31  25  1542801002.947855
1320.489489 903.284792 -2.703305
1  1329.409453 903.525407 1.307000  0.843296 0.719009 1.632000  1.927835
2  1340.231449 912.462984 1.802000  0.733184 0.814971 1.780000  -2.668708
3  1362.462587 964.204903 3.024000  1.387991 4.810550 1.513000  0.899075
4  1342.750282 900.111282 2.077000  0.605878 0.927183 1.598000  -1.626827
5  1273.201229 929.053348 0.497000  0.598152 1.443539 1.706000  2.453434
6  1318.828463 909.073777 0.788000  0.803197 1.959674 1.677000  1.089576
7  1310.673967 918.059924 0.489000  0.440020 0.541276 1.796000  -1.660867
8  1331.722908 905.458205 1.347000  0.528361 0.673706 1.757000  2.538105
9  1260.261159 811.453347 0.114000  3.213877 12.177587 4.364000  -2.674770
10  1299.153118 919.249563 1.568000  2.948717 10.935512 4.454000  -0.574586
11  1303.309766 894.601084 0.163000  0.433606 0.999579 1.713000  -1.067949
12  1283.924195 852.502246 -1.064000  1.967895 4.466247 1.641000  0.960447
13  1279.007722 908.813859 0.241000  0.427285 0.845883 1.615000  -0.649140
14  1324.379437 911.054293 1.240000  0.621639 0.769522 1.739000  2.638926
15  1298.432067 923.294810 -0.064000  1.823494 4.508995 1.444000  -0.642077
16  1282.917609 927.866442 0.233000  1.655005 4.277414 1.503000  2.360784
17  1380.550457 985.037558 4.045000  2.224445 4.147155 1.637000  1.023787
18  1324.640048 907.469830 1.198000  1.566615 4.636003 1.840000  -2.258334
19  1304.842614 918.850853 -0.081000  2.006762 4.406286 1.632000  -0.652043
20  1327.214594 896.153134 1.220000  0.621653 1.370846 1.633000  0.995031
21  1259.660992 923.742277 0.305000  1.859506 4.603382 1.566000  -2.260549
22  1329.820130 904.353977 1.336000  0.437917 0.545239 1.690000  2.981593
23  1296.351420 872.762489 -0.424000  1.784380 4.793279 1.520000  1.105889
24  1332.604824 904.277497 1.500000  0.602895 0.376075 1.717000  2.842587
25  1331.025467 903.763803 1.488000  0.761774 0.685684 1.794000  2.263370

32  24  1542801003.447741
1320.489639 903.284875 -2.703295
1  1329.596548 903.534736 1.307000  0.710209 0.564874 1.632000  1.968141
2  1339.802225 912.319080 1.774000  0.882668 0.983984 1.780000  -2.774895
3  1365.253084 968.284296 3.201000  1.957560 4.721015 1.513000  0.665404
4  1342.671309 899.408701 2.079000  0.615096 0.873639 1.598000  -1.640145
5  1270.584347 930.144190 0.570000  0.450317 1.081821 1.706000  2.519212
6  1322.293749 913.321826 0.996000  0.916466 1.951626 1.677000  0.978761
7  1310.687783 918.126087 0.489000  0.519274 0.403512 1.796000  -1.712118
8  1331.403152 904.880929 1.347000  0.512847 0.656949 1.757000  2.579713
9  1256.258137 809.150645 0.157000  3.003663 12.837580 4.364000  -2.660045
10  1299.558011 918.517367 1.568000  2.976545 10.963588 4.454000  -0.709759
11  1302.641969 894.562415 0.161000  0.544750 0.783332 1.713000  -1.124230
12  1287.026924 855.991236 -0.901000  1.955898 4.214150 1.641000  0.962050
13  1279.741003 907.447461 0.234000  0.349580 0.785932 1.615000  -0.646543
14  1324.165977 911.694723 1.241000  0.547042 0.734219 1.739000  2.539730
15  1298.429557 923.272225 -0.066000  2.121048 4.393887 1.444000  -0.627909
16  1277.717240 931.671129 0.311000  2.040827 4.460758 1.503000  2.590493
17  1324.188948 907.721614 1.198000  1.663611 4.775762 1.840000  -2.223132
18  1304.609048 918.637244 -0.083000  1.899312 4.594370 1.632000  -0.647155
19  1328.745158 897.728350 1.283000  0.451906 1.241657 1.633000  1.003887
20  1257.527325 922.673160 0.257000  1.963942 4.208969 1.566000  -2.304240
21  1329.624070 904.166608 1.336000  0.521426 0.381862 1.690000  2.907432
22  1299.243719 876.464975 -0.361000  1.872001 4.461107 1.520000  1.023618
23  1332.531988 904.370826 1.500000  0.726653 0.484459 1.717000  2.794664
24  1331.092123 903.903681 1.488000  0.649921 0.674855 1.794000  2.527999

33  24  1542801003.948191
1320.489785 903.284956 -2.703357
1  1329.533867 903.462759 1.307000  0.815656 0.668017 1.632000  1.957067
2  1339.208621 912.000114 1.745000  0.794371 0.790356 1.780000  -2.731580
3  1368.166388 971.451951 3.379000  1.356569 4.858603 1.513000  0.958480
4  1342.631975 898.625984 2.080000  0.710112 0.900127 1.598000  -1.637689
5  1268.092159 932.686995 0.643000  -0.042721 1.044890 1.706000  2.482743
6  1325.962055 916.904931 1.204000  0.990232 1.922513 1.677000  0.900791
7  1310.571446 918.145426 0.489000  0.493455 0.503449 1.796000  -1.675369
8  1331.614122 905.399784 1.347000  0.579352 0.626395 1.757000  2.512128
9  1255.295247 809.219532 0.200000  2.987125 13.221490 4.364000  -2.656649
10  1299.536281 918.709835 1.568000  2.786825 11.036537 4.454000  -0.604512
11  1302.842521 894.690709 0.158000  0.363107 0.862457 1.713000  -1.257206
12  1289.098788 860.489589 -0.738000  1.871971 4.458039 1.641000  0.925302
13  1279.654467 907.800101 0.069000  0.414858 0.854991 1.615000  -0.750159
14  1324.150136 911.482269 1.242000  0.487065 0.495564 1.739000  2.569913
15  1298.906482 923.226353 -0.069000  1.748053 4.369874 1.444000  -0.627121
16  1274.262821 933.789901 0.390000  1.757381 4.301482 1.503000  2.428264
17  1324.762798 907.707187 1.198000  1.634773 4.709296 1.840000  -2.274147
18  1304.114508 918.760704 -0.084000  1.902119 4.649665 1.632000  -0.661784
19  1329.642301 899.562416 1.345000  0.542677 1.287983 1.633000  0.883582
20  1256.937481 922.584598 0.210000  1.706627 4.489675 1.566000  -2.426087
21  1329.531118 903.575337 1.336000  0.678424 0.487929 1.690000  2.964695
22  1301.574396 881.085190 -0.298000  1.812366 4.907793 1.520000  1.053165
23  1332.303861 904.254584 1.500000  0.530055 0.224932 1.717000  2.787558
24  1331.388492 903.592858 1.488000  0.932721 0.772780 1.794000  2.759580

34  25  1542801004.447480
1320.489958 903.285047 -2.703398
1  1329.181455 903.620199 1.307000  0.682711 0.639896 1.632000  1.940760
2  1338.862067 911.984112 1.717000  0.807793 0.752931 1.780000  -2.625504
3  1372.165417 975.735552 3.556000  1.795537 4.827155 1.513000  0.846803
4  1341.819903 897.749783 2.082000  0.491468 0.875363 1.598000  -1.666720
5  1266.306126 935.397056 0.717000  0.636136 1.507966 1.706000  2.606917
6  1329.857648 922.016484 1.412000  0.963855 1.884662 1.677000  0.940295
7  1310.875081 918.052669 0.489000  0.352323 0.529167 1.796000  -1.718530
8  1331.644767 905.494207 1.347000  0.457012 0.532553 1.757000  2.577468
9  1252.902186 807.997242 0.243000  1.491338 10.748093 4.364000  -2.720786
10  1299.450985 919.117022 1.568000  2.967541 11.123584 4.454000  -0.751288
11  1302.753869 894.166494 0.155000  0.388044 0.884106 1.713000  -1.227279
12  1292.251322 864.793355 -0.601000  1.882325 4.317564 1.641000  1.149406
13  1281.026758 907.255250 -0.095000  0.352659 0.992419 1.615000  -0.643272
14  1324.132427 911.513332 1.244000  0.586580 0.713843 1.739000  2.578555
15  1298.132050 923.054381 -0.071000  1.944510 4.101934 1.444000  -0.640610
16  1269.651141 937.254205 0.495000  1.482068 4.270340 1.503000  2.558959
17  1324.133033 907.265350 1.198000  1.942572 4.523471 1.840000  -2.226336
18  1304.622873 918.248752 -0.086000  1.956306 4.351265 1.632000  -0.711753
19  1330.523281 901.117571 1.408000  0.596104 1.141311 1.633000  0.940516
20  1280.574974 844.276744 -1.268000  1.642787 4.957956 1.281000  1.047124
21  1256.761398 921.290125 0.162000  1.965806 4.369182 1.566000  -2.407717
22  1330.084296 904.392914 1.336000  0.498181 0.626749 1.690000  2.908771
23  1303.979879 885.588687 -0.149000  1.825979 4.804727 1.520000  1.042834
24  1332.465490 904.168967 1.500000  0.600730 0.628929 1.717000  2.896982
25  1331.657766 903.459282 1.513000  0.696315 0.924450 1.794000  2.703945

35  24  1542801004.947354
1320.489964 903.285058 -2.703419
1  1329.626309 903.600419 1.307000  0.623546 0.555052 1.632000  1.934848
2  1337.480881 911.667000 1.688000  0.657264 0.755947 1.780000  -2.663192
3  1375.335148 977.844135 3.734000  1.485554 4.510420 1.513000  0.749619
4  1341.908429 897.208783 2.084000  0.604834 0.866359 1.598000  -1.695344
5  1264.240770 936.384220 0.790000  0.644067 0.995067 1.706000  2.573951
6  1333.392201 926.416383 1.620000  1.057830 1.782067 1.677000  0.822323
7  1310.738933 918.399048 0.489000  0.438397 0.346341 1.796000  -1.648830
8  1331.549429 905.794290 1.347000  0.539839 0.779834 1.757000  2.585439
9  1251.665800 807.192397 0.286000  3.375995 11.836296 4.364000  -3.117514
10  1299.237502 919.408737 1.568000  2.669728 10.963309 4.454000  -0.642072
11  1302.721529 894.350253 0.157000  0.489212 0.713992 1.713000  -1.255362
12  1294.876611 869.922653 -0.464000  1.965247 4.437227 1.641000  0.995578
13  1281.071851 907.184857 -0.085000  0.745105 0.879940 1.615000  -0.731542
14  1324.571127 911.137699 1.247000  0.772773 0.778823 1.739000  2.574403
15  1298.820143 923.438489 -0.074000  1.956716 4.242026 1.444000  -0.633764
16  1265.903101 942.122934 0.600000  1.474187 4.477482 1.503000  2.339473
17  1324.665074 907.296977 1.198000  1.792914 4.809445 1.840000  -2.237927
18  1304.846178 918.596995 -0.086000  1.868717 4.469880 1.632000  -0.705893
19  1332.716885 902.719150 1.391000  0.552295 1.251241 1.633000  0.938862
20  1282.163980 847.789296 -1.118000  1.357874 4.510141 1.281000  1.230635
21  1329.831067 904.011658 1.336000  0.501661 0.448978 1.690000  2.934925
22  1306.769925 889.940369 0.001000  1.869318 4.821911 1.520000  1.018776
23  1332.540959 904.433717 1.500000  0.583991 0.368084 1.717000  2.841786
24  1331.362718 903.336244 1.538000  0.757120 0.757505 1.794000  2.705298

36  23  1542801005.447229
1320.489940 903.285054 -2.703399
1  1329.542196 903.847085 1.307000  0.645217 0.556140 1.632000  1.981465
2  1337.449270 910.895940 1.660000  0.960848 0.826860 1.780000  -2.655222
3  1378.313289 983.097554 3.911000  1.563754 4.541965 1.513000  0.827064
4  1341.991923 897.102970 2.086000  0.257832 0.845788 1.598000  -1.838032
5  1261.413483 938.573233 0.863000  0.759462 0.456705 1.706000  2.299607
6  1337.478392 930.992944 1.829000  0.885261 1.887046 1.677000  0.829172
7  1310.405991 918.198356 0.489000  0.424646 0.497318 1.796000  -1.676173
8  1331.231653 905.209497 1.347000  0.733005 0.677505 1.757000  2.511053
9  1299.152792 918.681568 1.568000  2.912089 10.951214 4.454000  -0.619948
10  1302.576691 894.125957 0.160000  0.668765 0.948206 1.713000  -1.295703
11  1297.450545 874.813308 -0.355000  1.742113 4.341955 1.641000  1.015385
12  1281.740815 906.254423 -0.074000  0.452923 0.831007 1.615000  -0.589704
13  1324.025708 910.886633 1.249000  0.585838 0.779077 1.739000  2.609909
14  1299.315850 923.248661 -0.077000  1.974165 4.232818 1.444000  -0.648283
15  1262.376635 944.318137 0.706000  1.661199 4.003253 1.503000  2.445828
16  1324.703955 907.949096 1.198000  1.727301 4.780379 1.840000  -2.233785
17  1304.777762 918.495646 -0.086000  1.793158 4.451323 1.632000  -0.587520
18  1333.361747 903.742620 1.374000  0.442925 1.230384 1.633000  0.913575
19  1284.500969 853.575407 -0.968000  2.008535 4.429569 1.281000  1.050987
20  1330.026327 903.708985 1.336000  0.701082 0.280577 1.690000  2.984084
21  1308.984453 894.260244 0.201000  1.846384 4.686443 1.520000  1.012474
22  1332.694742 904.732702 1.500000  0.563129 0.487245 1.717000  2.822476
23  1331.474017 903.671753 1.538000  0.768562 0.576439 1.794000  2.775920

37  22  1542801005.947122
1320.489934 903.285058 -2.703350
1  1329.484290 903.565067 1.307000  0.885439 0.500794 1.632000  1.946125
2  1337.052360 911.087184 1.631000  0.738565 0.827204 1.780000  -2.602206
3  1341.880187 896.248578 2.087000  0.564850 0.956708 1.598000  -1.716303
4  1258.548648 940.737084 0.936000  -0.333798 0.824095 1.706000  2.474371
5  1341.417187 935.088577 2.037000  0.885511 2.031485 1.677000  0.886814
6  1310.792791 918.155209 0.489000  0.376843 0.563577 1.796000  -1.688018
7  1331.074721 905.005892 1.347000  0.618940 0.788901 1.757000  2.576136
8  1299.173850 919.268184 1.568000  2.891163 10.696137 4.454000  -0.641393
9  1302.529291 894.155494 0.160000  0.378774 0.953238 1.713000  -1.448397
10  1300.257869 879.357590 -0.247000  1.787042 4.449391 1.641000  1.048356
11  1282.276064 905.507939 -0.064000  0.672136 0.764916 1.615000  -0.551888
12  1324.360965 911.099233 1.252000  0.613030 0.904425 1.739000  2.541362
13  1298.593662 923.143907 -0.079000  1.919551 4.392163 1.444000  -0.634234
14  1258.339269 948.077769 0.827000  1.153495 4.802141 1.503000  2.265750
15  1324.484665 907.505713 1.198000  1.888977 4.809900 1.840000  -2.214745
16  1305.011337 918.817448 -0.086000  1.804863 4.476958 1.632000  -0.621006
17  1334.642647 905.869558 1.358000  0.506274 1.313223 1.633000  0.882851
18  1287.788376 858.264974 -0.868000  1.604542 4.567857 1.281000  1.072352
19  1330.070492 904.102916 1.336000  0.575526 0.367008 1.690000  2.895761
20  1311.820702 898.728345 0.401000  1.684898 4.829422 1.520000  1.007339
21  1332.444362 904.874649 1.500000  0.452075 0.445002 1.717000  2.794988
22  1331.575368 903.751106 1.538000  0.743893 0.689404 1.794000  2.784173

38  22  1542801006.446992
1320.489831 903.285015 -2.703378
1  1329.871448 903.562040 1.307000  0.804844 0.565004 1.632000  1.950644
2  1336.566954 910.697485 1.631000  0.712568 0.875398 1.780000  -2.543377
3  1341.726446 895.949218 2.089000  0.512507 1.036093 1.598000  -1.755921
4  1256.967968 943.806112 1.010000  0.757109 1.043377 1.706000  2.439772
5  1345.144468 939.295345 2.245000  0.920739 2.031964 1.677000  0.845898
6  1310.551406 917.867577 0.489000  0.411756 0.423415 1.796000  -1.669653
7  1331.488002 905.480259 1.347000  0.619755 0.679413 1.757000  2.527263
8  1299.584593 918.842530 1.568000  2.832067 10.818977 4.454000  -0.632624
9  1302.359722 893.768513 0.135000  0.578876 0.834196 1.713000  -1.617511
10  1303.112800 884.132593 -0.139000  1.825363 4.664466 1.641000  1.067719
11  1283.369462 905.144489 -0.054000  0.539569 0.796480 1.615000  -0.607991
12  1324.034745 911.571687 1.255000  0.548889 0.625232 1.739000  2.570247
13  1298.695707 923.174104 -0.082000  2.047247 4.343050 1.444000  -0.639199
14  1254.803904 951.400879 0.949000  1.453125 4.468831 1.503000  2.423936
15  1324.824289 907.295105 1.198000  1.851904 4.628366 1.840000  -2.299110
16  1304.822408 918.423831 -0.086000  1.775909 4.387113 1.632000  -0.615241
17  1335.797030 907.171050 1.508000  0.524980 1.266665 1.633000  0.868735
18  1289.944768 861.225457 -0.768000  1.720776 4.878367 1.281000  1.156523
19  1329.707686 904.077219 1.336000  0.626175 0.379719 1.690000  2.935647
20  1315.825948 903.129273 0.565000  1.900836 4.686587 1.520000  1.003053
21  1332.429250 904.345244 1.500000  0.707959 0.498767 1.717000  2.831482
22  1331.264348 903.346573 1.538000  0.693898 0.740551 1.794000  2.751741

39  22  1542801006.946864
1320.489987 903.285093 -2.703423
1  1329.599632 903.363925 1.307000  0.712149 0.764649 1.632000  1.957051
2  1335.971468 910.074079 1.631000  0.683704 0.754317 1.780000  -2.542215
3  1341.157922 895.173572 2.091000  0.532612 1.086948 1.598000  -1.742394
4  1252.780623 944.992063 1.083000  0.392352 1.557836 1.706000  2.421254
5  1348.262862 944.100148 2.453000  0.831674 2.155917 1.677000  0.844158
6  1310.619598 918.309481 0.489000  0.486951 0.526679 1.796000  -1.693787
7  1331.275124 905.590473 1.347000  0.557719 0.500942 1.757000  2.583155
8  1299.192239 918.728891 1.568000  2.726680 10.881103 4.454000  -0.641416
9  1302.534497 893.558027 0.110000  0.343584 0.910488 1.713000  -1.771622
10  1305.654781 888.809212 0.036000  1.909387 4.539448 1.641000  1.029238
11  1283.555173 905.328020 -0.043000  0.518236 0.532868 1.615000  -0.612126
12  1324.202800 911.409842 1.258000  0.592005 0.798264 1.739000  2.616492
13  1298.322599 923.440514 -0.084000  1.961858 4.298995 1.444000  -0.754439
14  1251.978467 955.103147 1.071000  2.422303 4.184200 1.503000  2.274359
15  1324.574907 907.370198 1.198000  1.713832 4.802136 1.840000  -2.256950
16  1304.944331 918.501949 -0.086000  1.807134 4.510501 1.632000  -0.621265
17  1337.494659 908.739169 1.658000  0.635206 1.152603 1.633000  0.841033
18  1293.900881 867.383474 -0.618000  1.985302 5.109077 1.281000  0.978213
19  1329.651345 904.133527 1.336000  0.410903 0.490078 1.690000  2.938425
20  1318.800748 907.723623 0.728000  2.160497 4.741978 1.520000  0.926459
21  1332.607195 904.483350 1.500000  0.583659 0.490076 1.717000  2.751341
22  1331.187156 904.053071 1.538000  0.925997 0.882563 1.794000  2.730151

40  21  1542801007.446751
1320.490029 903.285117 -2.703449
1  1329.657118 903.517332 1.307000  0.690524 0.862265 1.632000  2.390381
2  1334.974239 909.479777 1.631000  0.843246 0.822034 1.780000  -2.432933
3  1341.109284 894.879400 2.093000  0.521909 0.836718 1.598000  -1.797841
4  1252.024300 947.268086 1.156000  0.688229 0.864175 1.706000  2.316962
5  1352.204758 947.249563 2.661000  1.077706 1.812450 1.677000  0.816691
6  1310.618398 918.355790 0.489000  0.445803 0.285904 1.796000  -1.740858
7  1331.108197 905.329291 1.347000  0.641057 0.645573 1.757000  2.530559
8  1299.118852 918.885817 1.568000  3.126299 10.867021 4.454000  -0.667899
9  1302.477858 893.767165 0.110000  0.382236 0.698663 1.713000  -1.793897
10  1308.629482 893.344555 0.211000  1.997008 4.483276 1.641000  1.105100
11  1283.995625 904.315155 -0.033000  0.489483 0.722131 1.615000  -0.682956
12  1324.423282 911.013630 1.261000  0.610343 0.811410 1.739000  2.576965
13  1298.439004 923.153601 -0.087000  1.927048 4.256398 1.444000  -0.671516
14  1324.763130 907.274902 1.198000  1.890010 4.855585 1.840000  -2.232606
15  1304.613182 918.677433 -0.086000  1.848071 4.304058 1.632000  -0.691443
16  1338.416734 910.440569 1.658000  0.509136 1.225743 1.633000  0.885239
17  1297.137825 872.871384 -0.468000  1.857838 4.824249 1.281000  1.037840
18  1329.938323 903.895911 1.336000  0.471058 0.481549 1.690000  2.936061
19  1322.114472 912.455304 0.891000  1.894062 4.501739 1.520000  0.822034
20  1332.799589 904.486386 1.500000  0.649619 0.465011 1.717000  2.836965
21  1331.124146 903.351933 1.538000  0.697199 0.911532 1.794000  2.716444

