41
1  14  1542800367.947576
608.858751 2011.052220 -1.557497
1  625.361584 1962.921111 1.036000  1.778183 4.868611 1.673000  2.302061
2  611.079472 2024.111362 0.253000  2.035341 4.634697 1.636000  -2.174396
3  616.011513 1981.603551 0.787000  2.178150 4.936501 1.749000  2.482069
4  616.035271 2038.982422 -0.469000  2.100899 4.652668 1.679000  1.061546
5  598.359902 1999.306266 0.850000  1.785802 5.101995 1.595000  2.057665
6  595.549049 2023.749919 1.163000  2.149018 5.277267 2.121000  -0.029762
7  597.286964 2006.795018 0.863000  1.823817 4.349486 1.564000  1.467311
8  627.066347 1978.724027 0.976000  1.944241 4.482560 1.570000  -0.623950
9  616.220742 1996.233835 0.788000  2.256317 4.580262 1.650000  -0.770116
10  600.673880 2015.873402 0.893000  1.919579 4.553526 1.638000  1.174447
11  607.752527 2021.167048 0.511000  1.962795 4.152525 1.544000  -2.193815
12  630.204853 2057.919649 -2.321000  1.858051 4.372385 1.553000  1.044230
13  628.634357 1968.865472 1.056000  2.025936 4.516641 1.641000  2.368312
14  640.025225 1970.186760 1.143000  2.013868 3.916607 1.490000  -0.844212

2  16  1542800368.447460
609.227471 2007.957511 -1.320414
1  619.865817 1968.861364 0.736000  2.101236 4.928326 1.673000  2.446893
2  642.965613 1956.514854 0.186000  2.127893 4.619549 1.613000  2.337665
3  610.861029 2024.977327 0.303000  2.001718 4.408588 1.636000  -2.150562
4  643.255650 1946.183337 0.736000  1.347776 5.276778 1.792000  2.365626
5  612.681405 1984.671985 0.810000  2.159879 4.830791 1.749000  2.373653
6  619.738193 2043.926721 -1.204000  2.451889 4.411219 1.679000  1.073035
7  597.891429 2002.599063 0.999000  1.779218 5.101574 1.595000  1.729347
8  595.489148 2023.529809 1.363000  2.131209 5.215283 2.121000  -0.059679
9  598.393383 2009.729292 0.984000  2.069304 4.312985 1.564000  1.268703
10  632.168404 1973.880269 1.028000  2.334532 4.251134 1.570000  -0.754956
11  588.997362 2026.124131 1.541000  2.139918 4.540739 1.718000  -0.468613
12  619.632276 1993.829024 0.600000  2.180734 4.432199 1.650000  -0.788649
13  602.931683 2019.162481 0.943000  1.962915 4.648910 1.638000  1.057559
14  607.741676 2021.370024 0.511000  1.854622 4.026374 1.544000  -2.113360
15  633.120451 2062.555704 -2.721000  1.545792 4.273547 1.553000  1.055927
16  625.341509 1972.739345 0.772000  1.978181 4.723436 1.641000  2.348868

3  18  1542800368.948430
610.384463 2004.811594 -1.098554
1  613.603475 1974.999937 0.786000  1.912116 4.963566 1.673000  2.404064
2  677.404532 1919.366819 0.626000  2.232571 4.262769 1.582000  2.190430
3  640.360668 1958.625671 0.337000  2.051988 4.948876 1.613000  2.495490
4  611.046510 2025.206769 0.175000  2.151217 4.537067 1.636000  -2.181528
5  541.252651 2060.541356 2.780000  2.648850 3.802054 1.844000  -0.841883
6  637.894750 1951.579584 0.736000  1.912384 4.448554 1.792000  2.270746
7  609.659560 1987.213599 0.833000  2.032341 5.137522 1.749000  2.411318
8  622.241643 2048.152070 -1.941000  1.940033 4.450959 1.679000  1.051723
9  596.961077 2005.274822 1.149000  1.986127 5.146400 1.595000  1.554376
10  595.526282 2024.665514 1.363000  2.386137 5.170916 2.121000  -0.016282
11  599.231246 2012.901404 0.999000  1.919321 4.201474 1.564000  1.275855
12  637.163145 1969.470104 0.328000  1.997816 4.705878 1.570000  -0.755767
13  588.696039 2026.463395 1.642000  2.038280 4.388178 1.718000  -0.512268
14  622.392469 1990.851843 0.513000  2.170233 4.688708 1.650000  -0.723862
15  604.528628 2022.742606 0.929000  1.917470 4.538140 1.638000  1.044489
16  608.153523 2021.076875 0.628000  1.781524 4.005695 1.544000  -2.150604
17  647.782145 1951.949321 0.447000  2.795155 5.017948 1.592000  2.209629
18  621.888047 1975.578350 0.689000  2.197109 4.492753 1.641000  2.491626

4  18  1542800369.448339
612.235641 2001.769059 -0.917523
1  607.001293 1981.208021 0.736000  1.966531 4.865572 1.673000  2.438801
2  676.124148 1920.202610 0.637000  2.613239 4.766479 1.582000  1.931345
3  637.626322 1962.031963 0.487000  2.118258 5.020328 1.613000  2.323449
4  611.072213 2025.326509 0.298000  2.129786 4.408207 1.636000  -2.130710
5  549.689583 2054.663487 2.929000  2.155551 4.416451 1.844000  -0.498838
6  631.259792 1956.866105 0.537000  2.298687 4.871175 1.792000  2.222002
7  606.097008 1990.522525 0.856000  2.084354 5.070699 1.749000  2.394249
8  656.710022 1941.281417 0.660000  1.992980 5.714576 1.659000  2.367887
9  597.461438 2008.083744 1.249000  2.059788 5.038579 1.595000  1.458874
10  595.584092 2024.504326 1.488000  2.123625 5.231280 2.121000  0.034020
11  601.195128 2015.947274 1.031000  2.039209 4.424694 1.564000  1.125371
12  641.579267 1964.288316 0.279000  2.181438 4.479368 1.570000  -0.811774
13  589.189580 2026.088685 1.742000  2.171442 4.470340 1.718000  -0.581523
14  625.806906 1987.791555 0.525000  2.244711 4.825696 1.650000  -0.781482
15  606.614495 2025.588030 0.965000  1.980220 4.627033 1.638000  0.952476
16  607.434970 2020.666264 0.745000  1.753123 3.940471 1.544000  -2.137816
17  644.541196 1954.430496 0.448000  2.119893 4.693687 1.592000  2.459201
18  618.007531 1978.752752 0.731000  2.272141 4.591284 1.641000  2.400909

5  20  1542800369.949334
614.784636 1998.776777 -0.793150
1  601.238979 1986.682973 1.049000  1.857445 4.924085 1.673000  2.386439
2  673.110828 1922.474343 0.648000  1.900899 4.009012 1.582000  2.219985
3  634.527053 1964.356063 0.637000  2.205892 4.565073 1.613000  2.361917
4  610.342414 2024.886968 0.598000  2.022604 4.651308 1.636000  -2.110416
5  557.632527 2048.957313 2.729000  2.274397 4.356427 1.844000  -0.718443
6  625.736167 1962.482109 0.736000  2.120430 4.469593 1.792000  2.300063
7  603.207143 1992.992705 1.051000  2.055768 5.021773 1.749000  2.421614
8  655.154239 1945.779405 0.699000  1.893801 4.785258 1.659000  2.338889
9  598.453842 2010.463033 1.249000  2.142981 5.080579 1.595000  1.354895
10  595.646771 2023.804097 1.613000  2.147992 5.264744 2.121000  0.118746
11  649.849937 1942.453490 0.139000  1.915358 5.840374 2.000000  2.283524
12  603.177108 2019.008361 1.062000  1.893421 4.374664 1.564000  1.041688
13  646.392501 1959.735986 0.231000  2.134226 4.374753 1.570000  -0.738470
14  589.136053 2026.032128 1.792000  2.123808 4.469412 1.718000  -0.544289
15  629.733257 1984.535951 0.450000  2.057531 4.481548 1.650000  -0.741834
16  608.166838 2029.072197 0.751000  1.956095 4.779963 1.638000  0.916223
17  665.546770 1933.719349 0.425000  1.934194 4.708355 1.615000  2.130719
18  607.574270 2021.375299 0.861000  1.885764 3.789755 1.544000  -2.116797
19  643.099041 1956.928338 0.497000  1.952590 4.784411 1.592000  2.264446
20  614.868254 1982.206375 0.773000  2.054277 4.462455 1.641000  2.464188

6  21  1542800370.450291
617.830057 1995.731590 -0.756233
1  595.262737 1992.566148 1.129000  1.782086 4.950700 1.673000  2.449341
2  673.553981 1925.514733 0.660000  2.027455 4.932126 1.582000  2.322109
3  631.673108 1967.052279 0.687000  2.088495 4.880637 1.613000  2.439565
4  610.588363 2025.308323 0.798000  2.191713 4.407029 1.636000  -2.098936
5  560.136455 2046.211124 2.880000  2.275523 5.107439 1.844000  -0.746071
6  618.976493 1968.702337 0.836000  2.224672 4.665574 1.792000  2.255427
7  601.063807 1995.571446 1.210000  2.316320 4.910890 1.749000  2.225856
8  652.780845 1947.360139 0.738000  2.589478 4.958755 1.659000  2.427848
9  600.252178 2014.572512 1.249000  1.874805 5.014543 1.595000  1.081576
10  595.543623 2024.078931 1.764000  2.259736 5.035108 2.121000  -0.017505
11  644.635286 1947.822138 0.659000  1.836915 5.700966 2.000000  2.291347
12  605.052504 2022.096132 1.094000  1.894502 4.410393 1.564000  1.037716
13  652.367641 1954.773394 0.432000  1.920459 4.595309 1.570000  -0.719904
14  588.336100 2026.105122 1.917000  2.074835 4.451691 1.718000  -0.433919
15  633.630529 1980.821029 0.409000  2.239685 4.508976 1.650000  -0.778235
16  610.447154 2032.287691 0.537000  1.736689 4.759095 1.638000  1.045134
17  663.387429 1935.431174 0.513000  1.789210 4.223814 1.615000  2.469651
18  607.614865 2021.301442 0.978000  1.730297 3.964506 1.544000  -2.139314
19  642.265678 1956.831287 0.714000  2.011275 4.925370 1.592000  2.408678
20  611.759139 1984.851202 0.906000  2.301248 4.705448 1.641000  2.439628
21  656.810300 1932.208556 0.720000  1.446234 4.737810 1.918000  2.400442

7  21  1542800370.949037
621.237699 1992.493032 -0.746249
1  588.424205 1997.899115 1.472000  1.941679 4.843773 1.673000  2.388910
2  670.051680 1927.175987 0.671000  1.661747 4.950679 1.582000  2.241702
3  628.332563 1969.690237 0.787000  2.149365 4.563954 1.613000  2.431126
4  610.032739 2025.548690 0.847000  1.941048 4.545912 1.636000  -2.162939
5  562.588781 2047.005195 3.029000  2.440291 4.796411 1.844000  -0.691104
6  612.719599 1974.872811 0.961000  2.011165 4.627272 1.792000  2.300565
7  600.670641 1998.562445 1.368000  2.187648 5.010072 1.749000  2.088634
8  649.548299 1951.186811 0.777000  1.909217 4.866742 1.659000  2.283452
9  601.186302 2017.504356 1.267000  2.043157 4.994234 1.595000  1.033465
10  595.742236 2024.222930 1.863000  2.339677 5.319635 2.121000  -0.060971
11  639.013385 1953.357278 0.678000  2.169014 5.870003 2.000000  2.313356
12  698.934919 1899.421384 0.378000  1.452558 5.373499 1.651000  2.460993
13  687.945844 1905.317263 0.384000  1.748773 5.251004 1.719000  2.614694
14  657.914653 1950.696837 0.633000  2.344034 4.801983 1.570000  -0.856577
15  589.304989 2026.553995 2.042000  1.558417 4.423383 1.718000  -0.474262
16  637.322533 1977.536244 0.467000  2.433594 4.566466 1.650000  -0.774330
17  660.906409 1938.393319 0.626000  1.846766 5.110751 1.615000  2.365826
18  608.010719 2020.929213 1.094000  1.566092 3.845168 1.544000  -2.163219
19  639.266079 1959.212064 0.831000  2.064403 4.639343 1.592000  2.399260
20  608.783592 1987.586584 1.039000  2.097525 4.646348 1.641000  2.481423
21  652.658852 1933.786554 0.898000  2.002035 4.403191 1.918000  2.356880

8  22  1542800371.448359
624.940162 1989.017849 -0.740234
1  582.843100 2003.684714 1.615000  1.977555 5.317853 1.673000  2.275732
2  669.100104 1929.150218 0.732000  2.572239 4.711376 1.582000  2.203386
3  625.649433 1972.316113 0.886000  2.210801 4.881732 1.613000  2.408822
4  564.686115 2045.217590 3.178000  2.293632 5.274870 1.844000  -0.366302
5  606.335177 1981.092041 1.085000  2.109931 4.859450 1.792000  2.342272
6  597.496505 2001.622432 1.476000  2.235226 5.000738 1.749000  2.026937
7  646.427470 1953.169617 0.865000  2.179829 4.930674 1.659000  2.419274
8  604.323310 2020.809703 1.184000  1.800779 5.103152 1.595000  0.949905
9  595.127455 2024.024524 1.913000  2.253633 5.042316 2.121000  0.035102
10  630.788045 1962.695204 0.948000  1.982520 5.821852 2.000000  2.342365
11  695.820486 1900.093386 0.628000  2.959215 4.372951 1.651000  2.237347
12  683.615869 1910.219573 0.507000  1.759019 4.466204 1.719000  2.319821
13  663.060919 1946.115760 0.583000  2.315200 4.964621 1.570000  -0.789525
14  589.876167 2025.540992 2.142000  1.887631 4.664253 1.718000  -0.581284
15  641.329246 1973.391468 0.525000  2.162614 4.488009 1.650000  -0.808418
16  665.947532 1928.052296 0.629000  2.008951 4.739192 1.614000  2.056613
17  657.540257 1941.321389 0.689000  2.139716 4.908735 1.615000  2.449947
18  608.031735 2020.990220 1.111000  1.882401 3.986388 1.544000  -2.162433
19  677.503095 1916.494342 0.441000  2.805134 4.748577 1.687000  2.665666
20  635.983061 1962.081129 0.897000  2.086469 5.009566 1.592000  2.367964
21  605.743263 1990.376184 1.173000  2.067330 4.657355 1.641000  2.441214
22  649.517687 1937.347485 0.977000  2.315189 4.731739 1.918000  2.342071

9  22  1542800371.948272
628.804714 1985.446999 -0.738260
1  575.282935 2008.575773 1.959000  2.364016 4.561315 1.673000  2.378335
2  666.797908 1931.775582 0.644000  2.106363 4.262160 1.582000  2.018949
3  622.250460 1975.466473 1.086000  2.202745 4.685410 1.613000  2.390455
4  569.464741 2042.673962 3.228000  1.589663 4.673439 1.844000  -0.914326
5  599.757604 1987.286359 1.343000  2.142893 4.651979 1.792000  2.340402
6  597.110907 2004.243178 1.700000  2.469885 4.873538 1.749000  1.983232
7  643.558139 1956.777675 0.954000  2.366223 5.025300 1.659000  2.376819
8  596.177825 2023.408056 1.963000  2.108083 5.007445 2.121000  -0.011990
9  625.532881 1967.268553 1.217000  2.116854 5.735263 2.000000  2.365820
10  695.090449 1903.406067 0.678000  2.186977 4.537887 1.651000  2.212013
11  677.906880 1913.835470 0.630000  2.410616 5.169832 1.719000  2.152944
12  667.596236 1940.972445 0.534000  1.781281 4.446580 1.570000  -0.853611
13  589.191419 2025.581684 2.242000  2.075833 4.600096 1.718000  -0.558054
14  646.070416 1969.491472 0.625000  2.048649 4.651739 1.650000  -0.775950
15  660.156896 1932.080395 0.711000  2.127596 4.368402 1.614000  2.186133
16  655.832355 1944.008235 0.731000  1.983677 4.735688 1.615000  2.424243
17  607.967111 2021.206320 1.327000  1.555609 4.209461 1.544000  -2.165785
18  673.038501 1920.767535 0.626000  1.553673 4.664537 1.687000  2.554835
19  633.459866 1964.772675 0.997000  2.033062 4.958184 1.592000  2.431181
20  603.075251 1992.843753 1.373000  2.111278 4.505226 1.641000  2.292931
21  666.921421 1920.347006 0.597000  1.771095 3.740378 1.790000  2.221838
22  645.562311 1940.953434 1.055000  2.232118 4.689578 1.918000  2.374599

10  22  1542800372.397808
632.467505 1982.078368 -0.737017
1  569.776965 2014.485292 2.127000  1.715830 4.381375 1.673000  2.533208
2  665.274568 1933.432449 0.788000  2.112259 4.803811 1.582000  2.468296
3  619.654874 1977.990773 1.086000  2.016594 4.889584 1.613000  2.286032
4  570.978138 2042.028181 3.073000  2.181803 4.211455 1.844000  -0.850468
5  594.064322 1992.914271 1.575000  2.108997 4.762194 1.792000  2.468909
6  596.542050 2006.153095 1.732000  2.555940 4.750046 1.749000  1.944421
7  640.331341 1959.107870 1.017000  2.177890 4.941561 1.659000  2.331464
8  596.229760 2022.126635 1.995000  2.795420 5.502218 2.121000  0.070905
9  619.440729 1972.027226 1.267000  2.158442 6.112801 2.000000  2.384790
10  691.677930 1905.040595 0.723000  2.731619 5.452190 1.651000  2.301146
11  675.990410 1919.113604 0.735000  1.059823 5.130362 1.719000  2.475256
12  673.691806 1935.742735 0.790000  2.105985 4.424438 1.570000  -0.622211
13  589.653508 2026.274577 2.298000  2.010287 4.227560 1.718000  -0.644266
14  649.513250 1965.849121 0.575000  2.162113 4.579972 1.650000  -0.715355
15  656.933003 1935.814159 0.834000  1.844538 4.911020 1.614000  2.313080
16  653.147760 1945.501439 0.769000  2.187126 4.983277 1.615000  2.305290
17  607.618514 2020.752359 1.432000  1.545167 4.110369 1.544000  -2.151749
18  670.403888 1924.093389 0.792000  1.653101 4.998268 1.687000  2.506287
19  631.176337 1966.883924 0.997000  2.005878 4.795193 1.592000  2.324983
20  601.052157 1995.216518 1.573000  2.063929 4.608522 1.641000  2.436591
21  662.171926 1921.225565 0.700000  2.231556 5.115484 1.790000  2.409702
22  642.405901 1944.040105 1.131000  1.964225 4.877304 1.918000  2.489393

11  22  1542800372.948008
637.069856 1977.823420 -0.739379
1  662.997417 1935.983769 0.944000  2.146900 4.200548 1.582000  2.373563
2  616.622352 1981.275126 1.265000  2.052335 4.879756 1.613000  2.459377
3  574.640373 2037.554335 2.883000  2.586239 4.535881 1.844000  -0.450624
4  588.209071 1999.533273 1.782000  2.270837 4.106433 1.792000  2.350764
5  597.435985 2009.830340 1.868000  2.763524 5.145763 1.749000  1.791111
6  668.782591 1916.624062 0.847000  1.859821 4.267927 1.763000  2.541290
7  636.978560 1962.040452 0.982000  2.022649 5.083284 1.659000  2.340863
8  595.610451 2021.768145 2.034000  2.320607 4.884215 2.121000  0.049772
9  611.873798 1979.587111 1.367000  2.141277 5.579854 2.000000  2.369203
10  691.284506 1908.359140 0.778000  2.303144 5.415354 1.651000  2.181304
11  671.632353 1925.232148 0.975000  1.696589 4.738413 1.719000  2.529597
12  681.899296 1928.568010 0.903000  2.351017 4.551785 1.570000  -0.760308
13  588.730202 2026.313709 2.366000  2.583383 4.575879 1.718000  -0.628581
14  654.321766 1961.499261 0.595000  2.110812 4.485998 1.650000  -0.751750
15  650.673285 1940.560657 0.925000  2.076088 4.679936 1.614000  2.339983
16  650.306751 1948.288616 0.903000  2.138803 4.725464 1.615000  2.326993
17  608.339070 2021.190726 1.560000  1.590698 4.656254 1.544000  -2.149032
18  665.134956 1927.362357 0.995000  2.549651 4.832706 1.687000  2.481679
19  627.968198 1969.615376 1.172000  1.871465 5.078162 1.592000  2.473359
20  598.705318 1997.590813 1.681000  2.333032 4.175241 1.641000  2.256810
21  658.137029 1926.382843 0.826000  1.859700 4.597172 1.790000  2.369652
22  637.062716 1948.376389 1.162000  1.847879 4.773593 1.918000  2.350769

12  23  1542800373.447883
641.349321 1973.876850 -0.740492
1  660.686066 1937.953666 0.994000  1.959799 4.270613 1.582000  2.228981
2  612.927140 1984.339248 1.427000  2.263319 4.790118 1.613000  2.345121
3  578.112850 2035.540817 2.810000  1.872117 5.320278 1.844000  -0.607705
4  580.586242 2004.139237 1.971000  2.616464 4.294712 1.792000  2.311862
5  686.323198 1909.151840 0.813000  2.177344 5.035369 1.611000  2.530397
6  597.338676 2013.403320 1.944000  2.126498 5.106459 1.749000  1.697557
7  665.096972 1920.316197 0.934000  2.034884 5.216601 1.763000  2.222908
8  633.493422 1965.479058 1.132000  2.314070 4.736502 1.659000  2.374450
9  597.610195 2023.312741 2.069000  2.352164 5.597769 2.121000  -0.164025
10  604.030336 1986.347423 1.512000  1.860070 6.141902 2.000000  2.336232
11  688.224083 1910.530225 0.828000  2.279071 4.912809 1.651000  2.392410
12  670.889967 1928.739565 0.975000  2.097051 4.709430 1.719000  2.344977
13  688.652343 1921.780708 0.855000  1.715690 4.437220 1.570000  -0.829245
14  590.825016 2026.499143 2.428000  1.402330 4.930860 1.718000  -0.434710
15  659.148646 1957.488565 0.613000  2.175092 4.519263 1.650000  -0.811094
16  644.620452 1946.154721 0.911000  2.273379 4.817917 1.614000  2.369189
17  647.240518 1951.063373 1.024000  2.128414 4.849077 1.615000  2.375320
18  608.322865 2020.858288 1.677000  1.945798 4.249487 1.544000  -2.200350
19  659.577686 1931.832002 1.045000  2.222964 4.638362 1.687000  2.279731
20  625.004701 1972.142195 1.330000  2.270919 4.874170 1.592000  2.417152
21  598.189054 1999.626478 1.827000  2.355669 4.858386 1.641000  2.304400
22  655.489996 1930.773560 0.940000  1.713050 4.865130 1.790000  2.388743
23  633.250191 1952.442708 1.191000  2.132776 4.870927 1.918000  2.389284

13  21  1542800373.947765
645.821314 1969.682367 -0.745152
1  657.971648 1940.500856 1.044000  1.992348 4.365982 1.582000  2.294457
2  610.117733 1987.374907 1.736000  1.719352 5.079756 1.613000  2.362389
3  698.920393 1902.048513 0.870000  1.976946 4.984624 1.536000  2.029180
4  573.792921 2011.484370 2.160000  1.659356 4.999161 1.792000  2.206386
5  682.094166 1912.027127 0.928000  1.882411 5.326603 1.611000  2.257753
6  599.166527 2017.905744 2.193000  2.498533 5.202981 1.749000  1.621579
7  660.727460 1923.657724 1.022000  1.836222 4.823592 1.763000  2.314894
8  630.579813 1968.144349 1.332000  2.251789 4.805232 1.659000  2.393328
9  685.496540 1913.452493 0.878000  2.211003 4.960035 1.651000  2.290416
10  667.296154 1930.441449 0.975000  1.907216 5.127734 1.719000  2.279372
11  694.309947 1916.038706 0.808000  2.152026 4.011450 1.570000  -0.452145
12  588.342077 2026.381454 2.431000  2.345418 5.207537 1.718000  -0.847153
13  663.199416 1953.477655 0.578000  2.184254 4.594008 1.650000  -0.805406
14  639.098309 1950.845342 0.997000  2.290071 4.902605 1.614000  2.346347
15  644.105764 1954.333651 1.074000  1.803046 4.918217 1.615000  2.306745
16  607.788521 2019.933843 1.793000  1.554424 4.274635 1.544000  -2.269168
17  654.432470 1935.600069 1.095000  2.223735 4.445660 1.687000  2.367423
18  621.357461 1975.246813 1.489000  1.901317 4.976438 1.592000  2.359817
19  596.821190 2002.079194 1.973000  2.003777 4.918391 1.641000  2.239997
20  650.928957 1934.600522 1.054000  1.893119 4.535179 1.790000  2.352303
21  628.601129 1956.557362 1.291000  2.031291 4.764883 1.918000  2.392894

14  20  1542800374.447637
650.316483 1965.502417 -0.743372
1  655.733114 1942.680536 1.044000  2.118799 4.252466 1.582000  2.283832
2  607.793910 1989.555184 1.836000  1.740690 4.617787 1.613000  2.484776
3  697.320998 1904.072164 1.020000  2.088281 4.982363 1.536000  2.566399
4  566.793793 2019.512506 2.349000  2.536264 5.204088 1.792000  2.557281
5  676.879887 1917.138822 1.043000  1.742856 4.721479 1.611000  2.527765
6  657.493312 1928.235292 1.109000  1.685588 4.619994 1.763000  2.401728
7  627.482777 1971.188000 1.532000  2.194357 5.193141 1.659000  2.377605
8  685.154828 1913.347693 0.928000  2.156099 4.967724 1.651000  2.154479
9  665.426002 1933.119686 1.025000  2.107996 4.766052 1.719000  2.311918
10  700.125857 1911.975239 0.860000  2.186542 4.831338 1.570000  -0.749735
11  589.972940 2028.778462 2.435000  1.777113 4.544673 1.718000  -0.575492
12  730.896591 1869.388119 2.174000  2.164336 12.992148 4.464000  2.298429
13  667.586812 1949.336300 0.594000  2.300089 4.428955 1.650000  -0.744173
14  633.886284 1955.328009 1.084000  2.134729 4.913936 1.614000  2.423317
15  641.208163 1957.213857 1.124000  1.988044 4.932091 1.615000  2.329162
16  650.406622 1940.405979 1.145000  2.267575 4.579351 1.687000  2.391010
17  618.496392 1978.026661 1.647000  1.734074 5.033785 1.592000  2.382501
18  596.858720 2004.896988 2.119000  2.205439 4.996781 1.641000  2.076945
19  647.284260 1938.276501 1.068000  2.259087 4.420911 1.790000  2.379613
20  624.464187 1960.047829 1.391000  1.938825 4.722315 1.918000  2.381543

15  19  1542800374.947539
654.827835 1961.305548 -0.742442
1  652.938733 1945.909397 1.044000  2.162170 4.270568 1.582000  2.283211
2  604.243530 1992.362362 1.911000  2.055745 4.935992 1.613000  2.235304
3  694.530920 1907.358147 1.170000  1.306587 4.609453 1.536000  2.370463
4  562.264459 2022.914763 2.537000  1.008671 4.626656 1.792000  2.586860
5  671.509044 1921.759246 1.158000  1.951050 4.736878 1.611000  2.412547
6  653.577902 1932.086894 1.196000  1.830755 4.575521 1.763000  2.400459
7  624.794565 1973.819029 1.657000  2.254007 5.012750 1.659000  2.341701
8  682.287243 1914.465225 0.978000  1.807883 5.621578 1.651000  2.290398
9  662.931324 1936.472187 1.075000  1.910875 4.908549 1.719000  2.256424
10  704.411122 1907.031214 1.113000  2.140717 4.305633 1.570000  -0.677116
11  589.681863 2027.702148 2.438000  1.767938 4.115878 1.718000  -0.661461
12  728.682835 1869.880168 2.472000  3.277774 12.562363 4.464000  2.595995
13  672.272949 1944.788879 0.660000  2.026570 4.551251 1.650000  -0.805127
14  627.949823 1961.157411 1.070000  2.281352 4.840325 1.614000  2.365681
15  639.197310 1959.736275 1.224000  1.715707 4.691881 1.615000  2.324646
16  644.884016 1945.537366 1.195000  2.362162 4.762150 1.687000  2.418861
17  615.457760 1981.620318 1.623000  1.960699 4.970507 1.592000  2.423003
18  643.707471 1941.969526 1.068000  1.860599 4.597807 1.790000  2.959624
19  620.209039 1963.831960 1.491000  2.039547 4.685736 1.918000  2.415820

16  19  1542800375.447384
659.460944 1957.013447 -0.741507
1  650.379822 1948.129418 1.094000  2.188808 4.556764 1.582000  2.291940
2  639.364439 1945.781361 1.250000  2.016928 5.181190 1.695000  2.433391
3  601.842876 1994.430920 2.036000  2.153660 4.865514 1.613000  2.478208
4  691.183342 1908.206409 1.020000  2.291614 4.935010 1.536000  2.212387
5  665.356888 1926.364424 1.158000  2.059649 4.787383 1.611000  2.415286
6  650.099073 1935.764643 1.284000  1.774259 4.639200 1.763000  2.368468
7  621.849647 1976.866485 1.782000  2.348473 4.877926 1.659000  2.432183
8  680.611582 1917.035867 1.028000  1.833868 5.041587 1.651000  2.343075
9  659.836809 1939.271598 1.087000  1.984302 4.979451 1.719000  2.336442
10  711.715084 1900.866988 1.115000  2.107097 4.940766 1.570000  -0.996046
11  589.587528 2028.600920 2.442000  3.151246 4.851255 1.718000  -0.834829
12  724.424771 1868.458185 2.021000  2.055444 12.842291 4.464000  2.780965
13  677.134876 1940.653217 0.775000  2.084115 4.696495 1.650000  -0.740471
14  622.868920 1965.157798 1.448000  2.301857 4.650596 1.614000  2.350602
15  636.418088 1962.567635 1.324000  1.903668 4.856304 1.615000  2.409600
16  639.957011 1950.412307 1.195000  2.178706 4.559948 1.687000  2.344227
17  611.974230 1983.174321 1.749000  2.402041 4.947691 1.592000  2.426771
18  632.392786 1948.096366 1.068000  1.731366 4.721099 1.790000  2.967525
19  616.413673 1967.306425 1.666000  1.951965 4.715497 1.918000  2.328805

17  21  1542800375.947245
664.064613 1952.735647 -0.744680
1  647.314642 1951.725665 1.244000  2.213980 4.571669 1.582000  2.351535
2  635.891083 1950.707803 1.250000  2.244092 5.349685 1.695000  2.455976
3  602.407182 1997.382457 2.211000  1.872065 5.265428 1.613000  2.446865
4  688.211907 1910.322454 0.870000  1.946484 4.552738 1.536000  2.254278
5  708.421437 1917.310604 0.597000  2.083699 0.877472 0.899000  0.723356
6  659.843008 1932.196652 1.158000  1.841802 5.015456 1.611000  2.475493
7  646.162519 1939.407196 1.371000  1.909653 4.602755 1.763000  2.397938
8  618.188030 1979.347680 1.907000  2.041211 4.343793 1.659000  2.382353
9  751.741916 1853.963304 1.254000  0.598958 4.455975 1.713000  2.514097
10  678.264310 1919.764037 1.078000  2.294394 5.351672 1.651000  2.368088
11  657.126128 1942.594427 1.137000  1.947352 4.952944 1.719000  2.349181
12  717.362884 1895.525039 1.068000  1.819154 4.741246 1.570000  -1.019712
13  590.450419 2025.907615 2.525000  2.444698 4.093002 1.718000  0.028964
14  721.714185 1871.282304 2.069000  3.468175 12.289645 4.464000  2.367276
15  681.879984 1936.563729 0.646000  2.233114 4.641924 1.650000  -0.749788
16  617.982159 1970.445233 1.826000  1.997647 4.914485 1.614000  2.398177
17  633.167286 1965.537641 1.424000  1.751976 4.977354 1.615000  2.361920
18  633.709195 1955.548859 1.195000  2.219029 4.779147 1.687000  2.396578
19  609.454262 1986.283841 1.974000  1.943361 5.392642 1.592000  2.330499
20  714.231537 1888.670820 0.985000  1.546185 5.266262 1.566000  2.454556
21  612.117126 1971.114213 1.841000  1.985860 4.581412 1.918000  2.341470

18  21  1542800376.447154
668.698540 1948.440471 -0.742927
1  644.375764 1954.514492 1.394000  2.138706 4.677511 1.582000  2.343012
2  630.410412 1953.402847 1.400000  2.166030 5.522863 1.695000  2.375194
3  598.050925 1998.848042 2.436000  2.993388 4.442768 1.613000  2.617692
4  686.041683 1913.624864 0.820000  2.357037 4.581411 1.536000  2.254452
5  708.756537 1916.473652 0.597000  1.601169 0.977672 0.899000  0.643614
6  653.995907 1937.476806 1.220000  1.975795 4.809027 1.611000  2.455854
7  641.731039 1943.173507 1.483000  1.905113 4.659157 1.763000  2.369837
8  616.903965 1982.216194 2.032000  1.943406 4.855999 1.659000  2.256443
9  744.936890 1860.146234 1.254000  3.159695 5.487938 1.713000  2.424904
10  675.491033 1922.623010 1.078000  2.024409 5.178485 1.651000  2.338716
11  766.440351 1843.230777 1.168000  1.925321 3.753649 1.526000  2.391745
12  654.128546 1945.410458 1.187000  2.051537 5.043341 1.719000  2.281912
13  723.464611 1889.050095 1.020000  2.255411 4.024529 1.570000  -0.773719
14  589.779315 2026.563430 2.609000  1.907154 4.665176 1.718000  -1.023571
15  719.325986 1871.405663 2.268000  2.818960 12.785299 4.464000  2.444273
16  686.870888 1931.627479 0.592000  2.437590 4.768482 1.650000  -0.740280
17  612.880696 1976.075553 2.129000  1.846269 4.777364 1.614000  2.343155
18  630.204819 1969.000474 1.524000  1.916428 4.713208 1.615000  2.300167
19  607.502873 1990.514623 2.150000  1.808224 4.619551 1.592000  2.501400
20  712.827555 1889.106750 0.985000  1.963147 5.039683 1.566000  2.456615
21  608.591289 1976.116138 2.016000  2.252163 4.917605 1.918000  2.274708

19  20  1542800376.947003
673.367001 1944.103031 -0.746612
1  640.948804 1958.109517 1.544000  2.140448 4.386764 1.582000  2.289817
2  617.304841 1962.228090 1.645000  2.310471 5.455463 1.695000  2.428955
3  598.385450 1999.761229 2.712000  2.065513 4.597672 1.613000  2.507575
4  683.101583 1915.932083 1.120000  1.972044 4.806082 1.536000  2.447975
5  708.214074 1916.606249 0.597000  2.364577 0.876576 0.899000  0.628550
6  648.411668 1942.776792 1.333000  1.884011 4.990335 1.611000  2.466914
7  638.051064 1947.297673 1.596000  1.834303 4.496398 1.763000  2.404582
8  613.569919 1984.921451 2.157000  2.357796 4.729403 1.659000  2.230995
9  742.652485 1862.490259 1.254000  1.317222 5.509870 1.713000  2.383255
10  673.005774 1925.181846 1.078000  2.142418 4.995325 1.651000  2.325492
11  760.806165 1849.725668 1.184000  3.030340 3.783087 1.526000  2.463996
12  650.840722 1949.119979 1.337000  2.156037 4.804111 1.719000  2.273146
13  730.234909 1883.760174 1.123000  1.804884 4.508386 1.570000  -0.776778
14  591.407865 2028.083670 2.692000  3.259496 3.719875 1.718000  -0.446651
15  716.491864 1875.935523 2.268000  2.472016 13.074283 4.464000  2.349791
16  691.600046 1927.417442 0.607000  2.235720 4.694951 1.650000  -0.815213
17  606.623667 1981.812019 2.132000  2.443412 5.207414 1.614000  2.409972
18  628.429258 1971.854276 1.699000  1.556173 4.906257 1.615000  2.427996
19  709.434450 1894.151894 0.985000  1.725923 4.751735 1.566000  2.516769
20  604.568044 1979.997317 2.191000  2.056020 4.516224 1.918000  2.344781

20  19  1542800377.447456
678.095890 1939.680805 -0.748868
1  638.655514 1959.986293 1.744000  1.991777 4.538568 1.582000  2.223741
2  679.146028 1918.760186 1.006000  1.914919 4.822325 1.536000  2.426118
3  707.910246 1916.219038 0.597000  2.196955 0.653991 0.899000  0.768055
4  642.981055 1947.847947 1.446000  2.169561 4.711990 1.611000  2.267259
5  609.738647 1987.422932 2.282000  1.640169 4.297085 1.659000  2.442077
6  738.050424 1866.611879 1.204000  1.310865 4.572857 1.713000  2.225263
7  669.698021 1928.235683 1.213000  1.958188 5.286757 1.651000  2.377804
8  755.721923 1850.750816 1.201000  2.311604 4.451335 1.526000  2.334851
9  647.397949 1952.087546 1.537000  1.844138 4.812065 1.719000  2.303169
10  696.893679 1904.517514 1.092000  2.339532 4.871061 1.679000  2.408490
11  737.192929 1878.168212 1.126000  2.058195 4.281347 1.570000  -0.909129
12  589.588722 2027.508670 2.948000  1.675484 3.745145 1.718000  -0.457245
13  712.661883 1876.748796 2.268000  2.470924 12.351086 4.464000  2.787442
14  696.527444 1922.365704 0.624000  2.268327 4.559786 1.650000  -0.838507
15  603.085324 1987.002260 2.135000  2.228638 5.608239 1.614000  2.248158
16  625.630722 1974.096989 1.874000  1.846048 4.509351 1.615000  2.330141
17  749.814922 1862.677727 1.036000  0.791848 4.484600 1.759000  2.302855
18  708.048158 1895.502131 0.985000  2.266152 5.003980 1.566000  2.536389
19  723.729346 1877.528840 1.270000  1.570663 2.072723 1.776000  2.263499

21  20  1542800377.898133
682.345178 1935.674272 -0.748858
1  637.553026 1962.342398 1.924000  2.331920 4.390970 1.582000  2.382937
2  676.214227 1922.331662 1.033000  2.058851 4.851611 1.536000  2.436317
3  708.217430 1916.400465 0.597000  2.172131 0.867938 0.899000  0.646508
4  637.244546 1952.804160 1.648000  1.936362 4.976526 1.611000  2.466768
5  608.061523 1990.764891 2.394000  1.894476 5.628241 1.659000  2.242373
6  733.882772 1868.287944 1.159000  1.919360 4.738079 1.713000  2.053419
7  666.978098 1931.246162 1.218000  2.180059 5.380858 1.651000  2.325622
8  753.479165 1855.861859 1.215000  1.764423 4.259551 1.526000  2.750479
9  709.931543 1917.264600 0.597000  2.289336 0.552534 0.899000  0.709086
10  645.394784 1955.188420 1.617000  1.772911 5.038337 1.719000  2.261882
11  694.639994 1906.040377 1.092000  2.168037 5.063340 1.679000  2.408829
12  743.280899 1872.385050 1.128000  2.267868 3.916188 1.570000  -1.023592
13  590.438635 2027.069152 3.178000  3.206588 4.550706 1.718000  -0.217233
14  715.081492 1876.824059 2.268000  2.850253 12.734512 4.464000  2.665509
15  700.922701 1918.696665 0.675000  1.973604 4.279103 1.650000  -0.720659
16  597.589145 1992.423190 2.288000  2.243421 4.537929 1.614000  2.363335
17  623.077796 1975.780060 2.032000  2.210648 5.387068 1.615000  2.310605
18  745.891436 1863.675117 1.082000  1.951881 3.946557 1.759000  2.100998
19  707.188657 1896.165098 0.985000  1.817682 5.088715 1.566000  2.291607
20  720.926982 1881.219090 1.090000  0.923435 2.264354 1.776000  2.268580

22  21  1542800378.397983
687.135778 1931.195949 -0.747600
1  633.855683 1965.211010 2.124000  2.135508 4.066011 1.582000  2.393122
2  672.305475 1925.364165 1.131000  1.774335 4.674488 1.536000  2.454835
3  708.143316 1916.517711 0.597000  2.217903 0.823586 0.899000  0.637957
4  632.656814 1958.794739 1.761000  1.868306 4.912576 1.611000  2.309213
5  604.983378 1991.596604 2.519000  2.577676 5.065288 1.659000  2.341653
6  729.237086 1874.802048 1.109000  2.261631 5.150184 1.713000  2.282180
7  664.050511 1934.499275 1.322000  2.061753 5.178393 1.651000  2.296451
8  751.501195 1856.771093 1.065000  1.184542 5.055896 1.526000  2.504996
9  710.197297 1917.694570 0.597000  2.100356 0.699624 0.899000  0.733156
10  641.324615 1957.436900 1.706000  1.683172 4.889365 1.719000  2.247390
11  691.406536 1909.022985 1.092000  2.236569 5.015946 1.679000  2.527183
12  750.695982 1868.495048 1.131000  2.642797 4.384233 1.570000  -0.903368
13  589.451484 2026.607349 3.434000  2.507001 4.792079 1.718000  -0.349632
14  712.836806 1877.671653 2.268000  2.830176 12.696198 4.464000  2.678663
15  706.116012 1914.400854 0.688000  2.249309 4.725181 1.650000  -0.789228
16  591.568196 1995.523484 2.658000  1.128124 5.120436 1.614000  2.498630
17  620.645972 1979.266876 2.207000  1.852019 4.817398 1.615000  2.374445
18  742.297611 1868.132332 1.132000  1.648880 4.465403 1.759000  2.067320
19  707.483990 1891.313694 0.981000  2.222462 4.861013 1.596000  2.523897
20  705.032580 1897.926467 0.985000  1.893914 4.823253 1.566000  2.376415
21  715.376867 1885.297971 1.090000  1.164108 2.133259 1.776000  2.326248

23  20  1542800378.897841
692.089175 1926.570529 -0.748088
1  631.119210 1968.919022 2.324000  2.283527 4.892726 1.582000  2.505258
2  668.962793 1929.539619 1.229000  1.897961 4.817925 1.536000  2.433262
3  708.106029 1916.418615 0.597000  2.209884 0.770986 0.899000  0.706937
4  626.099381 1964.216136 2.024000  1.757578 4.683425 1.611000  2.272200
5  724.230940 1877.993404 1.059000  2.584600 4.896236 1.713000  2.201981
6  660.000169 1938.273244 1.577000  2.038124 5.122246 1.651000  2.298655
7  744.275369 1858.820879 0.915000  3.129523 5.231072 1.526000  2.612284
8  709.557623 1917.533303 0.597000  2.143941 0.901256 0.899000  0.758062
9  638.443543 1961.797915 1.795000  2.070729 4.080785 1.719000  2.393229
10  688.817433 1911.889224 1.129000  2.014189 5.099143 1.679000  2.501832
11  757.774997 1863.887123 1.133000  1.415072 5.186636 1.570000  -0.756421
12  709.234295 1878.704444 2.268000  2.748987 12.872634 4.464000  2.495287
13  710.778186 1909.700776 0.667000  2.122380 4.590812 1.650000  -0.790389
14  688.467245 1906.299771 1.135000  1.745628 4.555391 1.763000  2.414049
15  617.892315 1983.660478 2.332000  0.629454 5.254915 1.615000  2.098968
16  739.805378 1869.938950 1.182000  2.142510 4.546657 1.759000  2.358236
17  700.611273 1896.140084 0.981000  2.202519 4.890478 1.596000  2.450581
18  702.393289 1900.049101 0.985000  1.907842 4.783459 1.566000  2.445141
19  755.066443 1860.006257 1.243000  1.588240 4.935171 1.919000  2.406893
20  710.868901 1889.555632 1.040000  1.660781 2.258522 1.776000  2.383879

24  20  1542800379.397716
697.134687 1921.843914 -0.747478
1  664.795463 1932.805108 1.327000  2.031549 4.831594 1.536000  2.425757
2  708.044099 1916.696635 0.597000  2.414734 0.832648 0.899000  0.714436
3  620.886585 1969.789235 2.136000  1.986925 4.289317 1.611000  2.426806
4  763.045672 1848.591644 1.374000  2.186729 3.886292 1.764000  2.622296
5  719.844388 1883.116448 1.209000  2.428590 5.238740 1.713000  2.172609
6  657.224568 1941.319041 1.782000  1.906237 4.867776 1.651000  2.348212
7  741.673087 1863.994847 0.915000  1.824211 4.881720 1.526000  2.665155
8  709.975082 1917.397906 0.597000  2.084705 0.763662 0.899000  0.712232
9  636.808564 1964.398378 1.884000  1.850377 4.159685 1.719000  2.289332
10  685.621788 1914.389555 1.266000  2.243836 5.329896 1.679000  2.458875
11  764.426298 1856.461529 1.336000  2.427814 4.114680 1.570000  -0.947312
12  709.036955 1879.713512 2.268000  3.034621 12.633372 4.464000  2.577066
13  716.132365 1905.103204 0.671000  2.067988 4.487307 1.650000  -0.815121
14  683.374665 1910.518169 1.285000  1.935746 4.865806 1.763000  2.404490
15  613.451956 1984.699271 2.457000  1.977128 5.517707 1.615000  2.526955
16  734.555645 1871.924173 1.232000  2.016572 4.936028 1.759000  2.333243
17  695.395818 1900.798850 0.981000  2.295229 4.999862 1.596000  2.428749
18  699.796538 1902.319346 0.985000  1.980447 4.900116 1.566000  2.448871
19  747.128291 1864.145899 1.263000  2.522887 4.993069 1.919000  2.325964
20  706.367802 1893.190052 0.890000  1.196615 1.979901 1.776000  2.354995

25  21  1542800379.897591
702.280130 1917.069733 -0.737714
1  662.361222 1936.133817 1.342000  1.987103 4.671670 1.536000  2.511980
2  708.175179 1916.393019 0.597000  2.148122 0.627223 0.899000  0.646904
3  615.356605 1974.365723 2.249000  2.297994 5.644731 1.611000  2.505992
4  777.617539 1834.861271 1.344000  1.123385 4.582425 1.827000  2.453448
5  759.551461 1849.297955 1.299000  2.062651 4.610503 1.764000  2.283885
6  715.882238 1886.733176 1.159000  2.186684 4.950985 1.713000  2.190419
7  654.760249 1946.243554 1.636000  1.755661 5.062125 1.651000  2.225340
8  737.951270 1867.694529 0.915000  1.628348 4.527632 1.526000  2.379339
9  710.085292 1917.954767 0.597000  2.134428 0.936821 0.899000  0.673696
10  634.402291 1966.844822 1.973000  2.356681 4.288786 1.719000  2.320323
11  681.445452 1918.094185 1.253000  2.154634 5.043290 1.679000  2.540068
12  772.683650 1850.274001 1.539000  1.672127 3.348980 1.570000  -0.812040
13  708.761950 1880.393713 2.318000  2.691605 12.704930 4.464000  2.536570
14  721.331090 1900.624230 0.675000  2.289419 4.606079 1.650000  -0.737127
15  678.006501 1915.182020 1.285000  1.855973 4.814545 1.763000  2.365520
16  611.183596 1988.079618 2.557000  2.447453 5.522699 1.615000  2.626295
17  731.797359 1876.640199 1.182000  2.102018 4.547652 1.759000  2.427069
18  690.068551 1905.402395 0.981000  1.942746 4.944073 1.596000  2.429437
19  696.655940 1904.638909 0.985000  1.862508 4.825077 1.566000  2.360881
20  744.787028 1867.641705 1.234000  2.247869 4.085318 1.919000  2.504610
21  701.360520 1897.654789 1.086000  1.400733 1.979178 1.776000  2.373136

26  20  1542800380.398024
707.568325 1912.284827 -0.729969
1  658.245114 1938.790165 1.504000  2.069267 4.719137 1.536000  2.386032
2  707.935691 1916.221684 0.597000  2.117491 0.851311 0.899000  0.589820
3  773.342934 1839.876311 1.282000  2.275213 4.827757 1.827000  2.786307
4  755.924069 1857.244720 1.225000  1.900625 5.114650 1.764000  2.507285
5  711.791624 1888.067742 1.059000  2.017127 4.613189 1.713000  2.455754
6  650.503286 1948.586230 1.591000  2.165324 5.102116 1.651000  2.246274
7  732.514054 1871.008969 0.915000  2.319570 4.812392 1.526000  2.521224
8  709.745618 1917.421785 0.597000  2.148952 0.921801 0.899000  0.740846
9  629.423682 1969.983745 2.062000  1.323214 4.461268 1.719000  2.458393
10  677.708900 1920.962523 1.440000  2.117050 4.917461 1.679000  2.613573
11  779.053620 1846.420218 1.341000  2.217790 4.482347 1.570000  -0.962020
12  708.971928 1879.736750 2.369000  3.113116 12.630550 4.464000  2.528272
13  726.740844 1896.169569 0.718000  2.256859 4.777521 1.650000  -0.770312
14  673.290405 1919.267907 1.285000  2.185640 4.333073 1.763000  2.411411
15  606.551045 1991.845661 2.657000  2.330653 5.743862 1.615000  2.328300
16  726.976255 1880.600753 1.131000  2.126269 4.538623 1.759000  2.438705
17  685.056512 1909.601271 1.181000  1.869975 4.940303 1.596000  2.416215
18  693.540980 1907.727046 1.022000  2.036815 4.891972 1.566000  2.447569
19  739.312369 1871.817875 1.204000  2.726894 5.132003 1.919000  2.252030
20  696.064105 1901.857319 1.132000  1.333453 2.309164 1.776000  2.389682

27  19  1542800380.947696
713.411109 1907.041434 -0.718166
1  654.800851 1943.347571 1.682000  2.354368 4.330085 1.536000  2.536427
2  708.496281 1916.416810 0.597000  2.190717 0.843369 0.899000  0.645382
3  769.412728 1844.197373 1.215000  2.113735 4.840541 1.827000  2.243756
4  752.152689 1859.822773 1.253000  2.329934 4.590880 1.764000  2.401568
5  706.375677 1892.372453 1.099000  2.177873 4.933649 1.713000  2.426460
6  647.521171 1952.702126 1.541000  2.232412 5.318352 1.651000  2.375310
7  727.881078 1875.354953 0.915000  2.120522 4.599073 1.526000  2.431602
8  710.145860 1917.839035 0.597000  2.279444 0.964315 0.899000  0.744659
9  628.160982 1970.737400 2.160000  0.988195 4.498260 1.719000  2.456971
10  673.671716 1924.694484 1.531000  1.572154 5.138341 1.679000  2.432583
11  786.791624 1839.517358 1.125000  1.679575 2.858319 1.570000  -0.600974
12  708.457383 1879.930311 2.325000  2.815057 12.646418 4.464000  2.512527
13  732.436369 1891.224521 0.765000  2.006514 4.510225 1.650000  -0.782819
14  667.919402 1924.914514 1.485000  1.961442 4.721928 1.763000  2.296822
15  723.362904 1883.839830 1.076000  2.126406 4.571375 1.759000  2.516061
16  679.060655 1914.609182 1.351000  1.958004 4.870802 1.596000  2.398203
17  690.016887 1910.912602 1.098000  2.052406 4.766783 1.566000  2.462761
18  735.622428 1874.279822 1.117000  2.434683 4.763825 1.919000  2.450297
19  690.546639 1906.645837 1.261000  1.263271 2.166172 1.776000  2.346968

28  21  1542800381.448102
718.908632 1902.212638 -0.707930
1  766.911914 1842.468351 0.875000  1.860495 4.702748 1.602000  2.459337
2  651.235921 1946.705910 1.780000  2.300756 5.076538 1.536000  2.557557
3  757.699121 1884.438238 0.688000  2.001110 0.267952 1.072000  1.990310
4  708.352801 1916.471677 0.597000  2.325051 0.710699 0.899000  0.707271
5  764.812818 1847.294984 1.154000  1.824618 4.041065 1.827000  2.243587
6  746.405520 1863.798883 1.014000  2.212399 4.887658 1.764000  2.374209
7  701.630123 1896.591838 1.187000  2.324649 4.634236 1.713000  2.551322
8  723.726222 1878.720484 0.915000  2.007410 4.588158 1.526000  2.419114
9  709.995932 1917.628646 0.597000  2.158766 0.819122 0.899000  0.717344
10  625.033494 1974.317218 2.249000  2.143972 4.352519 1.719000  2.271488
11  667.832918 1929.268887 1.586000  1.788370 5.415817 1.679000  2.496657
12  794.466898 1833.758817 0.928000  2.804690 4.658828 1.570000  -0.755066
13  708.852496 1880.320680 2.284000  3.094265 12.553512 4.464000  2.560916
14  747.639787 1854.963570 0.937000  1.624248 4.501118 1.717000  2.357178
15  738.217652 1887.011350 0.808000  2.001166 4.608324 1.650000  -0.775315
16  663.997147 1928.775231 1.667000  1.649818 4.508331 1.763000  2.209316
17  718.946663 1887.024688 1.105000  2.178135 4.477195 1.759000  2.469666
18  674.505128 1919.103067 1.505000  2.238696 5.279968 1.596000  2.470119
19  686.502654 1913.411659 1.268000  1.995846 4.492296 1.566000  2.424544
20  732.812585 1876.132380 1.128000  2.021570 4.750721 1.919000  2.362216
21  685.319052 1911.032291 1.378000  1.394735 2.292916 1.776000  2.369241

29  25  1542800381.897652
723.989055 1897.830312 -0.698647
1  764.191904 1843.174181 0.860000  1.458212 4.894154 1.602000  2.313671
2  647.544164 1950.596886 1.968000  1.855408 5.220733 1.536000  2.616763
3  757.617447 1884.000139 0.688000  2.016029 0.631363 1.072000  2.023406
4  708.018767 1916.196444 0.597000  2.171487 0.739343 0.899000  0.669401
5  792.236727 1822.082536 0.746000  2.459909 5.048614 1.588000  2.393523
6  760.118575 1851.338372 1.099000  1.724475 4.716227 1.827000  2.508273
7  742.034132 1868.223670 1.014000  2.042898 4.779558 1.764000  2.309644
8  697.111061 1900.102823 1.266000  2.155461 4.993385 1.713000  2.469452
9  776.328271 1836.665355 0.909000  2.042011 4.761203 1.512000  2.385175
10  719.595865 1882.059862 0.915000  2.004995 4.738452 1.526000  2.533942
11  709.806363 1917.625173 0.597000  2.084272 0.688623 0.899000  0.767944
12  753.414483 1885.683838 0.702000  2.122664 0.538863 1.017000  1.027005
13  624.641735 1979.279044 2.329000  1.016593 5.984813 1.719000  1.956052
14  667.129287 1933.261123 1.576000  2.393417 4.406513 1.679000  2.501587
15  804.058424 1828.218043 0.751000  1.994209 4.523522 1.570000  -1.001725
16  708.399544 1879.969344 2.248000  2.830961 12.700902 4.464000  2.479626
17  744.505396 1857.276036 0.911000  1.975237 5.006585 1.717000  2.556394
18  742.733985 1882.476724 0.787000  2.228279 4.690054 1.650000  -0.796331
19  658.493165 1932.485199 1.830000  1.745060 4.957049 1.763000  2.155844
20  716.326662 1889.273313 1.131000  2.062088 4.581535 1.759000  2.447896
21  755.203143 1884.782584 0.752000  2.003959 0.430238 1.017000  1.062765
22  683.699024 1916.706511 1.421000  1.559050 4.952611 1.566000  2.518281
23  748.955246 1887.852861 0.852000  1.988838 0.487286 1.017000  0.658648
24  729.659691 1878.111569 1.139000  1.927310 4.943023 1.919000  2.425814
25  680.104592 1915.131753 1.634000  1.405511 2.227886 1.776000  2.313857

30  27  1542800382.397543
729.683695 1892.976259 -0.689760
1  761.560389 1844.139204 0.843000  1.879179 5.116308 1.602000  2.294086
2  644.265059 1952.485325 2.177000  1.899572 4.555613 1.536000  2.148362
3  757.116221 1883.900887 0.688000  2.133803 0.413555 1.072000  1.987511
4  788.079295 1826.898798 0.796000  2.001188 4.931450 1.588000  1.992878
5  756.594730 1854.790610 0.871000  1.765891 4.395916 1.827000  2.373992
6  738.676717 1870.097509 0.975000  2.268752 5.024110 1.764000  2.534618
7  692.431000 1903.925995 1.354000  1.770930 4.811243 1.713000  2.536924
8  771.589469 1840.711353 0.858000  2.128294 3.940084 1.512000  2.349071
9  715.517051 1885.894177 0.930000  2.099737 4.657652 1.526000  2.446351
10  710.109299 1917.634734 0.597000  2.250341 0.769951 0.899000  0.676184
11  753.415683 1885.865771 0.702000  2.123988 0.473033 1.017000  0.985268
12  758.203137 1883.268490 0.688000  1.972468 0.156932 1.072000  2.083686
13  664.106541 1936.438039 1.931000  2.399990 5.373624 1.679000  2.521765
14  751.837010 1887.103303 0.652000  1.993791 0.336635 1.017000  1.053007
15  810.213804 1823.315083 0.554000  2.142339 4.799429 1.570000  -0.564310
16  708.748330 1879.906352 2.248000  2.945282 12.903134 4.464000  2.548497
17  740.110263 1860.731175 0.881000  1.931651 5.023627 1.717000  2.497676
18  748.568703 1878.425074 0.763000  2.118748 4.736289 1.650000  -0.795522
19  655.636709 1938.910602 1.912000  2.024377 4.177210 1.763000  2.401644
20  711.864992 1892.776286 1.110000  2.197499 4.437323 1.759000  2.418119
21  755.077358 1884.765990 0.752000  2.223334 0.239340 1.017000  1.004124
22  757.246462 1884.132547 0.688000  2.225584 0.255456 1.072000  2.058559
23  680.700546 1919.952499 1.590000  2.216802 5.068115 1.566000  2.319780
24  749.138273 1887.787703 0.752000  2.050743 0.348616 1.017000  0.595215
25  725.496245 1881.024700 1.060000  2.228331 4.919200 1.919000  2.497731
26  674.460075 1919.425185 1.726000  1.497964 2.001067 1.776000  2.264410
27  749.633638 1888.351276 0.652000  2.031566 0.311022 1.017000  0.663966

31  26  1542800382.897959
735.344191 1888.273213 -0.681470
1  760.094134 1845.197945 0.825000  2.099896 4.656142 1.602000  2.488850
2  757.926598 1883.962754 0.688000  2.138875 0.251400 1.072000  2.007868
3  784.102198 1831.100375 1.046000  2.218495 5.371132 1.588000  2.234490
4  751.717965 1858.792633 0.843000  2.093864 4.493979 1.827000  2.438487
5  734.954767 1873.790803 0.986000  2.187732 4.974758 1.764000  2.481709
6  687.755167 1908.441134 1.443000  2.009579 5.217359 1.713000  2.573405
7  767.553753 1845.137089 1.008000  1.915157 4.678691 1.512000  2.343131
8  710.948306 1889.015207 0.945000  2.025547 4.734063 1.526000  2.457868
9  710.010618 1917.304192 0.597000  2.267463 0.767559 0.899000  0.765104
10  753.238288 1885.738079 0.802000  2.198859 0.479514 1.017000  0.964399
11  758.116965 1883.148004 0.688000  2.258212 0.346448 1.072000  1.981663
12  660.800881 1936.911839 1.936000  2.553003 6.318325 1.679000  2.424567
13  751.586574 1886.724075 0.752000  2.132094 0.402894 1.017000  1.027260
14  812.317582 1816.101550 0.907000  2.104834 4.327903 1.570000  -0.706974
15  708.837371 1879.394181 2.348000  2.711001 12.663604 4.464000  2.530188
16  735.464934 1864.326471 0.852000  2.021125 4.949651 1.717000  2.434533
17  753.563925 1873.421833 0.892000  2.067346 4.606448 1.650000  -0.793184
18  780.285569 1864.080003 0.821000  2.306583 0.650916 0.956000  -0.346011
19  707.702814 1895.524414 1.139000  2.200122 4.379867 1.759000  2.428255
20  755.425345 1884.503383 0.752000  2.126872 0.500754 1.017000  1.016387
21  757.334986 1883.958942 0.688000  1.969632 0.501083 1.072000  1.981407
22  749.312671 1888.057407 0.752000  2.119560 0.510553 1.017000  0.670033
23  721.503552 1884.654873 1.072000  2.104656 5.029986 1.919000  2.494571
24  785.975809 1834.990840 1.134000  3.164111 6.301189 2.931000  2.239876
25  670.843424 1924.441267 1.618000  1.476253 2.545562 1.776000  2.160157
26  749.949496 1888.074962 0.652000  2.161452 0.332542 1.017000  0.735198

32  26  1542800383.397856
741.069011 1883.588773 -0.678226
1  756.733103 1846.640055 0.808000  1.829203 4.491963 1.602000  2.330267
2  757.512609 1884.351782 0.688000  2.143779 0.493055 1.072000  2.045698
3  780.379638 1833.942161 0.896000  2.091960 4.521137 1.588000  2.453091
4  748.212789 1862.488692 0.915000  1.923274 4.628056 1.827000  2.363302
5  730.733587 1877.298747 0.998000  2.382770 4.745306 1.764000  2.436350
6  782.780353 1861.696967 0.571000  1.870866 0.581941 0.956000  1.824882
7  683.802991 1912.991738 1.531000  2.080129 4.796710 1.713000  2.345432
8  763.528800 1848.813749 0.908000  1.922709 4.652812 1.512000  2.334378
9  706.283338 1892.329596 1.060000  1.964061 4.812076 1.526000  2.365174
10  709.727822 1917.875467 0.597000  2.471692 0.989870 0.899000  0.691200
11  753.180427 1885.799479 0.752000  2.054221 0.311417 1.017000  1.009734
12  758.310820 1883.350397 0.688000  2.166481 0.758140 1.072000  2.014705
13  656.445500 1943.106889 2.091000  1.805060 4.317914 1.679000  2.070131
14  751.515708 1886.600994 0.652000  2.148815 0.421027 1.017000  0.955229
15  822.121393 1811.357676 0.609000  2.639464 4.483165 1.570000  -0.691475
16  709.050502 1880.349140 2.398000  3.073792 12.734726 4.464000  2.501719
17  731.344504 1867.583607 0.891000  2.063050 4.750465 1.717000  2.428176
18  759.660040 1869.069444 0.787000  2.096283 4.575044 1.650000  -0.752458
19  780.397042 1864.160756 0.721000  2.442837 0.555571 0.956000  -0.239452
20  704.239984 1899.518798 1.218000  2.204867 4.666594 1.759000  2.379333
21  755.074591 1884.518941 0.752000  2.262038 0.386470 1.017000  1.030879
22  757.177397 1884.153507 0.688000  2.005535 0.358665 1.072000  1.975163
23  749.735875 1888.043173 0.752000  1.958339 0.414271 1.017000  0.653607
24  718.199443 1887.429184 1.083000  2.258895 4.733309 1.919000  2.406293
25  785.998732 1832.499237 1.150000  3.337666 6.644997 2.931000  2.473808
26  749.742766 1888.263826 0.652000  1.967874 0.387652 1.017000  0.718884

33  28  1542800383.897713
746.854121 1878.908072 -0.673215
1  753.223368 1849.771414 0.775000  2.258764 4.496412 1.602000  2.375596
2  757.894854 1884.140620 0.688000  2.079760 0.472849 1.072000  2.026034
3  781.280192 1862.510391 0.621000  1.985417 0.399359 0.956000  0.680609
4  775.438315 1838.337558 0.946000  2.125075 4.602148 1.588000  2.266371
5  743.373507 1866.828686 0.988000  2.004057 4.598239 1.827000  2.417297
6  744.005063 1861.000717 0.760000  2.162528 5.562628 1.707000  2.378244
7  726.064991 1881.103080 1.009000  2.078337 4.774854 1.764000  2.425248
8  782.588647 1861.694169 0.571000  1.930694 0.591508 0.956000  1.871162
9  679.606386 1915.712943 1.669000  2.474526 4.806411 1.713000  2.539203
10  759.298508 1852.405482 0.808000  1.919433 4.625428 1.512000  2.328535
11  710.123415 1916.794113 0.597000  2.193827 0.775720 0.899000  0.627362
12  753.524946 1885.445300 0.740000  2.175532 0.306869 1.017000  0.987059
13  757.964291 1883.159782 0.688000  2.106972 0.435462 1.072000  2.070136
14  656.249507 1947.070376 2.246000  2.352686 5.623438 1.679000  3.065005
15  751.557110 1886.998728 0.652000  2.115110 0.546393 1.017000  1.066006
16  828.609860 1802.784713 0.212000  2.434669 5.132589 1.570000  -0.737230
17  709.220025 1880.206108 2.398000  2.733279 12.658670 4.464000  2.536472
18  726.723072 1871.478203 0.852000  1.882025 5.115678 1.717000  2.492041
19  765.233664 1863.843633 0.781000  2.327768 4.684733 1.650000  -0.700469
20  767.240624 1842.030164 0.743000  1.982443 4.749488 1.596000  2.377284
21  780.384302 1863.792822 0.721000  2.138468 0.615814 0.956000  -0.360556
22  700.444635 1901.396301 1.297000  1.961608 4.717868 1.759000  2.524669
23  755.169343 1885.237906 0.752000  1.801257 0.381280 1.017000  0.997432
24  757.162218 1884.288536 0.688000  2.085961 0.416014 1.072000  2.038516
25  749.556756 1887.603820 0.752000  2.146685 0.423151 1.017000  0.691802
26  714.289694 1891.002298 1.144000  2.261903 4.759065 1.919000  2.372633
27  786.000267 1833.346589 1.166000  3.654836 6.856430 2.931000  2.382148
28  749.976312 1888.449802 0.652000  2.226192 0.459174 1.017000  0.714461

34  27  1542800384.397580
752.586687 1874.276657 -0.668531
1  748.588782 1853.684131 0.725000  2.142473 4.589496 1.602000  2.406058
2  757.541283 1883.982976 0.688000  2.163889 0.351692 1.072000  2.031060
3  780.857493 1862.464794 0.621000  2.231690 0.360141 0.956000  0.689889
4  769.757829 1842.760257 0.946000  2.369563 4.588498 1.588000  2.404165
5  738.603988 1870.107808 1.010000  2.180150 4.706654 1.827000  2.479359
6  740.039154 1865.402861 0.806000  2.148444 5.266627 1.707000  2.424003
7  722.182147 1883.704368 1.120000  2.053297 5.009788 1.764000  2.414131
8  782.639460 1861.552537 0.571000  2.016063 0.542798 0.956000  1.898371
9  754.919813 1856.061707 0.781000  2.070558 4.598346 1.512000  2.436676
10  709.825152 1916.970948 0.597000  1.912102 1.249763 0.899000  0.624649
11  753.708402 1885.876532 0.728000  2.121514 0.293753 1.017000  0.992694
12  758.228281 1883.263744 0.688000  2.244873 0.610384 1.072000  2.041738
13  654.014500 1947.905891 2.401000  1.538797 3.542851 1.679000  2.483697
14  751.869955 1886.928118 0.652000  2.228556 0.470332 1.017000  0.978377
15  833.808327 1796.493949 -0.186000  3.137108 4.486113 1.570000  -0.472790
16  708.778196 1879.153306 2.527000  3.033309 12.871474 4.464000  2.569282
17  722.396369 1874.975963 0.852000  1.977219 4.792668 1.717000  2.464481
18  770.917294 1859.645153 0.775000  1.988955 4.654055 1.650000  -0.781713
19  762.198396 1845.699020 0.743000  2.103738 4.664001 1.596000  2.421474
20  780.407396 1864.313005 0.696000  2.098778 0.392887 0.956000  -0.325648
21  697.288374 1904.661375 1.426000  2.251804 5.016311 1.759000  2.497645
22  755.183368 1884.497131 0.752000  2.064499 0.419581 1.017000  1.014358
23  757.182815 1884.870237 0.688000  2.181743 0.483896 1.072000  1.922926
24  749.435435 1887.976558 0.752000  2.016620 0.768920 1.017000  0.729517
25  710.356040 1893.794833 1.306000  2.114392 4.909714 1.919000  2.396899
26  785.929213 1833.277129 1.182000  3.184109 6.312094 2.931000  2.326615
27  750.010290 1888.323848 0.652000  1.942817 0.585657 1.017000  0.641810

35  28  1542800384.947787
758.924741 1869.230161 -0.666698
1  743.554482 1857.786347 0.920000  1.930973 4.643582 1.602000  2.381584
2  793.839364 1821.361825 0.514000  2.074350 5.248571 1.803000  2.567088
3  757.663310 1883.823960 0.688000  2.098737 0.543859 1.072000  1.999921
4  780.871926 1863.021784 0.621000  2.253912 0.369696 0.956000  0.740689
5  765.580778 1847.288424 0.846000  2.236538 4.665769 1.588000  2.420558
6  734.386972 1873.820003 0.984000  1.967693 4.661445 1.827000  2.406034
7  797.351485 1813.625547 0.322000  1.715423 4.744501 1.682000  2.549126
8  734.322348 1869.586416 0.856000  2.069729 5.125779 1.707000  2.450647
9  718.627441 1887.532684 1.242000  2.021861 4.665667 1.764000  2.429746
10  782.617407 1861.957430 0.571000  2.036073 0.650647 0.956000  1.971691
11  750.184613 1860.256036 0.750000  2.015189 4.575689 1.512000  2.401196
12  710.106046 1916.856582 0.597000  1.964808 0.807247 0.899000  0.696560
13  753.607220 1886.119635 0.714000  2.145473 0.573017 1.017000  0.981995
14  758.061195 1883.392738 0.688000  2.310169 0.324834 1.072000  1.966458
15  751.340993 1886.978164 0.652000  2.096410 0.255918 1.017000  1.003552
16  839.227376 1790.607332 -0.623000  2.602464 4.806918 1.570000  -0.837463
17  708.616168 1878.962358 2.448000  3.033968 12.599226 4.464000  2.720472
18  717.103022 1878.667597 0.852000  2.095049 5.221880 1.717000  2.502757
19  777.304901 1854.413406 0.730000  2.190423 4.734807 1.650000  -0.697225
20  756.484582 1849.942078 0.743000  2.120915 4.556956 1.596000  2.415979
21  780.431872 1864.164689 0.670000  2.261487 0.656842 0.956000  -0.371621
22  694.454270 1910.024280 1.568000  2.831894 5.142107 1.759000  2.346106
23  755.367703 1884.960884 0.752000  2.148514 0.311530 1.017000  0.969301
24  757.437535 1884.086475 0.688000  2.465631 0.488967 1.072000  1.993640
25  749.295233 1887.772645 0.752000  2.122574 0.520658 1.017000  0.707232
26  706.395415 1897.365735 1.428000  2.031721 4.753355 1.919000  2.525704
27  786.844927 1833.735897 1.200000  3.594964 6.386645 2.931000  2.406371
28  750.014615 1888.093682 0.652000  2.374336 0.158274 1.017000  0.755442

36  29  1542800385.448218
764.678330 1864.620039 -0.668491
1  739.335277 1861.704074 0.998000  1.821528 4.732132 1.602000  2.424973
2  789.140850 1825.000395 0.564000  1.798447 4.837715 1.803000  2.306866
3  757.715571 1883.976398 0.688000  2.176800 0.468637 1.072000  2.040194
4  780.953160 1862.575128 0.621000  2.206655 0.509978 0.956000  0.752524
5  760.650915 1850.652982 0.755000  2.159895 4.671353 1.588000  2.491817
6  729.860578 1877.776917 0.960000  1.915820 4.790213 1.827000  2.528302
7  792.573559 1817.986279 0.330000  1.953526 4.843639 1.682000  2.365354
8  729.636654 1873.328182 0.901000  2.165911 4.968163 1.707000  2.532530
9  714.570239 1891.437142 1.354000  2.183196 4.822238 1.764000  2.487182
10  782.525500 1861.450393 0.571000  2.167092 0.458800 0.956000  1.895049
11  745.436822 1864.307699 0.722000  2.062853 4.483246 1.512000  2.452207
12  846.851449 1760.577943 -1.233000  2.266339 3.234753 1.609000  2.538484
13  753.582739 1885.842736 0.702000  1.927263 0.548010 1.017000  0.946701
14  758.343992 1883.572627 0.688000  2.060304 0.500067 1.072000  2.037962
15  751.643676 1886.586016 0.652000  1.987949 0.500309 1.017000  1.000440
16  847.357785 1785.062308 -0.871000  1.868050 3.853015 1.570000  -1.093116
17  708.462257 1880.419419 2.298000  2.763211 12.684908 4.464000  2.325352
18  713.233764 1882.839054 0.852000  1.762747 5.105475 1.717000  2.377377
19  782.643226 1849.836137 0.688000  2.310977 4.606865 1.650000  -0.746888
20  751.494156 1854.305665 0.730000  2.197845 4.620942 1.596000  2.437173
21  779.769112 1864.282246 0.645000  2.255275 0.490751 0.956000  -0.307412
22  688.510672 1912.387180 1.515000  2.652462 3.955878 1.759000  2.475004
23  755.093585 1884.502113 0.752000  2.140302 0.560788 1.017000  1.040658
24  757.276731 1884.305716 0.688000  1.988735 0.476884 1.072000  2.052267
25  749.550386 1887.992241 0.752000  2.135283 0.484444 1.017000  0.782629
26  776.972809 1836.940047 0.745000  2.034564 4.606887 1.585000  2.463174
27  703.838082 1900.970531 1.485000  2.098015 4.877392 1.919000  2.495390
28  786.813305 1832.691074 1.216000  3.429665 6.463840 2.931000  2.247887
29  749.724199 1887.903963 0.652000  2.018276 0.363286 1.017000  0.726361

37  31  1542800385.948086
770.489369 1859.957943 -0.671656
1  734.270754 1865.860109 1.075000  1.867957 4.496255 1.602000  2.420038
2  784.870122 1829.568206 0.664000  2.232783 5.163710 1.803000  2.383136
3  757.644164 1883.677014 0.688000  2.204759 0.444595 1.072000  2.043034
4  781.000200 1862.781480 0.621000  2.123028 0.660488 0.956000  0.630438
5  756.225707 1855.641273 0.864000  2.184226 4.878899 1.588000  2.429580
6  726.137374 1881.528485 1.087000  2.217693 4.320192 1.827000  2.393885
7  787.322810 1823.256946 0.438000  1.867523 4.858590 1.682000  2.312920
8  724.767189 1876.851672 0.946000  2.148180 5.014548 1.707000  2.484261
9  711.225727 1893.702327 1.415000  1.629059 4.115660 1.764000  2.410237
10  782.566614 1862.032541 0.571000  1.996701 0.511444 0.956000  1.949656
11  741.943101 1867.733680 0.895000  2.088653 4.655337 1.512000  2.413631
12  843.886202 1763.665916 -1.044000  0.841926 4.972725 1.609000  2.198654
13  753.648076 1886.105859 0.702000  2.135183 0.531700 1.017000  0.999978
14  757.735364 1882.733073 0.688000  2.245760 0.547566 1.072000  2.028915
15  811.322712 1804.854826 -0.023000  1.109381 4.459985 1.691000  2.479339
16  751.500893 1886.907227 0.652000  1.929424 0.419494 1.017000  1.010792
17  854.110435 1775.682631 -1.224000  2.465268 4.208535 1.570000  -0.700564
18  708.514889 1879.808614 2.348000  2.921922 12.537071 4.464000  2.495668
19  709.317163 1886.288882 0.852000  2.010734 4.604342 1.717000  2.491733
20  788.638286 1844.586317 0.696000  2.271456 4.588075 1.650000  -0.690348
21  746.575782 1858.576772 0.816000  2.094928 4.500492 1.596000  2.393084
22  779.952843 1864.012004 0.621000  2.201212 0.567280 0.956000  -0.370448
23  755.455611 1884.540920 0.752000  1.942245 0.304197 1.017000  1.003773
24  848.268751 1762.411891 -1.601000  2.657505 4.717644 1.757000  2.224902
25  757.137656 1884.278351 0.688000  2.236640 0.435336 1.072000  1.978393
26  749.093495 1888.311558 0.752000  2.226406 0.470279 1.017000  0.695869
27  773.393456 1840.521454 0.745000  2.003670 4.488086 1.585000  2.461801
28  699.456660 1902.680206 1.442000  2.275395 5.475558 1.919000  2.417559
29  786.997582 1832.520203 1.232000  3.433209 6.385212 2.931000  2.370969
30  749.707092 1887.880355 0.652000  2.091503 0.573613 1.017000  0.676647
31  774.280540 1835.315100 0.508000  2.012292 4.722285 1.680000  2.522415

38  31  1542800386.398207
775.698546 1855.722292 -0.681869
1  729.431476 1869.348086 1.144000  2.073445 4.622641 1.602000  2.403713
2  780.707778 1833.071684 0.664000  2.212499 5.082551 1.803000  2.384268
3  757.562895 1884.259427 0.688000  2.218630 0.126493 1.072000  1.985776
4  780.757577 1862.708994 0.621000  2.259404 0.493203 0.956000  0.810356
5  752.158710 1859.248203 0.923000  1.992719 4.749253 1.588000  2.348763
6  721.813120 1884.533849 1.251000  1.663774 4.486500 1.827000  2.392427
7  782.855963 1827.377761 0.535000  2.068946 4.768669 1.682000  2.373196
8  720.371938 1880.691785 1.087000  1.738406 5.052946 1.707000  2.422487
9  705.363749 1897.043069 1.570000  2.518967 5.040100 1.764000  2.512032
10  782.508562 1861.881449 0.571000  1.932954 0.551717 0.956000  1.922765
11  737.937667 1870.222318 1.000000  1.830202 4.719829 1.512000  2.352646
12  837.304974 1771.170464 -1.143000  3.007375 4.220573 1.609000  2.272668
13  753.669515 1886.079836 0.702000  2.021988 0.432064 1.017000  1.033408
14  758.104815 1883.642383 0.688000  2.237700 0.198498 1.072000  1.881705
15  809.283522 1804.955194 0.035000  2.129966 4.047408 1.691000  2.440152
16  751.664796 1886.688044 0.652000  2.133899 0.560698 1.017000  1.033116
17  858.441145 1772.622844 -1.542000  2.132601 4.498750 1.570000  -1.142637
18  707.394265 1879.101122 2.548000  3.299831 11.906354 4.464000  2.616717
19  705.428804 1891.253306 0.852000  1.638103 4.536538 1.717000  2.525861
20  793.549384 1840.157549 0.574000  2.042250 4.564402 1.650000  -0.646432
21  742.541176 1861.936350 0.894000  2.156931 4.511807 1.596000  2.476624
22  780.258764 1863.985048 0.621000  2.454751 0.373261 0.956000  -0.246377
23  755.231737 1884.694188 0.752000  1.913618 0.625421 1.017000  0.996381
24  847.084819 1765.495159 -1.376000  1.924036 5.001035 1.757000  2.365225
25  757.305958 1884.769541 0.688000  2.078878 0.402928 1.072000  1.983607
26  749.564564 1888.342811 0.752000  1.857843 0.649913 1.017000  0.696412
27  768.808923 1843.674078 0.745000  1.920766 4.607030 1.585000  2.462955
28  693.852454 1906.089722 1.404000  3.532017 4.756987 1.919000  2.067385
29  787.370075 1833.180166 1.202000  3.480455 6.552223 2.931000  2.366481
30  750.236939 1888.261664 0.652000  2.411006 0.444380 1.017000  0.651424
31  769.250895 1838.796702 0.631000  2.280604 4.463988 1.680000  2.474584

39  29  1542800386.898102
781.458590 1850.940776 -0.692412
1  725.844355 1873.609156 1.222000  2.283446 4.685448 1.602000  2.383359
2  776.715312 1836.457703 0.752000  1.945522 4.816021 1.803000  2.458816
3  757.459497 1884.520013 0.688000  2.179216 0.486036 1.072000  1.981244
4  780.999123 1862.783893 0.621000  2.319436 0.615381 0.956000  0.783996
5  747.627566 1862.876864 1.049000  2.143809 4.607249 1.588000  2.483366
6  719.088348 1887.346828 1.433000  2.200957 4.834606 1.827000  2.484082
7  777.494090 1832.132945 0.643000  2.142288 4.715550 1.682000  2.404450
8  715.401946 1885.880590 1.244000  2.370318 5.402647 1.707000  2.541893
9  703.087811 1900.901462 1.592000  2.213142 5.117836 1.764000  2.266054
10  782.272736 1861.721221 0.571000  1.936528 0.477647 0.956000  1.972517
11  734.623803 1874.283932 1.072000  1.873937 4.167933 1.512000  2.444556
12  831.154856 1777.475670 -0.643000  1.851600 4.430702 1.609000  2.292001
13  753.561650 1885.685436 0.702000  1.797503 0.234911 1.017000  0.993126
14  758.590215 1883.095003 0.755000  2.183100 0.547413 1.072000  1.954955
15  807.158262 1806.209438 0.155000  1.670345 4.316467 1.691000  2.534168
16  751.060103 1886.917026 0.652000  2.225573 0.493603 1.017000  1.016429
17  864.504579 1762.138361 -1.895000  2.054987 4.994117 1.570000  -0.940638
18  708.808812 1880.784810 2.770000  2.799066 12.922910 4.464000  2.503166
19  799.292841 1834.943064 0.600000  2.157209 4.499669 1.650000  -0.766524
20  737.623864 1866.483951 1.097000  1.742794 4.881115 1.596000  2.403647
21  780.016769 1864.456601 0.621000  2.243821 0.454316 0.956000  -0.384696
22  755.266403 1884.407812 0.752000  1.924648 0.401966 1.017000  1.072040
23  841.830923 1770.741676 -1.126000  2.099021 4.774525 1.757000  2.405125
24  757.137147 1884.394805 0.688000  2.068038 0.359699 1.072000  1.953652
25  765.404572 1847.467996 0.795000  1.920424 4.643813 1.585000  2.448561
26  691.868870 1908.848062 1.460000  2.854070 4.694955 1.919000  2.238329
27  787.636933 1832.284764 1.168000  3.451575 6.286738 2.931000  2.299875
28  749.975865 1887.579477 0.652000  2.020627 0.563448 1.017000  0.628771
29  764.203667 1843.841119 0.768000  1.968557 4.875331 1.680000  2.374292

40  22  1542800387.397971
787.196827 1846.045855 -0.709239
1  772.051277 1840.896608 0.890000  2.184598 4.945624 1.803000  2.432120
2  757.552497 1883.845069 0.688000  1.863759 0.387347 1.072000  1.978503
3  781.212542 1862.660509 0.621000  2.393656 0.542743 0.956000  0.710039
4  742.840945 1866.351914 1.175000  2.074816 4.712146 1.588000  2.284515
5  714.463172 1890.550364 1.565000  3.042962 4.800740 1.827000  2.226802
6  772.371485 1836.307432 0.768000  2.026459 4.874636 1.682000  2.356392
7  698.193361 1903.670816 1.614000  1.714596 4.370229 1.764000  2.573352
8  782.349752 1861.994674 0.571000  2.254113 0.507118 0.956000  1.908881
9  730.900888 1877.151295 1.244000  1.742958 4.024152 1.512000  2.533240
10  827.273442 1784.581378 -0.593000  2.289244 4.832409 1.609000  2.532149
11  758.253466 1883.167478 0.821000  1.833002 0.288490 1.072000  2.004985
12  805.122685 1807.802332 0.125000  2.124528 4.295120 1.691000  2.559483
13  871.636017 1756.848887 -2.247000  1.561978 4.420027 1.570000  -0.475133
14  709.724074 1879.965036 2.892000  2.960621 12.273946 4.464000  2.701647
15  805.343391 1830.157929 0.525000  2.168438 4.610995 1.650000  -0.692106
16  732.027788 1870.234913 1.300000  1.932013 4.296932 1.596000  2.641031
17  780.157464 1864.157470 0.621000  2.222301 0.790558 0.956000  -0.313925
18  755.025124 1885.058363 0.752000  1.923180 0.542170 1.017000  1.064349
19  840.048316 1774.750202 -0.976000  1.682776 5.349675 1.757000  2.187489
20  761.207477 1850.985755 0.945000  1.988182 4.717587 1.585000  2.461411
21  787.305051 1833.021875 1.118000  3.385866 6.305030 2.931000  2.403916
22  759.515790 1848.785629 0.855000  1.876364 4.762840 1.680000  2.552385

41  19  1542800387.897823
792.890418 1841.041609 -0.723105
1  768.240040 1844.576522 1.078000  2.016972 4.972757 1.803000  2.354595
2  758.047951 1883.382403 0.688000  2.085505 0.447256 1.072000  2.048248
3  739.467573 1869.061666 1.300000  2.107114 4.435515 1.588000  2.433767
4  710.375864 1892.441626 1.847000  2.003967 4.839276 1.827000  2.345686
5  767.509359 1841.139775 0.893000  2.045015 4.935292 1.682000  2.436405
6  694.670758 1905.647573 2.086000  3.146866 3.753240 1.764000  2.436130
7  782.347580 1861.437634 0.571000  2.023420 0.547774 0.956000  1.906114
8  727.882836 1879.770562 1.367000  1.802516 4.204377 1.512000  2.470624
9  821.721934 1790.364250 -0.293000  2.315659 4.181853 1.609000  2.253191
10  757.961963 1883.797478 0.888000  2.198949 0.095682 1.072000  1.875743
11  800.685879 1809.652442 0.267000  1.759602 4.386831 1.691000  2.543900
12  877.082166 1748.619079 -2.600000  0.688539 3.776855 1.570000  -0.746203
13  709.247555 1880.134524 2.892000  3.149314 13.249964 4.464000  2.680124
14  810.635425 1824.768042 0.325000  2.188394 4.806175 1.650000  -0.720164
15  728.069387 1875.411391 1.502000  2.358672 5.351996 1.596000  2.410963
16  833.682369 1778.985787 -0.626000  2.005149 4.921012 1.757000  2.347061
17  757.168021 1854.921683 1.094000  1.780172 4.834324 1.585000  2.413218
18  787.401055 1832.489225 1.168000  3.330069 6.278761 2.931000  2.336856
19  753.738635 1853.343915 1.092000  2.125303 4.660404 1.680000  2.570597

