40
1  24  1542800987.947699
1321.390768 903.754771 -2.565303
1  1328.235802 903.020772 1.207000  0.841791 0.762928 1.632000  2.935019
2  1274.499188 840.470845 -2.533000  2.033090 4.211231 1.513000  1.183876
3  1333.856996 904.079657 1.590000  0.662259 0.912189 1.598000  0.941875
4  1301.949376 901.934991 0.294000  0.458593 1.359468 1.706000  1.547146
5  1306.755519 887.504157 -0.189000  1.620105 4.074665 1.637000  1.125399
6  1310.431201 918.020693 0.539000  0.440553 0.291596 1.796000  -1.756458
7  1330.473643 904.812325 1.320000  0.538342 0.649606 1.757000  1.888252
8  1287.788775 837.731137 -0.127000  2.980156 12.139911 4.364000  -2.036764
9  1299.296805 919.146354 1.568000  2.858833 10.923697 4.454000  -0.662118
10  1295.753558 909.185352 0.298000  0.422254 0.967788 1.713000  -1.026052
11  1334.617718 907.549254 1.610000  0.807452 0.827864 1.739000  3.110086
12  1293.841308 866.426778 -1.103000  2.022967 4.274822 1.480000  0.971144
13  1297.359161 924.234523 0.013000  1.748732 4.288526 1.444000  -0.678432
14  1304.547424 891.483886 -0.189000  1.487399 3.928869 1.637000  1.002324
15  1325.470341 908.410230 1.198000  1.817681 4.945357 1.840000  -2.231730
16  1303.517733 919.383611 0.064000  2.087203 4.118507 1.632000  -0.667603
17  1299.834606 847.122544 -1.024000  0.796490 1.069774 1.633000  1.100196
18  1305.831671 901.974673 0.024000  1.893716 4.238603 1.566000  1.677038
19  1337.817045 935.415808 2.043000  1.615781 4.408078 1.529000  0.849979
20  1330.266947 903.829003 1.286000  0.752192 0.414753 1.690000  2.969159
21  1296.338798 855.684817 -1.064000  1.629061 4.453342 1.749000  -2.045241
22  1332.805858 904.853339 1.550000  0.346161 0.272210 1.717000  -2.651594
23  1332.039384 903.414820 1.488000  0.807696 0.546710 1.794000  -3.059678
24  1315.725768 902.349389 0.406000  1.756639 4.371729 1.430000  0.930375

2  24  1542800988.448155
1321.390241 903.754965 -2.565190
1  1328.881426 903.051871 1.207000  0.798670 0.695074 1.632000  2.807804
2  1278.398115 843.894123 -2.332000  1.743298 4.468950 1.513000  0.998982
3  1333.855015 904.693764 1.590000  0.590367 0.938075 1.598000  0.888095
4  1301.957866 902.132159 0.294000  0.480431 1.418614 1.706000  1.508187
5  1308.740794 891.307842 0.011000  1.671588 4.022152 1.637000  0.971250
6  1310.509963 918.066007 0.539000  0.582495 0.579790 1.796000  -1.702047
7  1330.618609 905.286862 1.345000  0.619851 0.563922 1.757000  1.357314
8  1286.110943 837.293307 -0.127000  2.187666 12.013604 4.364000  -2.124269
9  1298.871700 918.919019 1.568000  3.107501 11.071602 4.454000  -0.664525
10  1295.925768 908.304034 0.298000  0.372224 0.800256 1.713000  -0.981639
11  1334.278680 907.469864 1.596000  0.578109 0.771864 1.739000  3.029306
12  1295.875309 871.043162 -0.941000  1.802941 4.261732 1.480000  1.079256
13  1297.134634 924.202479 0.011000  1.804977 4.314457 1.444000  -0.599708
14  1305.834807 893.953181 -0.079000  1.594042 4.024562 1.637000  0.986448
15  1324.931170 908.194695 1.198000  1.599878 4.765410 1.840000  -2.206430
16  1303.635669 919.168174 0.052000  1.628442 4.286557 1.632000  -0.675443
17  1301.388461 848.683646 -0.937000  0.271930 1.656308 1.633000  0.947426
18  1305.228923 903.730345 0.099000  1.705799 4.170310 1.566000  1.866722
19  1342.239626 939.955753 2.243000  1.785363 4.176874 1.529000  0.971763
20  1330.073487 903.903709 1.286000  0.493451 0.372203 1.690000  2.966167
21  1296.512979 854.560012 -1.063000  2.123988 4.201168 1.749000  -2.123136
22  1333.086657 904.981236 1.550000  0.597903 0.502458 1.717000  -2.662773
23  1331.851005 903.195707 1.488000  0.829101 0.731298 1.794000  3.056333
24  1318.315755 906.376890 0.656000  1.655487 4.429855 1.430000  0.926990

3  25  1542800988.948006
1321.389987 903.755261 -2.565210
1  1328.417966 903.153728 1.207000  0.663068 0.714142 1.632000  2.689783
2  1279.799210 849.367086 -2.132000  1.724709 5.097249 1.513000  1.269884
3  1335.326140 915.312601 1.469000  1.791368 4.222533 1.755000  -2.226469
4  1334.530373 905.289259 1.590000  0.569785 0.849579 1.598000  0.895664
5  1301.902228 902.491264 0.294000  0.479379 1.194196 1.706000  1.496212
6  1311.229917 896.170883 0.211000  1.579079 3.964472 1.637000  1.005148
7  1310.299545 917.775939 0.539000  0.353298 0.492550 1.796000  -1.701255
8  1330.769592 904.995373 1.320000  0.603680 0.619878 1.757000  0.789859
9  1287.096703 837.766381 -0.127000  2.489335 11.807986 4.364000  -2.202026
10  1299.519935 918.893977 1.568000  2.993070 11.036516 4.454000  -0.667313
11  1296.359717 907.946601 0.298000  0.385210 0.726027 1.713000  -0.894820
12  1333.966484 907.231555 1.582000  0.474693 0.813856 1.739000  2.887847
13  1298.014266 874.557314 -0.778000  1.646620 4.068914 1.480000  1.050570
14  1298.013428 924.007678 0.008000  1.916892 4.407004 1.444000  -0.705197
15  1307.733058 896.242667 0.031000  1.844225 4.109258 1.637000  1.097588
16  1324.915168 908.315528 1.198000  1.475395 4.845259 1.840000  -2.246183
17  1303.533543 919.379364 0.039000  2.000847 4.235515 1.632000  -0.623849
18  1302.669897 850.221920 -0.849000  0.058354 1.064992 1.633000  1.040174
19  1304.443137 905.287850 0.174000  1.698576 4.286412 1.566000  2.036157
20  1345.427205 944.089169 2.443000  1.594196 4.124842 1.529000  0.951957
21  1330.088491 904.277265 1.286000  0.557289 0.611859 1.690000  2.955640
22  1296.918518 854.352890 -1.061000  1.661992 4.395491 1.749000  -2.136194
23  1332.696835 904.866120 1.550000  0.611401 0.444500 1.717000  -2.731031
24  1331.064691 902.693657 1.488000  0.903292 0.580587 1.794000  2.963371
25  1321.258220 910.491726 0.906000  1.852311 4.311746 1.430000  0.909187

4  25  1542800989.447876
1321.389884 903.755592 -2.565210
1  1328.794256 903.245365 1.257000  0.883893 0.543199 1.632000  2.293322
2  1282.070218 852.806251 -1.932000  1.444214 4.301743 1.513000  1.065380
3  1330.487518 909.347516 1.169000  2.001522 4.268770 1.755000  -2.200387
4  1334.494463 906.174360 1.590000  0.462659 0.877688 1.598000  0.902647
5  1301.765969 901.886888 0.294000  0.372236 1.325385 1.706000  1.465053
6  1313.841505 899.505488 0.411000  1.810740 4.059790 1.637000  1.043781
7  1310.475409 917.989746 0.539000  0.554933 0.330733 1.796000  -1.687295
8  1331.122195 904.994961 1.320000  0.545416 0.671213 1.757000  0.764908
9  1287.070331 837.557034 -0.127000  2.837510 12.633772 4.364000  -2.205160
10  1299.274132 918.695705 1.568000  2.859146 10.808258 4.454000  -0.578819
11  1296.942540 907.125307 0.298000  0.471153 0.705356 1.713000  -0.919173
12  1333.868766 907.064365 1.567000  0.649526 0.791739 1.739000  2.908469
13  1300.369333 878.545709 -0.716000  1.918602 4.094864 1.480000  1.030837
14  1297.567909 924.241322 0.005000  2.037476 4.362300 1.444000  -0.626253
15  1309.114241 899.237838 0.141000  1.939049 3.885233 1.637000  1.037584
16  1325.158222 908.338420 1.198000  1.822442 4.796281 1.840000  -2.225312
17  1303.596469 919.444823 0.027000  1.893702 4.558968 1.632000  -0.683166
18  1304.260761 852.728821 -0.761000  0.548626 1.112152 1.633000  1.092181
19  1302.668357 907.621289 0.166000  1.927489 4.264853 1.566000  2.331290
20  1348.830402 947.716410 2.493000  1.178811 4.142554 1.529000  0.915506
21  1329.889652 903.997556 1.286000  0.381096 0.226442 1.690000  3.008878
22  1297.060075 854.457473 -1.059000  2.032851 4.232573 1.749000  -2.167367
23  1332.884971 904.554407 1.550000  0.738849 0.527458 1.717000  -2.688382
24  1331.184832 903.015496 1.488000  0.612092 0.806325 1.794000  2.796075
25  1324.046413 914.261673 1.106000  1.971916 4.440863 1.430000  0.974945

5  24  1542800989.947775
1321.389740 903.755840 -2.565250
1  1328.801816 903.098008 1.237000  0.826408 0.447218 1.632000  1.490418
2  1284.586151 857.161554 -1.732000  1.777784 4.377767 1.513000  0.936009
3  1325.243672 902.713673 1.044000  1.912162 4.376100 1.755000  -2.195112
4  1335.140187 906.464464 1.590000  0.430722 0.899645 1.598000  0.980891
5  1301.707405 902.019972 0.294000  0.596572 1.224909 1.706000  1.566730
6  1316.737501 903.534880 0.611000  1.694926 3.914820 1.637000  1.024267
7  1310.438453 917.890061 0.539000  0.627122 0.395002 1.796000  -1.795879
8  1331.044663 905.035798 1.320000  0.817016 0.456281 1.757000  0.793024
9  1285.564083 836.796518 -0.126000  3.051282 11.315994 4.364000  -2.076467
10  1299.178124 918.565965 1.568000  3.112535 10.827089 4.454000  -0.670253
11  1297.025229 906.551031 0.298000  0.348359 0.869788 1.713000  -0.994259
12  1333.775737 907.434762 1.553000  0.506223 0.686024 1.739000  2.846313
13  1302.855013 881.919862 -0.654000  1.818035 4.282028 1.480000  1.061002
14  1297.136941 924.164613 0.003000  1.810531 4.392084 1.444000  -0.682976
15  1310.527974 901.824820 0.251000  1.604318 4.146786 1.637000  1.051467
16  1325.428656 908.281661 1.198000  1.868862 4.781664 1.840000  -2.226127
17  1303.690040 918.890599 0.014000  1.787787 4.516851 1.632000  -0.629866
18  1303.984386 854.337933 -0.673000  0.372251 1.428286 1.633000  1.073612
19  1300.746013 909.041100 0.157000  1.744040 4.306151 1.566000  2.348222
20  1330.003003 903.980589 1.286000  0.448244 0.379891 1.690000  2.946609
21  1296.973490 854.155866 -1.058000  1.783527 3.814701 1.749000  -2.041592
22  1332.863025 904.731118 1.550000  0.615741 0.559708 1.717000  -2.667578
23  1331.418736 902.836953 1.488000  0.796433 0.739779 1.794000  2.519877
24  1327.521864 918.558310 1.306000  1.995922 4.674506 1.430000  0.892866

6  24  1542800990.447665
1321.389703 903.756110 -2.565259
1  1329.130262 902.400442 1.217000  0.726529 0.585805 1.632000  0.573358
2  1287.058025 861.559686 -1.532000  1.703562 5.009561 1.513000  1.060674
3  1320.802418 896.805996 0.669000  1.831243 4.403378 1.755000  -2.154384
4  1335.340410 906.875309 1.590000  0.659553 0.848108 1.598000  0.918118
5  1301.892735 901.869267 0.294000  0.331064 1.228976 1.706000  1.485410
6  1318.999130 907.041402 0.811000  1.466906 3.937294 1.637000  1.002340
7  1310.676974 918.405250 0.539000  0.489755 0.463509 1.796000  -1.715509
8  1331.474661 905.324535 1.345000  0.450655 0.684696 1.757000  1.687852
9  1285.526176 837.143171 -0.126000  2.695875 12.732347 4.364000  -2.325470
10  1299.031091 919.003686 1.568000  2.984644 11.062384 4.454000  -0.708183
11  1297.404250 905.958665 0.305000  0.397920 0.891001 1.713000  -0.901944
12  1333.403401 907.616815 1.538000  0.530254 0.833636 1.739000  2.781590
13  1305.656787 886.682557 -0.420000  1.796014 4.377216 1.480000  1.021613
14  1297.305496 924.064404 0.000000  1.973991 4.320103 1.444000  -0.634756
15  1312.414633 904.528316 0.386000  1.625040 4.125077 1.637000  0.996122
16  1325.299539 908.295699 1.198000  1.787667 4.788557 1.840000  -2.223082
17  1303.968555 919.229245 0.001000  1.687574 4.331248 1.632000  -0.630811
18  1304.890943 855.671080 -0.623000  0.275124 1.334087 1.633000  1.113442
19  1298.542407 910.424524 0.149000  1.689370 4.261189 1.566000  2.422782
20  1329.936589 903.972376 1.286000  0.828633 0.268127 1.690000  2.902670
21  1296.354128 853.594589 -1.056000  1.889816 4.264086 1.749000  -2.129690
22  1333.059542 904.898948 1.550000  0.423937 0.339866 1.717000  -2.733276
23  1331.587027 902.905346 1.488000  0.862015 0.967488 1.794000  2.302365
24  1330.734613 922.816916 1.539000  1.626671 4.220147 1.430000  0.887351

7  24  1542800990.947514
1321.389574 903.756279 -2.565246
1  1329.282376 903.045111 1.242000  0.733485 0.747117 1.632000  0.653514
2  1289.537769 865.878911 -1.332000  1.606513 4.715710 1.513000  1.018235
3  1317.125002 890.008790 0.344000  1.875139 4.282071 1.755000  -2.183761
4  1335.747811 907.614659 1.590000  0.616240 0.889987 1.598000  0.970350
5  1301.936547 902.123930 0.294000  0.319327 1.328840 1.706000  1.475662
6  1321.830022 911.081130 1.011000  1.701404 4.208555 1.637000  0.965782
7  1310.245512 918.000052 0.539000  0.560944 0.342753 1.796000  -1.669816
8  1331.313102 905.260577 1.370000  0.521045 0.532432 1.757000  2.465728
9  1285.387022 835.964664 -0.126000  2.500220 12.122729 4.364000  -2.080696
10  1299.208713 918.696165 1.568000  2.963962 10.790904 4.454000  -0.673822
11  1297.808156 905.564617 0.312000  0.421242 0.943743 1.713000  -0.842080
12  1333.558135 907.543020 1.513000  0.504240 0.597358 1.739000  2.762535
13  1307.794023 890.787960 -0.187000  1.736550 4.081153 1.480000  1.050935
14  1297.360623 923.963958 -0.002000  1.726695 4.422195 1.444000  -0.640078
15  1314.109523 906.974051 0.521000  1.728280 4.130035 1.637000  0.961381
16  1325.078761 908.150598 1.198000  1.931599 4.790466 1.840000  -2.244535
17  1304.008458 918.854587 -0.011000  1.934646 4.448508 1.632000  -0.640913
18  1305.468276 856.832347 -0.573000  0.570042 1.903085 1.633000  1.119326
19  1296.853799 912.360754 0.141000  1.596581 4.337247 1.566000  2.452599
20  1330.122069 904.035330 1.286000  0.564135 0.545691 1.690000  2.970868
21  1295.852441 853.772586 -1.057000  1.895503 4.204489 1.749000  -2.047666
22  1332.541826 904.684618 1.550000  0.399287 0.281879 1.717000  -2.683046
23  1331.344638 902.093135 1.488000  0.731416 0.770030 1.794000  1.956093
24  1333.766883 926.943298 1.772000  1.876142 4.390070 1.430000  0.901296

8  24  1542800991.448017
1321.389497 903.756447 -2.565296
1  1329.460501 902.899348 1.267000  0.819620 0.701320 1.632000  0.672565
2  1292.594354 870.898347 -1.132000  1.990033 4.211322 1.513000  1.060876
3  1312.863842 883.316428 0.219000  1.816846 4.221492 1.755000  -2.107754
4  1336.380675 908.309360 1.590000  0.536786 0.958399 1.598000  0.547327
5  1301.551375 902.534818 0.294000  0.381985 1.161226 1.706000  1.433769
6  1324.991557 914.593663 1.212000  1.527302 4.048277 1.637000  0.893899
7  1310.644831 918.275226 0.536000  0.486781 0.680201 1.796000  -1.705990
8  1331.822930 905.340300 1.374000  0.415064 0.420428 1.757000  2.545572
9  1285.905839 835.666063 -0.127000  2.749070 12.096856 4.364000  -2.249930
10  1299.203196 918.999783 1.568000  2.898812 11.109328 4.454000  -0.688017
11  1298.271307 905.034948 0.319000  0.470477 0.860085 1.713000  -0.922735
12  1333.197511 907.675572 1.488000  0.493940 0.668743 1.739000  2.734706
13  1310.677137 895.731971 0.046000  1.872793 4.055073 1.480000  1.038572
14  1297.891354 924.419383 -0.005000  1.790145 4.431554 1.444000  -0.637871
15  1316.370542 909.868869 0.665000  1.779940 3.977416 1.637000  0.892296
16  1325.388436 908.032245 1.198000  1.805670 4.763203 1.840000  -2.248791
17  1303.555941 919.125380 -0.024000  1.814621 4.332633 1.632000  -0.609360
18  1305.461797 857.741222 -0.523000  0.397461 1.215060 1.633000  1.026820
19  1294.480019 914.007621 0.132000  1.760113 4.577102 1.566000  2.401015
20  1329.756912 904.137079 1.286000  0.400646 0.529868 1.690000  2.946480
21  1296.330924 853.605268 -1.058000  1.581775 3.943632 1.749000  -2.124291
22  1333.392998 904.868506 1.550000  0.508775 0.189612 1.717000  -2.726307
23  1331.391039 902.644095 1.488000  0.641808 0.864974 1.794000  1.526789
24  1337.622089 930.947747 2.006000  1.845314 4.463864 1.430000  0.866091

9  25  1542800991.947811
1321.389546 903.756666 -2.565310
1  1329.504277 903.212422 1.257000  0.680799 0.756418 1.632000  0.726700
2  1294.935399 874.781202 -0.932000  1.718813 4.628271 1.513000  1.028857
3  1309.488918 877.258448 -0.027000  1.760406 4.183560 1.755000  -2.005461
4  1336.995208 908.447932 1.590000  0.568779 1.070592 1.598000  0.327977
5  1301.781723 902.464254 0.294000  0.392569 1.332321 1.706000  1.483833
6  1327.899041 918.715964 1.412000  1.608578 3.970532 1.637000  0.802942
7  1310.059076 918.032100 0.532000  0.296944 0.325735 1.796000  -1.725266
8  1331.234341 905.221313 1.379000  0.500430 0.730793 1.757000  2.492550
9  1287.195586 836.564141 -0.127000  2.536084 12.308586 4.364000  -2.060600
10  1299.028623 919.207379 1.568000  2.695726 10.842499 4.454000  -0.607719
11  1298.962991 904.599959 0.311000  0.401698 0.944173 1.713000  -0.911194
12  1332.462511 908.252442 1.462000  0.445727 0.515013 1.739000  2.643649
13  1313.518256 900.050701 0.280000  1.751053 4.257130 1.480000  0.902468
14  1297.546839 924.366799 -0.007000  1.707987 4.310954 1.444000  -0.698025
15  1283.397143 856.261779 -1.673000  1.757571 4.435461 1.503000  0.964848
16  1318.439644 913.008196 0.808000  1.501802 4.033752 1.637000  0.881049
17  1325.314179 907.980504 1.198000  1.676041 4.726727 1.840000  -2.203053
18  1303.336900 919.591808 -0.037000  1.735130 4.238743 1.632000  -0.703157
19  1307.053088 858.995609 -0.472000  0.338820 1.299900 1.633000  1.127213
20  1292.002227 915.748523 0.124000  1.737086 4.355345 1.566000  2.456817
21  1329.666055 904.277511 1.286000  0.471213 0.435401 1.690000  2.823008
22  1296.991564 854.056710 -1.059000  1.235590 4.054277 1.749000  -2.178177
23  1332.584525 904.839671 1.550000  0.684333 0.429585 1.717000  -2.691489
24  1331.233501 902.618543 1.488000  0.824018 0.767748 1.794000  1.588860
25  1341.172483 935.287547 2.239000  1.956706 4.304229 1.430000  0.855447

10  26  1542800992.447751
1321.390093 903.757183 -2.566011
1  1329.390170 903.308791 1.247000  0.817537 0.594661 1.632000  0.749533
2  1351.911239 922.970605 2.403000  0.913546 0.621172 1.780000  -2.562056
3  1297.555828 879.590213 -0.732000  1.684466 4.683230 1.513000  1.090607
4  1306.565128 871.897462 -0.273000  1.791714 4.014099 1.755000  -1.990288
5  1337.959221 908.988374 1.590000  0.736203 0.950273 1.598000  0.119702
6  1301.661934 902.178041 0.294000  0.514758 1.314582 1.706000  1.416469
7  1330.945325 922.514539 1.612000  1.808291 4.076875 1.637000  0.890857
8  1310.624931 918.014237 0.529000  0.626222 0.565539 1.796000  -1.702139
9  1331.250767 905.343734 1.383000  0.628776 0.671837 1.757000  2.554488
10  1285.287427 836.857395 -0.127000  2.611540 12.209909 4.364000  -2.239464
11  1298.783999 918.712011 1.568000  2.752842 10.973694 4.454000  -0.679557
12  1299.144332 904.193447 0.303000  0.408935 0.808657 1.713000  -0.927605
13  1331.864063 907.757246 1.290000  0.656688 0.747954 1.739000  2.577484
14  1316.185543 904.259370 0.513000  1.650735 4.145537 1.480000  0.976199
15  1297.242295 924.571462 -0.010000  2.171060 4.460667 1.444000  -0.709173
16  1287.201458 860.579654 -1.511000  1.842291 4.340591 1.503000  1.072991
17  1321.250084 915.686039 0.951000  1.581322 4.180066 1.637000  0.918146
18  1325.246969 908.102302 1.198000  1.697598 4.751036 1.840000  -2.240896
19  1303.713679 919.234446 -0.049000  1.743584 4.402705 1.632000  -0.687970
20  1307.521011 861.048408 -0.306000  0.436618 1.211504 1.633000  1.115453
21  1289.832556 917.319679 0.167000  2.008983 4.188791 1.566000  2.571512
22  1329.952529 903.920115 1.286000  0.568425 0.501589 1.690000  2.788059
23  1296.340278 853.596364 -1.059000  1.762366 4.474987 1.749000  -2.205276
24  1332.810194 904.719161 1.550000  0.573062 0.456747 1.717000  -2.685608
25  1331.423763 902.920805 1.488000  0.924210 0.852524 1.794000  1.483878
26  1345.080554 939.421181 2.472000  1.740078 4.525512 1.430000  0.905525

11  26  1542800992.897804
1321.397282 903.761987 -2.569978
1  1329.704755 903.428486 1.251000  0.775826 0.495947 1.632000  1.006174
2  1351.182004 922.513595 2.377000  0.800475 0.664612 1.780000  -2.510605
3  1300.671188 883.686817 -0.552000  1.862964 4.554814 1.513000  0.966132
4  1304.909116 866.324172 -0.494000  1.635253 4.169946 1.755000  -1.985519
5  1337.746671 909.039967 1.637000  0.635174 0.929814 1.598000  -0.038340
6  1301.713748 902.271317 0.294000  0.627973 1.164297 1.706000  1.552350
7  1334.722185 926.041838 1.792000  1.975367 4.221185 1.637000  0.847590
8  1310.825253 917.797140 0.526000  0.519378 0.355226 1.796000  -1.670768
9  1331.259809 905.309857 1.388000  0.599573 0.605466 1.757000  2.592844
10  1286.126348 836.726448 -0.127000  2.280362 11.749915 4.364000  -1.791546
11  1299.172263 918.787610 1.568000  3.033598 10.935145 4.454000  -0.674804
12  1299.608548 903.754927 0.296000  0.555505 0.767118 1.713000  -0.909010
13  1331.326452 908.657636 1.292000  0.638213 0.598479 1.739000  2.545608
14  1318.839898 908.120201 0.723000  1.740830 4.156124 1.480000  0.946934
15  1297.569950 924.148509 -0.012000  1.927282 4.345440 1.444000  -0.669613
16  1289.396528 864.416107 -1.380000  1.861855 4.596170 1.503000  1.023292
17  1323.292175 918.545090 1.074000  1.631483 4.131752 1.637000  0.925381
18  1325.633273 908.224898 1.198000  1.734140 4.785290 1.840000  -2.252001
19  1303.539078 919.245234 -0.046000  1.868535 4.537963 1.632000  -0.667064
20  1308.302985 863.127972 -0.156000  0.475981 1.128482 1.633000  1.012321
21  1287.567281 919.520791 0.206000  1.731502 4.269600 1.566000  2.515182
22  1330.246593 903.929120 1.286000  0.663035 0.427375 1.690000  2.721176
23  1295.429451 854.211064 -1.048000  1.250701 4.404139 1.749000  -2.132440
24  1332.933199 904.815758 1.550000  0.602588 0.356964 1.717000  -2.702370
25  1331.528201 903.470134 1.488000  0.768983 0.696588 1.794000  1.461402
26  1347.448171 943.683154 2.682000  1.934914 4.359780 1.430000  0.988939

12  25  1542800993.397691
1321.349382 903.732462 -2.574353
1  1329.577239 903.586096 1.307000  0.840515 0.459850 1.632000  1.153236
2  1350.487929 921.900054 2.348000  0.700794 0.810066 1.780000  -2.486360
3  1302.771009 887.897521 -0.352000  1.807400 4.582386 1.513000  1.033557
4  1302.279903 860.080422 -0.690000  1.713074 4.300301 1.755000  -2.032228
5  1338.551075 908.708342 1.689000  0.446354 0.960738 1.598000  -0.218559
6  1301.962167 902.429039 0.294000  0.410952 1.244044 1.706000  1.498642
7  1337.588748 930.344225 1.992000  1.602596 4.299435 1.637000  0.860118
8  1310.400598 918.125390 0.523000  0.283141 0.472100 1.796000  -1.640622
9  1331.290421 905.128829 1.392000  0.381047 0.636575 1.757000  2.472620
10  1284.891983 835.294161 -0.136000  2.360384 11.989333 4.364000  -2.134174
11  1298.978151 918.496528 1.568000  2.936102 10.719583 4.454000  -0.706830
12  1299.783193 903.621100 0.288000  0.231669 0.703381 1.713000  -0.946473
13  1330.806752 909.199819 1.295000  0.480491 0.750223 1.739000  2.625320
14  1322.141373 912.239216 0.956000  1.857404 4.174984 1.480000  0.885032
15  1297.293667 924.266489 -0.015000  1.833909 4.405971 1.444000  -0.649025
16  1291.314810 868.043550 -1.235000  1.961530 4.554713 1.503000  1.031889
17  1326.352703 922.007702 1.210000  1.734890 3.956961 1.637000  0.884015
18  1325.669412 908.180774 1.198000  1.865863 4.626048 1.840000  -2.320649
19  1303.823747 919.102698 -0.043000  1.780431 4.364864 1.632000  -0.596067
20  1309.531263 864.571116 -0.093000  0.233861 1.254547 1.633000  1.090427
21  1286.328182 921.660072 0.250000  1.905920 4.311813 1.566000  2.507720
22  1329.843432 904.090791 1.286000  0.530163 0.406272 1.690000  2.750634
23  1296.339385 852.801616 -1.046000  2.060594 4.013504 1.749000  -2.081825
24  1332.841066 904.686822 1.550000  0.603630 0.330640 1.717000  -2.696859
25  1331.535066 903.562486 1.488000  0.698191 0.863706 1.794000  1.495376

13  25  1542800993.897003
1321.331971 903.724442 -2.572949
1  1329.666076 903.755722 1.282000  0.670867 0.536441 1.632000  1.348317
2  1350.256985 921.466835 2.320000  0.721475 0.769354 1.780000  -2.511202
3  1305.682125 892.324091 -0.152000  1.682802 4.483359 1.513000  1.008887
4  1298.952321 854.179847 -0.886000  1.929912 4.025252 1.755000  -1.921009
5  1339.177527 908.583945 1.740000  0.577671 0.994163 1.598000  -0.327311
6  1301.832173 902.257797 0.269000  0.412367 1.256765 1.706000  1.489343
7  1340.341595 934.083499 2.191000  1.881554 4.160798 1.637000  0.855956
8  1310.760664 918.202216 0.519000  0.472176 0.421874 1.796000  -1.712233
9  1331.537731 905.219045 1.387000  0.688576 0.633268 1.757000  2.534319
10  1285.542514 835.692981 -0.144000  2.447509 12.166319 4.364000  -2.175104
11  1299.386491 919.019314 1.568000  3.037890 11.027786 4.454000  -0.603422
12  1299.740713 902.390262 0.275000  0.652580 0.712461 1.713000  -1.048243
13  1330.275965 909.191203 1.297000  0.494145 0.625162 1.739000  2.629809
14  1325.413703 916.047799 1.189000  1.735613 4.159969 1.480000  0.893093
15  1297.520578 924.182568 -0.017000  1.722934 4.235161 1.444000  -0.678029
16  1293.717581 871.713767 -1.090000  1.669220 4.398995 1.503000  1.067881
17  1328.387735 925.015734 1.370000  1.810399 4.061683 1.637000  0.932631
18  1325.296782 908.050542 1.198000  1.818686 4.587773 1.840000  -2.183512
19  1303.768851 919.418833 -0.039000  1.827355 4.368067 1.632000  -0.611707
20  1310.334596 865.762755 -0.031000  0.698075 1.034419 1.633000  1.094167
21  1283.376908 922.314552 0.305000  1.673645 4.471462 1.566000  2.530054
22  1330.053236 903.936272 1.286000  0.499923 0.181882 1.690000  2.837374
23  1297.249812 852.210262 -1.069000  1.931680 3.850683 1.749000  -2.037769
24  1332.626001 904.628127 1.525000  0.488515 0.455587 1.717000  -2.749965
25  1331.559981 903.430960 1.488000  0.722991 0.819709 1.794000  1.496764

14  25  1542800994.396889
1321.330910 903.726453 -2.572779
1  1329.633686 903.670751 1.257000  0.826289 0.667358 1.632000  1.537415
2  1349.633734 920.925021 2.291000  0.818035 0.819509 1.780000  -2.488322
3  1308.265439 897.096016 0.048000  1.775199 4.656438 1.513000  0.998912
4  1294.360387 847.911922 -1.081000  0.993047 4.672713 1.755000  -2.184508
5  1340.088512 908.664375 1.792000  0.511576 0.996683 1.598000  -0.395495
6  1301.972109 902.850373 0.244000  0.599723 1.194131 1.706000  1.629822
7  1343.998273 938.118315 2.391000  1.525093 3.751477 1.637000  0.885797
8  1310.438436 918.138275 0.516000  0.424642 0.448786 1.796000  -1.723273
9  1331.215396 905.680525 1.381000  0.631037 0.483892 1.757000  2.494538
10  1284.875165 835.762382 -0.153000  2.946584 12.263414 4.364000  -1.958302
11  1299.342585 918.744509 1.568000  3.092115 10.835592 4.454000  -0.651002
12  1300.378396 901.873124 0.262000  0.452083 0.865955 1.713000  -1.196971
13  1329.833349 909.953648 1.294000  0.658440 0.800004 1.739000  2.650960
14  1328.521659 920.174254 1.372000  1.665210 4.284919 1.480000  0.856267
15  1297.351663 924.032632 -0.020000  2.256274 4.455081 1.444000  -0.664833
16  1296.009834 875.365223 -0.929000  1.485229 4.463431 1.503000  1.019443
17  1331.046733 927.970363 1.530000  1.652022 3.843536 1.637000  0.860375
18  1325.387507 908.254047 1.198000  1.914603 4.729707 1.840000  -2.268486
19  1303.301610 919.328035 -0.036000  1.909731 4.323326 1.632000  -0.667783
20  1310.840190 867.395566 0.032000  0.545269 1.614107 1.633000  1.049053
21  1281.993191 923.872197 0.361000  1.875724 4.388981 1.566000  2.456439
22  1330.075363 903.901960 1.286000  0.510688 0.407370 1.690000  2.885767
23  1295.792377 852.836855 -1.092000  2.199417 4.380551 1.749000  -2.227157
24  1332.487534 904.845863 1.500000  0.527684 0.277886 1.717000  -2.675941
25  1331.367073 903.628569 1.488000  0.816206 0.714008 1.794000  1.856879

15  25  1542800994.896757
1321.330173 903.728288 -2.572805
1  1329.604769 903.459530 1.257000  0.753026 0.636845 1.632000  1.624122
2  1348.731311 920.426972 2.263000  0.756456 0.699626 1.780000  -2.352992
3  1310.649332 901.170262 0.248000  1.710989 4.566790 1.513000  1.024082
4  1293.451084 843.207760 -1.277000  1.814742 3.759634 1.755000  -2.054771
5  1340.710273 908.201789 1.844000  0.477166 0.950230 1.598000  -0.440210
6  1301.923695 903.136577 0.219000  0.633771 1.126835 1.706000  1.604509
7  1347.018022 942.183444 2.591000  1.816089 3.938551 1.637000  0.865916
8  1310.546922 918.477271 0.513000  0.480124 0.371071 1.796000  -1.661280
9  1331.646478 905.368528 1.375000  0.565649 0.538919 1.757000  2.606787
10  1285.464961 834.858172 -0.162000  2.266178 12.302122 4.364000  -2.242779
11  1298.838124 918.895464 1.568000  3.031241 10.820703 4.454000  -0.649612
12  1300.740441 901.524639 0.249000  0.584220 0.843605 1.713000  -1.267882
13  1329.497951 910.372678 1.292000  0.660954 0.872864 1.739000  2.805233
14  1331.834703 923.841863 1.556000  1.695684 4.173438 1.480000  0.909365
15  1297.500704 924.305376 -0.022000  1.877338 4.420676 1.444000  -0.662593
16  1298.369928 879.441307 -0.767000  1.761077 4.464580 1.503000  1.006873
17  1333.404983 931.238560 1.740000  1.643633 4.035886 1.637000  0.928123
18  1325.331714 907.909168 1.198000  1.821108 4.776536 1.840000  -2.301846
19  1303.784571 919.288208 -0.032000  1.863519 4.396214 1.632000  -0.669250
20  1311.669943 868.613584 0.094000  0.475027 1.335328 1.633000  1.008756
21  1279.352275 925.599955 0.417000  2.082910 4.299589 1.566000  2.521453
22  1329.809577 903.913413 1.286000  0.570716 0.414457 1.690000  2.932053
23  1295.288585 851.684380 -1.115000  2.164165 4.352597 1.749000  -1.910392
24  1332.917136 904.658568 1.500000  0.531601 0.592539 1.717000  -2.773630
25  1331.182246 903.632788 1.488000  0.917701 0.744128 1.794000  2.231431

16  24  1542800995.397176
1321.329463 903.729823 -2.572906
1  1329.556288 903.804192 1.257000  0.711889 0.630762 1.632000  1.887168
2  1347.955804 920.127859 2.234000  0.751280 0.799203 1.780000  -2.302081
3  1314.302414 905.648896 0.448000  1.574933 4.602756 1.513000  0.996421
4  1289.811591 836.832869 -1.473000  1.718678 4.295208 1.755000  -2.054774
5  1340.885328 907.747104 1.896000  0.578398 1.080955 1.598000  -0.507920
6  1302.196193 904.339042 0.194000  0.566358 1.185256 1.706000  1.839175
7  1310.733270 917.903903 0.509000  0.367088 0.312658 1.796000  -1.750292
8  1331.584367 905.733818 1.370000  0.530893 0.646007 1.757000  2.540190
9  1284.511882 835.023189 -0.171000  3.221129 12.382304 4.364000  -2.095789
10  1299.241151 918.594223 1.568000  2.963319 10.904179 4.454000  -0.691686
11  1301.198345 900.602641 0.237000  0.251187 0.860705 1.713000  -1.422581
12  1328.931311 910.448596 1.289000  0.695027 0.460238 1.739000  2.711583
13  1335.060378 927.563560 1.749000  1.857804 4.074834 1.480000  0.869359
14  1297.696918 924.265744 -0.025000  1.666438 4.284311 1.444000  -0.658754
15  1299.768139 882.353752 -0.595000  1.703254 4.412360 1.503000  1.064226
16  1335.778722 935.169749 1.950000  1.901695 4.296619 1.637000  0.861996
17  1324.960424 907.984048 1.198000  1.728071 4.875630 1.840000  -2.220547
18  1303.823842 919.019425 -0.029000  1.901478 4.410530 1.632000  -0.661650
19  1311.730487 869.815258 0.157000  0.650158 1.407348 1.633000  1.037706
20  1276.517595 927.862487 0.473000  1.931858 4.111445 1.566000  2.498071
21  1330.409350 904.167317 1.293000  0.697490 0.251579 1.690000  2.929476
22  1295.512599 852.213821 -1.138000  1.613532 4.423030 1.749000  -2.137214
23  1332.220987 904.664657 1.500000  0.570700 0.389135 1.717000  -2.789924
24  1331.634020 903.711967 1.488000  0.841144 0.739851 1.794000  2.259446

17  24  1542800995.898163
1321.329868 903.731802 -2.574025
1  1329.219012 904.144310 1.257000  0.660117 0.584681 1.632000  2.004844
2  1347.936411 919.443391 2.205000  0.827065 0.876053 1.780000  -2.360567
3  1317.355290 909.304846 0.648000  1.740057 4.783964 1.513000  0.959877
4  1288.274472 831.081096 -1.669000  1.736547 4.971285 1.755000  -2.067847
5  1341.852390 907.272070 1.947000  0.512556 1.099680 1.598000  -0.521375
6  1301.335647 905.908778 0.202000  0.642926 1.375617 1.706000  2.010366
7  1310.337709 918.322554 0.506000  0.522042 0.496261 1.796000  -1.672258
8  1331.219943 905.482866 1.364000  0.744477 0.634427 1.757000  2.576417
9  1283.981906 833.738401 -0.179000  2.896417 12.259205 4.364000  -2.187869
10  1299.348355 918.275640 1.568000  2.897317 10.761431 4.454000  -0.627709
11  1301.096708 899.928447 0.232000  0.428397 0.763457 1.713000  -1.292421
12  1328.710398 910.334200 1.287000  0.598922 0.629717 1.739000  2.826794
13  1337.788134 931.355466 1.942000  1.989172 4.228877 1.480000  0.881699
14  1297.794525 924.205238 -0.028000  1.795686 4.447402 1.444000  -0.602649
15  1302.085435 886.799804 -0.423000  1.788701 4.309484 1.503000  1.107342
16  1338.925350 938.013156 2.124000  1.563641 3.792331 1.637000  0.928996
17  1325.122893 908.392419 1.198000  1.705700 4.868808 1.840000  -2.226718
18  1303.467104 919.151688 -0.025000  1.882420 4.531755 1.632000  -0.654605
19  1313.495046 872.175474 0.203000  0.435791 1.253448 1.633000  1.096435
20  1276.143243 928.545058 0.505000  1.556448 4.394418 1.566000  2.507517
21  1330.011661 904.086143 1.301000  0.472573 0.443023 1.690000  2.911273
22  1295.180424 851.404236 -1.161000  2.072675 4.096976 1.749000  -1.975389
23  1332.598456 904.637435 1.500000  0.694642 0.433966 1.717000  -3.052132
24  1331.462451 903.461142 1.488000  0.721284 0.690675 1.794000  2.381006

18  23  1542800996.448383
1321.325766 903.730844 -2.582161
1  1329.443981 903.613745 1.275000  0.589386 0.637348 1.632000  1.956307
2  1347.431459 919.149008 2.174000  0.815442 0.732913 1.780000  -2.465891
3  1320.098842 914.077286 0.868000  1.662991 4.521522 1.513000  0.847716
4  1342.339389 907.259577 1.987000  0.638910 0.970938 1.598000  -0.640865
5  1300.742042 907.425379 0.210000  0.668533 1.394669 1.706000  2.238947
6  1310.754737 918.045139 0.502000  0.598381 0.232010 1.796000  -1.689251
7  1331.406667 905.597048 1.358000  0.567757 0.499357 1.757000  2.483089
8  1285.703802 833.214460 -0.189000  3.162304 12.190533 4.364000  -1.937625
9  1299.122901 919.070487 1.568000  3.020035 10.852327 4.454000  -0.693408
10  1301.523460 899.719180 0.226000  0.336982 0.863243 1.713000  -1.381986
11  1327.617685 910.622123 1.284000  0.577455 0.626660 1.739000  2.955618
12  1341.224871 934.582722 2.154000  1.813107 4.494239 1.480000  0.906206
13  1297.329229 924.715943 -0.030000  1.931531 4.350015 1.444000  -0.645795
14  1303.828050 890.431886 -0.262000  1.804273 4.402615 1.503000  1.111384
15  1342.452154 942.649901 2.315000  1.955534 4.229566 1.637000  0.889042
16  1325.570615 907.836123 1.198000  1.707355 4.790651 1.840000  -2.211404
17  1303.769573 919.270458 -0.021000  1.733686 4.440016 1.632000  -0.655253
18  1314.123822 873.799973 0.255000  0.381193 1.166641 1.633000  1.029088
19  1273.564757 928.852293 0.541000  1.467373 4.435889 1.566000  2.595299
20  1330.147981 904.177029 1.308000  0.650455 0.516663 1.690000  3.012810
21  1296.402130 851.994358 -1.120000  2.183093 3.763573 1.749000  -2.225731
22  1332.532845 904.882379 1.500000  0.564218 0.448055 1.717000  3.071445
23  1331.567586 903.359618 1.488000  0.741248 0.636458 1.794000  2.299790

19  23  1542800996.948806
1321.226601 903.670261 -2.593095
1  1329.585579 903.483076 1.291000  0.621266 0.489837 1.632000  1.961990
2  1347.122182 918.519934 2.145000  0.780351 0.737018 1.780000  -2.391530
3  1323.205438 918.452075 1.069000  1.797661 4.655631 1.513000  0.937621
4  1342.599604 907.419148 2.022000  0.593532 1.032147 1.598000  -0.835046
5  1299.627306 908.204408 0.217000  0.577527 1.369877 1.706000  2.394561
6  1310.601567 918.173157 0.499000  0.632702 0.410436 1.796000  -1.717513
7  1331.491546 905.732390 1.352000  0.628608 0.368449 1.757000  2.632748
8  1283.503733 831.349624 -0.212000  2.770299 12.249800 4.364000  -2.189349
9  1298.554588 918.428358 1.568000  2.856184 10.824131 4.454000  -0.653544
10  1301.104170 898.910978 0.221000  0.288077 0.903584 1.713000  -1.338874
11  1327.215904 911.066838 1.281000  0.505914 0.723425 1.739000  3.014459
12  1344.385335 939.385321 2.347000  1.771961 4.228500 1.480000  0.905443
13  1297.697181 923.929810 -0.033000  1.837409 4.145166 1.444000  -0.693613
14  1305.001773 893.736766 -0.117000  1.659646 4.440789 1.503000  1.267453
15  1344.758101 945.908684 2.489000  2.044461 4.041198 1.637000  0.957098
16  1325.378228 907.952503 1.198000  1.876651 4.882787 1.840000  -2.201921
17  1303.921425 918.752811 -0.018000  1.793104 4.406310 1.632000  -0.574983
18  1315.329144 876.021026 0.301000  0.401024 1.247623 1.633000  0.985988
19  1272.980834 930.476161 0.556000  1.353781 3.825658 1.566000  2.783213
20  1330.431467 904.130092 1.316000  0.513142 0.489596 1.690000  2.952210
21  1295.577208 850.870161 -1.082000  1.682110 4.239709 1.749000  -2.185554
22  1332.856576 904.594198 1.500000  0.472070 0.321498 1.717000  2.920895
23  1331.891585 903.802506 1.488000  0.706129 0.702598 1.794000  2.430262

20  23  1542800997.448664
1321.193024 903.649600 -2.591693
1  1329.725831 903.742541 1.307000  0.732474 0.499057 1.632000  1.929966
2  1346.275323 918.391460 2.117000  0.954944 1.007887 1.780000  -2.380645
3  1325.712814 921.600063 1.264000  1.872058 4.534604 1.513000  0.863929
4  1343.199689 906.570391 2.058000  0.432828 0.875366 1.598000  -1.009227
5  1297.618499 909.404217 0.190000  0.391249 1.176523 1.706000  2.420350
6  1287.998395 858.900636 -1.496000  0.629659 2.340583 1.677000  0.893949
7  1310.452725 918.105548 0.496000  0.566755 0.591793 1.796000  -1.709813
8  1331.321099 905.670867 1.347000  0.745069 0.348320 1.757000  2.596372
9  1282.649821 832.609684 -0.235000  2.462179 11.498010 4.364000  -2.547693
10  1299.203055 918.707692 1.568000  2.902237 11.014116 4.454000  -0.643134
11  1301.640267 897.842234 0.186000  0.360594 0.877560 1.713000  -1.384691
12  1326.545732 910.772233 1.279000  0.559734 0.703781 1.739000  3.070171
13  1297.873507 923.838295 -0.036000  1.734329 4.333082 1.444000  -0.607101
14  1305.700931 896.432660 -0.045000  1.902117 4.485300 1.503000  1.400141
15  1348.258574 949.119639 2.662000  1.351495 4.037157 1.637000  0.912531
16  1325.238314 908.463588 1.198000  1.898793 4.695582 1.840000  -2.258375
17  1303.759057 918.962114 -0.014000  1.838861 4.262345 1.632000  -0.698320
18  1316.337510 877.592782 0.381000  0.541485 1.411319 1.633000  1.072721
19  1271.108409 930.877281 0.596000  1.455431 4.440133 1.566000  2.852736
20  1330.117249 904.511011 1.323000  0.489859 0.355473 1.690000  2.942712
21  1294.601940 851.117341 -1.045000  1.962077 4.660933 1.749000  -2.099786
22  1332.705529 904.861024 1.500000  0.650798 0.322324 1.717000  2.860392
23  1331.453484 903.749669 1.488000  0.720574 0.953884 1.794000  2.409494

21  23  1542800997.948536
1321.196598 903.651714 -2.593243
1  1329.500999 903.833631 1.307000  0.764382 0.763810 1.632000  1.950307
2  1345.752043 917.573612 2.088000  0.760165 0.850875 1.780000  -2.317467
3  1329.612798 925.542463 1.459000  1.752732 4.549896 1.513000  0.872485
4  1343.228284 906.562299 2.060000  0.482227 0.882515 1.598000  -1.166116
5  1296.046424 910.905567 0.163000  0.403385 1.224686 1.706000  2.519796
6  1290.338451 863.865494 -1.226000  0.869101 1.830057 1.677000  0.967988
7  1310.282823 917.885415 0.492000  0.590702 0.283189 1.796000  -1.601445
8  1331.765201 905.732220 1.347000  0.469778 0.527380 1.757000  2.549861
9  1281.699735 827.448202 -0.258000  3.493732 11.617945 4.364000  -2.098411
10  1299.182361 918.483025 1.568000  3.093293 10.826786 4.454000  -0.653626
11  1301.845211 897.162923 0.150000  0.135577 1.139041 1.713000  -1.325417
12  1325.873229 910.925138 1.276000  0.398510 0.758492 1.739000  3.056051
13  1297.918800 924.044367 -0.038000  1.795340 4.317632 1.444000  -0.734353
14  1306.032160 900.189374 0.027000  1.604020 4.497269 1.503000  1.452092
15  1350.455578 953.144918 2.735000  1.779073 4.132776 1.637000  0.666841
16  1325.348081 908.116972 1.198000  1.695562 4.607320 1.840000  -2.231250
17  1303.409845 918.946644 -0.023000  2.030132 4.301712 1.632000  -0.688767
18  1317.362750 878.964343 0.460000  0.366672 1.299910 1.633000  1.039135
19  1269.003318 931.151657 0.637000  1.754495 4.390058 1.566000  2.839620
20  1330.097350 904.121190 1.330000  0.562932 0.561731 1.690000  2.937577
21  1294.797704 850.739973 -1.052000  1.360159 4.886831 1.749000  -2.332124
22  1333.045308 904.453495 1.500000  0.570265 0.480702 1.717000  2.837143
23  1331.627983 904.107162 1.488000  0.756597 0.601673 1.794000  2.365825

22  23  1542800998.398646
1321.194954 903.650641 -2.603306
1  1329.577309 903.432273 1.307000  0.774467 0.617170 1.632000  1.926763
2  1345.240377 917.013484 2.063000  0.905621 0.970204 1.780000  -2.228028
3  1332.737866 929.323312 1.634000  1.694803 4.544236 1.513000  0.845636
4  1343.453992 905.571353 2.061000  0.607207 0.959053 1.598000  -1.404050
5  1294.559321 911.945922 0.184000  0.405273 1.230973 1.706000  2.467925
6  1292.341278 867.699062 -0.982000  1.341443 1.880309 1.677000  0.928126
7  1310.762412 917.552847 0.489000  0.556550 0.264965 1.796000  -1.652122
8  1331.560650 905.484232 1.347000  0.586244 0.643683 1.757000  2.499777
9  1281.105193 828.127201 -0.278000  3.240249 13.197420 4.364000  -2.234126
10  1299.300280 919.168677 1.568000  2.850509 10.844406 4.454000  -0.686323
11  1301.625802 896.814503 0.118000  0.508063 0.905266 1.713000  -1.397092
12  1325.361880 911.156390 1.265000  0.527704 0.801808 1.739000  3.054748
13  1298.132828 923.983535 -0.040000  1.711057 4.446753 1.444000  -0.651896
14  1305.456229 902.205002 0.067000  1.618887 4.471208 1.503000  1.713277
15  1353.730385 955.920911 2.802000  1.455520 4.299732 1.637000  0.859278
16  1325.164560 908.222638 1.198000  1.609179 4.809938 1.840000  -2.222979
17  1303.857880 918.807940 -0.031000  1.951036 4.249507 1.632000  -0.655662
18  1318.090711 880.560740 0.532000  0.605777 1.219873 1.633000  1.056790
19  1268.348752 930.317927 0.612000  1.362889 3.714488 1.566000  -3.157447
20  1330.548102 904.054783 1.336000  0.730805 0.483071 1.690000  2.934551
21  1294.309920 848.345792 -1.058000  1.295461 3.857303 1.749000  -2.295163
22  1333.173237 904.561841 1.500000  0.469416 0.292097 1.717000  2.843221
23  1332.041948 903.970130 1.488000  0.813626 0.928037 1.794000  2.710476

23  23  1542800998.948303
1321.001411 903.539997 -2.644371
1  1329.674839 903.778169 1.307000  0.613501 0.552774 1.632000  1.952435
2  1344.753939 916.690490 2.031000  0.725011 0.848914 1.780000  -2.211912
3  1336.067780 933.701941 1.849000  1.879133 4.609514 1.513000  0.902593
4  1343.760723 904.914343 2.063000  0.353848 0.900540 1.598000  -1.690548
5  1292.008631 913.332465 0.210000  0.590845 1.180573 1.706000  2.424316
6  1296.110642 872.562641 -0.685000  0.881813 1.665633 1.677000  1.007065
7  1310.868914 917.981473 0.489000  0.451323 0.264823 1.796000  -1.662541
8  1331.545516 905.308954 1.347000  0.449104 0.555623 1.757000  2.527921
9  1279.068646 825.539181 -0.231000  1.880568 13.016995 4.364000  -2.405318
10  1298.998710 919.063499 1.568000  2.780900 11.134140 4.454000  -0.524928
11  1301.830655 896.227543 0.152000  0.421798 0.798241 1.713000  -1.350429
12  1325.162359 911.216126 1.252000  0.617158 0.795836 1.739000  2.966668
13  1297.720426 924.045663 -0.043000  1.797232 4.217638 1.444000  -0.684858
14  1304.740028 905.619366 0.114000  1.684408 4.263567 1.503000  1.958978
15  1357.397778 960.289409 2.882000  1.629296 4.186585 1.637000  0.751785
16  1325.303030 908.226418 1.198000  1.651940 4.885021 1.840000  -2.229182
17  1303.972919 919.066589 -0.040000  1.943361 4.369382 1.632000  -0.663702
18  1318.672294 882.386458 0.661000  0.272316 1.481592 1.633000  1.011334
19  1266.195658 930.627094 0.582000  2.031435 4.044874 1.566000  -3.045141
20  1330.127714 904.047741 1.336000  0.642326 0.337887 1.690000  2.947661
21  1293.051519 848.002295 -1.050000  1.656031 3.868224 1.749000  -2.304606
22  1332.680447 904.533415 1.500000  0.560694 0.292714 1.717000  2.858560
23  1331.888418 903.508349 1.488000  0.627749 0.654113 1.794000  3.100483

24  23  1542800999.448167
1320.716155 903.392006 -2.684602
1  1329.447494 903.493230 1.307000  0.642202 0.610946 1.632000  1.986966
2  1344.233329 916.174915 2.003000  0.825158 0.724296 1.780000  -2.267096
3  1340.356590 937.632024 1.944000  1.690656 4.528096 1.513000  0.920111
4  1343.696465 904.264605 2.065000  0.442232 0.995137 1.598000  -1.888567
5  1290.466366 915.090814 0.208000  0.241479 1.342699 1.706000  2.469357
6  1298.771960 877.060693 -0.415000  1.049269 2.044566 1.677000  0.975613
7  1310.898638 918.084863 0.489000  0.550825 0.387692 1.796000  -1.649211
8  1330.990866 905.487330 1.347000  0.464175 0.686621 1.757000  2.618185
9  1279.048615 822.946980 -0.188000  2.572474 12.602122 4.364000  -2.225356
10  1299.041100 918.852939 1.568000  2.887965 10.869933 4.454000  -0.600047
11  1301.944376 895.887449 0.183000  0.447928 0.916177 1.713000  -1.293096
12  1324.398266 910.942068 1.240000  0.638100 0.831459 1.739000  2.798266
13  1297.831148 924.251066 -0.046000  1.950927 4.273046 1.444000  -0.737581
14  1302.791233 907.789388 0.158000  1.746988 4.417926 1.503000  2.048233
15  1360.154946 963.133364 3.056000  1.582549 4.244542 1.637000  0.740832
16  1325.117538 907.971732 1.198000  1.980888 4.778426 1.840000  -2.247433
17  1304.050692 919.278889 -0.049000  1.807060 4.248152 1.632000  -0.694534
18  1319.820741 884.026915 0.778000  0.647071 1.373375 1.633000  1.029682
19  1264.951240 929.747906 0.554000  1.090715 3.863283 1.566000  -2.688234
20  1330.064679 904.438696 1.336000  0.677049 0.400244 1.690000  2.909366
21  1293.412170 844.920195 -1.044000  1.777200 3.757461 1.749000  -2.231681
22  1332.544189 904.447912 1.500000  0.563623 0.516529 1.717000  2.871156
23  1331.734298 903.666617 1.488000  0.813921 0.775771 1.794000  3.104468

25  24  1542800999.948064
1320.511608 903.293996 -2.701853
1  1329.601373 903.644398 1.307000  0.765869 0.609953 1.632000  1.956437
2  1343.783416 914.998596 1.974000  0.655911 0.824324 1.780000  -2.303762
3  1343.213894 941.185617 2.039000  1.470036 4.514242 1.513000  0.736623
4  1343.702692 903.948125 2.067000  0.639644 1.035465 1.598000  -1.881646
5  1288.322953 917.144192 0.207000  0.331485 1.386440 1.706000  2.515849
6  1301.374804 881.938433 -0.145000  0.874329 1.899733 1.677000  1.021691
7  1310.560306 917.899082 0.489000  0.494074 0.385483 1.796000  -1.664126
8  1331.301487 905.247741 1.347000  0.620525 0.667606 1.757000  2.577332
9  1273.571115 819.804948 -0.145000  3.768234 12.476534 4.364000  -2.234453
10  1299.328404 919.091858 1.568000  3.093616 11.050187 4.454000  -0.664826
11  1301.795489 895.100115 0.172000  0.323700 0.889495 1.713000  -1.273955
12  1324.788522 911.199387 1.238000  0.427415 0.720968 1.739000  2.764738
13  1297.507843 923.896533 -0.048000  1.870813 4.380328 1.444000  -0.598287
14  1300.471916 910.973154 0.093000  1.409870 4.363059 1.503000  2.180607
15  1363.899331 966.807647 3.229000  1.836014 4.522241 1.637000  1.017736
16  1325.101132 907.676676 1.198000  1.776939 4.662130 1.840000  -2.241350
17  1304.297137 918.791643 -0.058000  1.831485 4.534719 1.632000  -0.658487
18  1320.752443 886.277749 0.895000  0.438532 1.204418 1.633000  0.963717
19  1263.380181 929.680639 0.527000  1.960807 4.082251 1.566000  -2.458809
20  1330.165380 904.311118 1.336000  0.461279 0.417372 1.690000  2.967284
21  1282.559589 847.538043 -1.249000  2.114515 4.497210 1.520000  1.188417
22  1289.853625 844.669285 -1.037000  2.041790 4.277968 1.749000  -2.229007
23  1332.391957 904.590663 1.500000  0.579004 0.437945 1.717000  2.833336
24  1331.277429 903.789727 1.488000  0.686237 0.778019 1.794000  3.135952

26  24  1542801000.447918
1320.472350 903.276186 -2.699970
1  1329.375096 903.787780 1.307000  0.831871 0.938227 1.632000  1.925235
2  1343.294264 914.995726 1.945000  0.934551 0.891924 1.780000  -2.385060
3  1346.575924 944.961043 2.196000  1.900240 4.404511 1.513000  0.753950
4  1343.311819 902.855953 2.068000  0.466751 0.880251 1.598000  -1.892846
5  1286.406305 919.173037 0.205000  0.493306 1.176121 1.706000  2.442802
6  1303.725661 885.970608 -0.020000  0.872767 1.988542 1.677000  0.982888
7  1310.478300 918.310494 0.489000  0.347246 0.327165 1.796000  -1.705037
8  1331.334379 905.449690 1.347000  0.490011 0.750596 1.757000  2.528736
9  1273.191958 820.266184 -0.102000  2.637453 11.523393 4.364000  -2.380205
10  1298.544340 918.617060 1.568000  2.910545 10.893122 4.454000  -0.604634
11  1301.986025 895.242581 0.160000  0.308596 0.854570 1.713000  -1.273436
12  1324.368886 911.174842 1.236000  0.468711 0.745522 1.739000  2.620395
13  1298.022234 923.274213 -0.051000  1.853443 4.253099 1.444000  -0.559575
14  1298.518164 913.463422 0.028000  1.791237 4.630108 1.503000  2.320203
15  1365.484621 968.774597 3.403000  1.855053 3.389699 1.637000  1.068793
16  1324.698266 907.430092 1.198000  1.882888 4.758760 1.840000  -2.206382
17  1304.364401 918.621030 -0.066000  1.848943 4.307596 1.632000  -0.661022
18  1322.163839 887.628570 0.948000  0.648237 1.425057 1.633000  0.951219
19  1263.128203 928.431668 0.492000  1.953496 4.009729 1.566000  -2.405963
20  1330.303591 904.167854 1.336000  0.554941 0.471788 1.690000  2.941666
21  1283.986194 852.167920 -1.124000  1.991838 4.373061 1.520000  1.215155
22  1290.201127 844.808369 -1.030000  1.798885 4.681019 1.749000  -2.129787
23  1332.718204 904.611704 1.500000  0.696296 0.335696 1.717000  2.881164
24  1331.823298 903.387531 1.488000  0.623607 0.732503 1.794000  2.924601

27  24  1542801000.947820
1320.481055 903.280650 -2.701403
1  1329.852804 903.665554 1.307000  0.842145 0.566337 1.632000  1.928005
2  1343.070289 914.328605 1.917000  0.903772 1.036151 1.780000  -2.458720
3  1350.562615 949.082177 2.354000  1.778830 4.571307 1.513000  0.638648
4  1343.234231 902.559269 2.070000  0.604783 0.996836 1.598000  -1.833782
5  1283.393651 920.714020 0.203000  0.278071 1.150413 1.706000  2.478787
6  1306.590243 890.562965 0.105000  0.825516 1.955306 1.677000  0.974201
7  1311.052539 918.074738 0.489000  0.471164 0.440936 1.796000  -1.761047
8  1331.294739 905.227822 1.347000  0.685625 0.669918 1.757000  2.578046
9  1271.326961 817.212510 -0.059000  2.877839 12.322958 4.364000  -2.204957
10  1299.335913 919.095849 1.568000  3.042573 10.739056 4.454000  -0.556237
11  1302.104435 894.721878 0.149000  0.315078 0.787131 1.713000  -1.110764
12  1324.367976 911.471225 1.234000  0.625213 0.798797 1.739000  2.546581
13  1298.133612 923.644367 -0.053000  1.946964 4.479210 1.444000  -0.688967
14  1295.607837 916.317281 0.059000  1.867719 4.465402 1.503000  2.303657
15  1369.007574 973.592954 3.576000  2.305503 3.432712 1.637000  1.044697
16  1324.813469 907.375226 1.198000  1.659972 4.851530 1.840000  -2.240168
17  1304.419788 918.667180 -0.075000  1.889823 4.391404 1.632000  -0.679829
18  1323.177631 889.621592 1.000000  0.481263 1.314074 1.633000  0.992249
19  1261.248346 927.200320 0.457000  1.915434 4.470494 1.566000  -2.221535
20  1329.926709 904.031687 1.336000  0.404871 0.402911 1.690000  2.914839
21  1286.969452 856.486968 -0.999000  1.650632 4.501593 1.520000  0.983762
22  1288.634165 842.528001 -1.105000  1.945062 4.320953 1.749000  -2.011487
23  1332.605019 904.985015 1.500000  0.514318 0.610036 1.717000  2.824477
24  1331.718675 903.839648 1.488000  0.734077 0.767919 1.794000  2.688692

28  23  1542801001.447119
1320.485729 903.282950 -2.702415
1  1329.373857 903.731240 1.307000  0.511202 0.716443 1.632000  1.922045
2  1342.007834 913.678709 1.888000  0.858553 0.892336 1.780000  -2.513642
3  1352.538941 952.326792 2.511000  2.020035 4.203141 1.513000  0.942341
4  1342.853148 901.994523 2.072000  0.498012 0.765880 1.598000  -1.714581
5  1280.596459 923.205821 0.277000  0.571481 1.229340 1.706000  2.435624
6  1309.185683 895.069910 0.330000  1.066922 1.794740 1.677000  1.012216
7  1310.437096 918.144702 0.489000  0.588394 0.508024 1.796000  -1.650482
8  1331.308636 905.358718 1.347000  0.581737 0.613196 1.757000  2.497256
9  1269.065590 817.472629 -0.016000  2.653025 12.447407 4.364000  -2.488109
10  1299.200405 918.629547 1.568000  2.852755 10.991301 4.454000  -0.680306
11  1302.449788 894.539839 0.155000  0.486507 0.846785 1.713000  -1.191198
12  1324.113242 910.947963 1.235000  0.550489 0.599452 1.739000  2.625450
13  1298.340272 923.736659 -0.056000  1.820109 4.150065 1.444000  -0.664827
14  1293.050826 919.555804 0.067000  1.890702 4.438803 1.503000  2.451491
15  1372.290780 974.837278 3.749000  1.959176 3.469725 1.637000  0.492329
16  1324.866109 907.109448 1.198000  1.742020 4.609047 1.840000  -2.258907
17  1304.446984 918.580321 -0.076000  1.802201 4.296179 1.632000  -0.658149
18  1324.285226 891.121494 1.052000  0.637716 1.162333 1.633000  0.952337
19  1261.293472 926.050440 0.422000  1.780445 3.982382 1.566000  -2.314251
20  1330.208566 904.281621 1.336000  0.556380 0.577176 1.690000  2.942053
21  1289.832140 859.485213 -0.874000  1.763771 4.896310 1.520000  1.099181
22  1332.602027 904.731511 1.500000  0.541017 0.347777 1.717000  2.918391
23  1331.529314 903.487070 1.488000  0.698109 0.779834 1.794000  2.491430

29  24  1542801001.947564
1320.487836 903.283978 -2.702876
1  1329.323306 903.562222 1.307000  0.686396 0.623136 1.632000  1.979054
2  1341.568558 913.595446 1.860000  0.652205 0.814260 1.780000  -2.523254
3  1356.025496 956.558541 2.669000  1.906529 4.326002 1.513000  0.743615
4  1343.299668 901.291978 2.074000  0.418556 0.904627 1.598000  -1.644995
5  1278.987888 924.473656 0.350000  0.617791 1.007366 1.706000  2.410710
6  1312.274554 899.042282 0.455000  0.724593 1.936225 1.677000  1.005842
7  1310.641160 918.132939 0.489000  0.359195 0.302350 1.796000  -1.730135
8  1331.593783 905.382383 1.347000  0.592682 0.471486 1.757000  2.479335
9  1266.101813 815.843628 0.027000  3.563250 12.590246 4.364000  -2.525963
10  1299.166363 919.333131 1.568000  2.917276 10.711053 4.454000  -0.679746
11  1303.232734 894.731124 0.161000  0.493100 0.922004 1.713000  -1.059356
12  1279.181687 843.620721 -1.339000  1.995031 4.332373 1.641000  1.036914
13  1324.088231 911.225919 1.237000  0.622696 0.671248 1.739000  2.605619
14  1298.068587 923.612984 -0.059000  1.759088 4.309977 1.444000  -0.692893
15  1289.575054 922.094670 0.076000  1.555533 4.331740 1.503000  2.558855
16  1375.206401 979.194147 3.848000  1.674735 3.470770 1.637000  0.936527
17  1324.561811 907.489909 1.198000  1.663993 4.740019 1.840000  -2.247470
18  1304.925824 918.732302 -0.078000  1.830541 4.408326 1.632000  -0.663551
19  1325.301742 892.654395 1.105000  0.591162 1.286773 1.633000  1.023420
20  1261.507962 925.167593 0.387000  2.352156 4.544538 1.566000  -2.358529
21  1329.851619 904.248769 1.336000  0.592748 0.602515 1.690000  2.914123
22  1292.869007 863.954270 -0.749000  1.654559 4.912990 1.520000  1.110975
23  1332.037543 904.485280 1.500000  0.518436 0.421755 1.717000  2.754487
24  1330.885092 903.928481 1.488000  0.849998 0.661286 1.794000  2.291830

30  25  1542801002.447972
1320.488942 903.284519 -2.703144
1  1329.645519 903.585569 1.307000  0.823937 0.579217 1.632000  1.894161
2  1340.848741 913.001115 1.831000  0.918715 0.807775 1.780000  -2.575338
3  1359.858400 960.870196 2.846000  1.613877 4.331577 1.513000  0.691603
4  1342.830799 900.614899 2.075000  0.617790 0.936450 1.598000  -1.677169
5  1276.406712 925.926908 0.423000  0.207277 1.190609 1.706000  2.438541
6  1315.350408 904.004005 0.580000  0.886467 1.908624 1.677000  1.026251
7  1310.730696 918.578828 0.489000  0.428735 0.425472 1.796000  -1.762162
8  1331.163516 905.074214 1.347000  0.522091 0.619894 1.757000  2.534555
9  1263.827856 812.428339 0.071000  3.164636 12.761222 4.364000  -2.295303
10  1299.614652 918.958053 1.568000  2.813587 10.880939 4.454000  -0.608195
11  1302.878755 894.322257 0.166000  0.275771 0.685331 1.713000  -1.013259
12  1281.609336 847.661509 -1.201000  1.852392 5.013091 1.641000  0.904944
13  1278.330046 908.502950 0.248000  0.277394 0.918625 1.615000  -0.698486
14  1324.493814 911.514821 1.238000  0.656050 0.773452 1.739000  2.584862
15  1298.157972 923.405071 -0.061000  1.767357 4.380145 1.444000  -0.642554
16  1285.898694 925.450831 0.154000  1.590559 4.311717 1.503000  2.462764
17  1378.080920 984.990840 3.946000  2.924373 4.222408 1.637000  1.116947
18  1324.414389 907.445324 1.198000  1.810056 4.685880 1.840000  -2.232653
19  1304.838727 918.597184 -0.079000  1.829686 4.522195 1.632000  -0.636531
20  1326.384502 894.537557 1.158000  0.533768 1.253415 1.633000  0.973126
21  1259.638051 924.946853 0.352000  1.718632 4.693512 1.566000  -2.326503
22  1329.899142 903.656537 1.336000  0.433025 0.255016 1.690000  2.926777
23  1295.112904 868.015489 -0.586000  1.789044 4.884914 1.520000  1.148155
24  1332.641081 904.578993 1.500000  0.492634 0.278748 1.717000  2.834729
25  1331.213033 903.352687 1.488000  0.822152 0.715302 1.794000  2.045540

31  25  1542801002.947855
1320.489489 903.284792 -2.703305
1  1329.295514 903.352245 1.307000  0.753384 0.493865 1.632000  1.933308
2  1340.092592 912.694126 1.802000  0.613724 0.816614 1.780000  -2.702329
3  1363.010377 964.640485 3.024000  1.566423 3.751669 1.513000  1.014257
4  1342.758694 900.192377 2.077000  0.595907 0.844140 1.598000  -1.597896
5  1273.547130 928.260194 0.497000  0.278207 1.020691 1.706000  2.440881
6  1318.738942 908.960491 0.788000  1.018351 1.978408 1.677000  1.031392
7  1310.582341 917.746227 0.489000  0.399923 0.539870 1.796000  -1.706189
8  1331.246245 905.796192 1.347000  0.673491 0.751711 1.757000  2.492288
9  1260.790512 810.758911 0.114000  2.193976 12.920593 4.364000  -2.473075
10  1299.477077 918.970948 1.568000  2.898564 10.749474 4.454000  -0.644783
11  1302.824541 894.516336 0.163000  0.592165 0.769199 1.713000  -1.044114
12  1284.630891 851.344420 -1.064000  1.942061 4.038019 1.641000  0.719847
13  1278.892174 908.441979 0.241000  0.627623 1.065835 1.615000  -0.606677
14  1324.400436 911.170733 1.240000  0.695731 0.723827 1.739000  2.613595
15  1298.639438 923.545280 -0.064000  1.970655 4.308400 1.444000  -0.677286
16  1281.895214 928.245219 0.233000  1.818320 4.619938 1.503000  2.486649
17  1382.506809 986.346221 4.045000  1.090384 4.091456 1.637000  0.869847
18  1324.484155 907.654838 1.198000  1.593546 5.042864 1.840000  -2.246341
19  1304.862082 918.574219 -0.081000  1.968244 4.263837 1.632000  -0.679876
20  1327.467015 895.996726 1.220000  0.270836 1.252493 1.633000  0.952210
21  1258.892033 923.234722 0.305000  1.238342 4.561842 1.566000  -2.060788
22  1329.794570 904.101747 1.336000  0.631187 0.195715 1.690000  2.878406
23  1296.456217 872.575702 -0.424000  1.632825 4.670219 1.520000  1.141844
24  1332.351675 904.624625 1.500000  0.672164 0.391143 1.717000  2.845084
25  1331.247164 903.592226 1.488000  0.918061 0.756005 1.794000  2.303848

32  24  1542801003.447741
1320.489639 903.284875 -2.703295
1  1329.496453 903.409486 1.307000  0.751699 0.692321 1.632000  1.952496
2  1340.203155 912.522441 1.774000  0.902522 0.844207 1.780000  -2.746176
3  1365.567280 967.769951 3.201000  1.177920 4.886381 1.513000  0.807207
4  1342.500253 899.505550 2.079000  0.374520 0.931395 1.598000  -1.687351
5  1270.192766 930.637633 0.570000  0.917395 1.064395 1.706000  2.506084
6  1322.136981 913.315176 0.996000  1.043182 1.974636 1.677000  1.017943
7  1310.644336 917.825591 0.489000  0.337257 0.581192 1.796000  -1.697136
8  1331.318711 905.139177 1.347000  0.699125 0.639914 1.757000  2.551652
9  1257.020449 810.712596 0.157000  2.804583 12.122319 4.364000  -2.533832
10  1299.189873 919.443615 1.568000  3.111778 10.771863 4.454000  -0.643707
11  1302.858883 894.602515 0.161000  0.452208 0.871094 1.713000  -1.136945
12  1286.733981 856.286440 -0.901000  1.630688 4.587246 1.641000  0.828164
13  1279.662637 907.619179 0.234000  0.759711 0.880740 1.615000  -0.681262
14  1324.294748 911.293367 1.241000  0.649739 0.709307 1.739000  2.610348
15  1298.646143 923.322476 -0.066000  1.641415 4.373045 1.444000  -0.706781
16  1278.986811 931.081650 0.311000  1.833621 4.217090 1.503000  2.454964
17  1324.972064 907.642082 1.198000  1.711617 4.922667 1.840000  -2.230547
18  1305.094541 918.493961 -0.083000  1.858362 4.193180 1.632000  -0.616845
19  1328.678657 897.334967 1.283000  0.566077 1.198881 1.633000  0.932949
20  1259.089119 923.273196 0.257000  1.722782 4.545481 1.566000  -2.334284
21  1329.801318 903.598093 1.336000  0.565152 0.384683 1.690000  2.920119
22  1298.647691 876.849299 -0.361000  1.831011 4.707277 1.520000  1.054923
23  1332.934295 904.729959 1.500000  0.432488 0.668649 1.717000  2.849508
24  1331.153106 903.313508 1.488000  0.793570 0.659490 1.794000  2.488911

33  24  1542801003.948191
1320.489785 903.284956 -2.703357
1  1329.485248 903.623808 1.307000  0.913658 0.731400 1.632000  1.907642
2  1339.147892 912.177828 1.745000  0.900698 0.999027 1.780000  -2.692185
3  1369.178414 970.279734 3.379000  1.876469 4.911006 1.513000  1.034052
4  1342.429040 898.858639 2.080000  0.589209 0.975236 1.598000  -1.656336
5  1268.473218 932.475294 0.643000  0.472842 1.055927 1.706000  2.402799
6  1326.136593 917.503546 1.204000  0.904984 1.932034 1.677000  0.977793
7  1311.031329 917.882480 0.489000  0.577417 0.467885 1.796000  -1.721672
8  1331.401675 905.161507 1.347000  0.641539 0.662478 1.757000  2.561305
9  1255.514628 807.092371 0.200000  2.286497 12.641877 4.364000  -2.654510
10  1298.983396 918.634861 1.568000  2.779422 10.789780 4.454000  -0.699128
11  1302.555781 894.547234 0.158000  0.410955 0.921735 1.713000  -1.205763
12  1289.744511 861.348812 -0.738000  1.667164 4.543504 1.641000  0.984345
13  1280.444074 907.498870 0.069000  0.369779 0.896336 1.615000  -0.662080
14  1323.804874 910.931686 1.242000  0.482802 0.668221 1.739000  2.587109
15  1298.496856 923.297787 -0.069000  1.777736 4.502679 1.444000  -0.692797
16  1274.948716 933.192433 0.390000  1.644274 4.566609 1.503000  2.521004
17  1324.929700 907.119087 1.198000  1.899416 4.650384 1.840000  -2.233344
18  1304.686204 918.642521 -0.084000  1.875169 4.437501 1.632000  -0.671423
19  1329.662333 899.236804 1.345000  0.605851 1.199377 1.633000  1.049983
20  1257.609033 922.451634 0.210000  1.509241 4.747740 1.566000  -2.389339
21  1329.864354 903.829874 1.336000  0.493269 0.422872 1.690000  2.939231
22  1301.794273 880.883030 -0.298000  2.186382 4.982924 1.520000  1.088957
23  1332.692427 904.327990 1.500000  0.551712 0.440064 1.717000  2.840410
24  1331.412168 903.196121 1.488000  0.775700 0.794897 1.794000  2.739814

34  25  1542801004.447480
1320.489958 903.285047 -2.703398
1  1329.536518 903.365399 1.307000  0.642738 0.681838 1.632000  1.940463
2  1338.667396 912.022888 1.717000  0.761950 0.842232 1.780000  -2.699643
3  1370.444362 974.753016 3.556000  1.570278 4.636345 1.513000  0.985000
4  1342.285088 898.396728 2.082000  0.534643 0.985336 1.598000  -1.705590
5  1266.458135 934.250292 0.717000  0.641267 1.156922 1.706000  2.429505
6  1329.753783 922.132938 1.412000  0.942663 2.007135 1.677000  0.908015
7  1310.545265 918.379120 0.489000  0.509299 0.428623 1.796000  -1.685511
8  1331.190814 905.011651 1.347000  0.756937 0.677731 1.757000  2.491067
9  1251.416826 805.765808 0.243000  2.479739 12.308184 4.364000  -3.076832
10  1299.300886 918.937016 1.568000  2.960946 10.934761 4.454000  -0.663014
11  1302.225998 894.721779 0.155000  0.430416 0.777220 1.713000  -1.221427
12  1292.307526 865.309772 -0.601000  1.994110 4.647368 1.641000  1.126778
13  1280.487519 907.522211 -0.095000  0.360060 0.430246 1.615000  -0.607720
14  1324.200192 910.820151 1.244000  0.774023 0.677070 1.739000  2.653038
15  1298.758375 923.236433 -0.071000  1.974425 4.374249 1.444000  -0.722851
16  1270.814574 937.153388 0.495000  1.368250 3.936481 1.503000  2.346181
17  1324.518102 907.217590 1.198000  1.774132 4.684451 1.840000  -2.274549
18  1304.754351 918.921763 -0.086000  1.785890 4.349168 1.632000  -0.644069
19  1331.034193 900.438179 1.408000  0.424441 1.168567 1.633000  0.906898
20  1280.674902 845.587167 -1.268000  1.637425 4.742255 1.281000  0.839075
21  1257.383383 921.279079 0.162000  1.787226 4.523655 1.566000  -2.214760
22  1329.758841 904.071622 1.336000  0.760572 0.426232 1.690000  2.976083
23  1303.826516 885.131549 -0.149000  2.068214 4.795278 1.520000  0.999342
24  1332.690168 904.661803 1.500000  0.474176 0.526840 1.717000  2.907268
25  1331.591562 903.818352 1.513000  0.926818 0.797234 1.794000  2.758112

35  24  1542801004.947354
1320.489964 903.285058 -2.703419
1  1329.562027 903.387349 1.307000  1.073394 0.697701 1.632000  1.949189
2  1338.108838 911.287799 1.688000  0.830647 0.926133 1.780000  -2.627077
3  1375.415379 979.089424 3.734000  1.888242 5.267937 1.513000  0.650820
4  1342.142379 897.305096 2.084000  0.596123 0.899626 1.598000  -1.668812
5  1262.513498 936.327757 0.790000  0.280673 0.768656 1.706000  2.537958
6  1333.551206 926.369215 1.620000  0.616886 1.799160 1.677000  0.880625
7  1310.725898 917.760188 0.489000  0.494198 0.444880 1.796000  -1.730081
8  1331.421393 905.214347 1.347000  0.770496 0.721262 1.757000  2.527424
9  1249.085562 805.598858 0.286000  2.519195 11.393959 4.364000  -3.072889
10  1299.373242 919.091652 1.568000  2.875833 11.159565 4.454000  -0.640110
11  1302.724819 894.414844 0.157000  0.438806 0.917503 1.713000  -1.284480
12  1294.641239 869.698055 -0.464000  1.813797 4.739683 1.641000  1.002387
13  1281.294824 906.632654 -0.085000  0.529757 0.870101 1.615000  -0.650272
14  1324.098797 911.125835 1.247000  0.415412 0.616391 1.739000  2.591071
15  1298.545821 923.258754 -0.074000  1.899440 4.167955 1.444000  -0.681678
16  1266.917801 940.599727 0.600000  1.847761 4.441149 1.503000  2.501619
17  1324.974014 907.164933 1.198000  1.599703 4.682252 1.840000  -2.237470
18  1304.891919 918.928524 -0.086000  1.905262 4.459324 1.632000  -0.605596
19  1331.794109 902.278285 1.391000  0.454434 1.429786 1.633000  0.940451
20  1282.876065 848.751582 -1.118000  2.091547 4.691354 1.281000  0.911837
21  1330.069891 903.852051 1.336000  0.566958 0.459857 1.690000  2.933883
22  1306.483154 889.992292 0.001000  1.757121 4.852261 1.520000  1.020103
23  1332.546837 904.643243 1.500000  0.655111 0.327897 1.717000  2.895104
24  1331.499276 903.760297 1.538000  0.997408 0.842883 1.794000  2.741225

36  23  1542801005.447229
1320.489940 903.285054 -2.703399
1  1329.676400 903.953172 1.307000  0.767811 0.634918 1.632000  2.015357
2  1337.769219 911.135092 1.660000  0.733629 0.831035 1.780000  -2.657929
3  1376.839917 982.921355 3.911000  1.495923 4.575169 1.513000  1.000114
4  1342.159690 896.971526 2.086000  0.589286 1.016568 1.598000  -1.732133
5  1260.473646 938.220933 0.863000  0.492912 1.233997 1.706000  2.545505
6  1337.311004 930.476350 1.829000  0.905202 1.958410 1.677000  0.791037
7  1310.669306 918.125847 0.489000  0.601271 0.439526 1.796000  -1.681550
8  1331.196612 905.274089 1.347000  0.583136 0.562570 1.757000  2.549333
9  1298.960463 919.317048 1.568000  2.893929 10.856331 4.454000  -0.674610
10  1302.655475 894.629910 0.160000  0.379945 0.962826 1.713000  -1.295747
11  1297.635224 874.404200 -0.355000  2.064319 4.782278 1.641000  1.079253
12  1282.137704 906.408697 -0.074000  0.471652 0.673831 1.615000  -0.657352
13  1324.270241 911.157095 1.249000  0.274028 0.595189 1.739000  2.644825
14  1298.780945 923.522001 -0.077000  1.818305 4.128038 1.444000  -0.633319
15  1262.596309 942.695717 0.706000  1.923322 3.815325 1.503000  2.345897
16  1324.728274 907.858797 1.198000  1.808404 4.713608 1.840000  -2.272347
17  1304.546100 918.469732 -0.086000  2.024396 4.425739 1.632000  -0.603832
18  1333.029581 903.952337 1.374000  0.497496 1.213548 1.633000  0.908601
19  1285.806123 853.342093 -0.968000  1.621438 4.764413 1.281000  1.026011
20  1330.117604 904.101296 1.336000  0.439017 0.686946 1.690000  2.919901
21  1309.614844 894.281014 0.201000  1.820465 4.733148 1.520000  1.031772
22  1332.588094 904.045063 1.500000  0.457471 0.413454 1.717000  2.883020
23  1331.456787 903.319466 1.538000  0.772178 0.897676 1.794000  2.733310

37  22  1542801005.947122
1320.489934 903.285058 -2.703350
1  1329.559488 903.985196 1.307000  0.724609 0.694494 1.632000  1.955604
2  1336.850971 910.754698 1.631000  0.739854 0.899934 1.780000  -2.610451
3  1342.128773 896.534529 2.087000  0.362043 1.117000 1.598000  -1.768957
4  1258.762368 940.669350 0.936000  0.232436 1.452719 1.706000  2.388894
5  1341.492463 934.596569 2.037000  1.172646 2.203773 1.677000  0.903395
6  1310.947677 917.870974 0.489000  0.340135 0.454328 1.796000  -1.658255
7  1331.271264 905.305623 1.347000  0.581612 0.694420 1.757000  2.491148
8  1299.912641 918.827192 1.568000  2.880779 10.996247 4.454000  -0.639895
9  1302.927894 894.642917 0.160000  0.563951 0.765998 1.713000  -1.411532
10  1300.057632 879.471660 -0.247000  1.850178 4.248726 1.641000  1.085065
11  1282.528887 905.483099 -0.064000  0.698237 0.954931 1.615000  -0.666814
12  1324.133775 911.379080 1.252000  0.613519 0.750588 1.739000  2.599870
13  1298.648056 923.286387 -0.079000  1.690911 4.306560 1.444000  -0.619234
14  1259.081003 946.354027 0.827000  1.365514 4.265690 1.503000  2.472971
15  1324.695163 907.713727 1.198000  1.897919 4.796268 1.840000  -2.247860
16  1304.554885 918.526956 -0.086000  1.749374 4.334931 1.632000  -0.688574
17  1334.570499 905.256177 1.358000  0.570736 1.306625 1.633000  0.888497
18  1286.874884 858.331490 -0.868000  2.530364 5.154195 1.281000  1.017691
19  1329.785044 903.862266 1.336000  0.494638 0.411254 1.690000  2.993941
20  1312.579274 898.881268 0.401000  1.903557 4.898711 1.520000  1.021409
21  1332.868004 904.385361 1.500000  0.769439 0.549176 1.717000  2.919678
22  1331.436712 903.562623 1.538000  0.925976 0.689737 1.794000  2.797451

38  22  1542801006.446992
1320.489831 903.285015 -2.703378
1  1329.563649 903.721664 1.307000  0.692268 0.653389 1.632000  1.950802
2  1336.244192 910.438189 1.631000  0.869737 0.803938 1.780000  -2.565392
3  1341.564077 895.477324 2.089000  0.564775 0.784440 1.598000  -1.776624
4  1255.234198 943.455522 1.010000  0.645380 1.185458 1.706000  2.408728
5  1344.656790 939.203285 2.245000  0.849487 1.945409 1.677000  0.835635
6  1310.341886 917.830739 0.489000  0.483095 0.473532 1.796000  -1.710694
7  1331.099475 905.295013 1.347000  0.734815 0.691049 1.757000  2.579206
8  1299.330125 919.166807 1.568000  2.840401 11.015765 4.454000  -0.655147
9  1302.512237 894.031124 0.135000  0.553976 0.845822 1.713000  -1.551231
10  1302.711354 884.040785 -0.139000  1.874082 4.720168 1.641000  1.018683
11  1283.299648 904.812803 -0.054000  0.324964 0.770123 1.615000  -0.607674
12  1324.107992 911.587781 1.255000  0.549138 0.569475 1.739000  2.569835
13  1298.195015 923.236182 -0.082000  1.800535 4.372835 1.444000  -0.613454
14  1254.092945 950.427144 0.949000  1.974957 4.619326 1.503000  2.233907
15  1324.596910 907.361120 1.198000  1.764442 4.854288 1.840000  -2.256267
16  1304.787051 918.790880 -0.086000  1.800690 4.325251 1.632000  -0.612195
17  1335.942190 907.467611 1.508000  0.412898 1.175508 1.633000  0.915728
18  1289.691571 860.631027 -0.768000  1.875364 4.700697 1.281000  1.144515
19  1329.758060 903.840489 1.336000  0.350041 0.347127 1.690000  2.932830
20  1315.390356 903.187704 0.565000  1.859478 4.770461 1.520000  1.080291
21  1332.687339 904.876936 1.500000  0.433121 0.494642 1.717000  2.834981
22  1331.500201 903.426054 1.538000  0.776054 0.698228 1.794000  2.769370

39  22  1542801006.946864
1320.489987 903.285093 -2.703423
1  1329.824667 903.386712 1.307000  0.543782 0.630917 1.632000  1.983592
2  1336.459690 910.419150 1.631000  0.716575 0.859077 1.780000  -2.515928
3  1341.238510 895.222698 2.091000  0.410252 1.205556 1.598000  -1.753437
4  1253.561755 945.203574 1.083000  0.681645 1.046606 1.706000  2.451383
5  1348.707339 943.639262 2.453000  0.616923 1.938915 1.677000  0.882142
6  1310.460315 917.901227 0.489000  0.704741 0.501567 1.796000  -1.674294
7  1331.397298 905.337228 1.347000  0.507336 0.626588 1.757000  2.538958
8  1299.143763 918.796762 1.568000  2.757951 10.961131 4.454000  -0.551603
9  1302.438923 893.901367 0.110000  0.411040 0.994944 1.713000  -1.777633
10  1305.344767 888.914119 0.036000  1.681528 4.517755 1.641000  1.076527
11  1284.006306 904.700493 -0.043000  0.536165 0.638767 1.615000  -0.646089
12  1324.188337 911.185318 1.258000  0.696759 0.674137 1.739000  2.626513
13  1298.683873 923.124802 -0.084000  1.809899 4.422623 1.444000  -0.602070
14  1252.180996 954.430459 1.071000  1.226527 4.425805 1.503000  2.268147
15  1324.696370 907.259671 1.198000  1.684812 4.656376 1.840000  -2.243775
16  1304.978471 918.607485 -0.086000  1.914653 4.470735 1.632000  -0.711792
17  1337.229971 908.923715 1.658000  0.554131 1.375319 1.633000  0.872657
18  1292.620822 866.956667 -0.618000  1.587410 4.683402 1.281000  1.007565
19  1330.093504 904.039495 1.336000  0.552292 0.329157 1.690000  2.890347
20  1318.648264 907.954729 0.728000  1.757525 5.022219 1.520000  1.030642
21  1332.367923 904.328809 1.500000  0.468520 0.468417 1.717000  2.855268
22  1330.641968 903.598337 1.538000  0.790492 0.764778 1.794000  2.721237

40  21  1542801007.446751
1320.490029 903.285117 -2.703449
1  1329.972042 903.493494 1.307000  0.843867 0.765344 1.632000  2.374335
2  1335.602939 909.892519 1.631000  0.871267 0.801359 1.780000  -2.400907
3  1341.138185 894.446368 2.093000  0.563030 1.047444 1.598000  -1.775244
4  1252.173762 946.977065 1.156000  0.131806 0.840669 1.706000  2.275653
5  1353.657882 947.011372 2.661000  0.966428 2.192002 1.677000  0.868246
6  1310.351117 918.054634 0.489000  0.557571 0.304762 1.796000  -1.719611
7  1331.223448 905.090821 1.347000  0.609159 0.591337 1.757000  2.502658
8  1299.279143 919.073734 1.568000  3.023029 10.714809 4.454000  -0.635759
9  1302.660868 893.701214 0.110000  0.437959 0.792527 1.713000  -1.797438
10  1308.384933 893.248210 0.211000  1.836409 4.693640 1.641000  1.145664
11  1284.502705 904.561859 -0.033000  0.470326 0.540411 1.615000  -0.629347
12  1324.142920 910.565919 1.261000  0.577890 0.741587 1.739000  2.600893
13  1298.450277 923.107950 -0.087000  1.830196 4.297977 1.444000  -0.655431
14  1325.300184 907.481179 1.198000  1.755138 4.802733 1.840000  -2.245240
15  1305.096014 918.527833 -0.086000  1.786644 4.394083 1.632000  -0.669165
16  1339.094340 910.278078 1.658000  0.554663 1.321203 1.633000  0.840482
17  1297.322677 872.861938 -0.468000  1.901460 4.446874 1.281000  0.991576
18  1330.129954 903.941084 1.336000  0.487373 0.350629 1.690000  2.940819
19  1322.238359 911.954277 0.891000  1.765930 4.569940 1.520000  0.886511
20  1332.963311 904.972077 1.500000  0.648553 0.446342 1.717000  2.840406
21  1331.055381 903.830326 1.538000  0.890595 0.626405 1.794000  2.800279

