40
1  21  1538448744.447639
1871.025039 2484.322483 2.297763
1  1900.898838 2499.794979 1.040000  1.798043 4.388159 1.617000  -0.785407
2  1916.030222 2466.895213 1.443000  1.923610 4.752425 1.756000  -0.854612
3  1843.746000 2539.496611 -0.551000  1.897800 5.676613 1.998000  -0.965676
4  1870.035553 2475.822426 1.039000  0.672366 0.552621 1.715000  2.231867
5  1866.078010 2480.916452 0.817000  0.847954 0.656406 1.658000  2.312069
6  1903.826097 2454.012634 2.215000  1.775493 4.412291 1.578000  2.274536
7  1855.824837 2493.253992 0.267000  0.881289 0.659604 1.658000  2.290205
8  1886.358259 2454.433845 1.962000  1.809530 0.609615 0.994000  0.889002
9  1918.007486 2509.888022 1.590000  3.081449 6.688637 2.217000  -1.797336
10  1912.763727 2505.418002 1.590000  2.902304 6.855313 2.217000  -1.747065
11  1873.493679 2506.290411 1.517000  2.826501 12.854603 4.581000  -0.781663
12  1896.670542 2455.660900 2.158000  2.072141 4.178922 1.754000  2.342570
13  1857.134773 2518.138695 -0.357000  1.604232 4.317400 1.474000  -0.820531
14  1877.587729 2506.899551 0.051000  1.797593 4.363075 1.704000  -0.802483
15  1924.045134 2503.688359 1.421000  1.495623 4.478242 1.591000  -0.944356
16  1868.141203 2506.140036 0.112000  1.911127 4.488537 1.527000  -0.778335
17  1909.823697 2491.288137 1.248000  2.000543 4.596914 1.865000  -0.826066
18  1930.016069 2424.211758 3.229000  1.954489 4.494382 1.627000  2.335937
19  1860.105940 2488.725269 0.617000  0.895451 0.663882 1.658000  2.266897
20  1859.307672 2487.485543 0.477000  0.803895 0.625044 1.658000  2.255083
21  1909.407526 2511.093261 0.965000  2.574520 5.831051 2.000000  -1.876950

2  22  1538448745.047596
1866.007521 2490.110455 2.283708
1  1901.861160 2499.668961 1.240000  2.141486 4.390698 1.617000  -0.846031
2  1921.013357 2461.801478 2.043000  2.495324 3.966605 1.756000  -0.925442
3  1847.649620 2533.074081 -0.252000  2.043540 5.947845 1.998000  -0.843175
4  1869.174507 2476.783257 1.389000  0.735185 0.828533 1.715000  2.191207
5  1865.740056 2481.884122 1.031000  0.833774 0.690719 1.658000  2.235044
6  1898.008218 2460.684773 2.156000  1.536823 4.389205 1.578000  2.344272
7  1855.282727 2493.974380 0.467000  1.019146 0.703723 1.658000  2.228719
8  1806.830684 2560.971480 -0.854000  2.812791 4.936838 2.124000  2.145502
9  1887.120584 2455.066346 2.234000  1.616529 0.695574 0.994000  0.806908
10  1834.984115 2531.348190 -0.600000  1.887825 5.118809 1.626000  2.189048
11  1876.706419 2503.873358 1.833000  2.577796 12.885706 4.581000  -0.744925
12  1892.328924 2461.629671 2.146000  2.205037 4.286956 1.754000  2.319470
13  1862.644371 2512.217690 0.166000  1.721599 4.565005 1.474000  -0.807250
14  1873.030814 2515.070650 1.315000  0.422857 0.383127 2.000000  2.424663
15  1876.948756 2506.902002 0.294000  1.789886 4.363299 1.704000  -0.671893
16  1872.891860 2500.785038 0.496000  1.917360 4.542524 1.527000  -0.770841
17  1814.635285 2566.777358 -0.995000  1.290499 4.599379 1.800000  -1.532508
18  1924.199255 2431.996642 3.240000  1.562844 4.375568 1.627000  2.479140
19  1859.702834 2489.267156 0.667000  0.783019 0.712546 1.658000  2.221388
20  1858.748069 2488.791697 0.717000  0.747192 0.841176 1.658000  2.279128
21  1862.856728 2530.020916 -0.402000  0.388182 0.509427 1.784000  2.509353
22  1818.937108 2549.323292 -0.579000  1.754279 4.756825 1.794000  2.110977

3  21  1538448745.547460
1861.845227 2495.029090 2.275284
1  1901.250946 2499.817465 1.407000  1.943224 4.290448 1.617000  -0.829341
2  1851.341534 2528.487837 0.148000  1.991772 5.775563 1.998000  -0.782830
3  1869.143218 2477.192449 1.530000  0.803319 0.723543 1.715000  2.294143
4  1864.806568 2482.408825 1.210000  0.820726 0.829880 1.658000  2.278813
5  1892.739073 2466.030238 2.107000  1.990700 4.483041 1.578000  2.331951
6  1854.593154 2494.487513 0.634000  0.858763 0.828306 1.658000  2.269066
7  1806.135609 2562.201036 -0.725000  2.515012 6.015320 2.124000  2.420591
8  1887.391022 2455.170518 2.268000  1.491195 0.624389 0.994000  0.830817
9  1831.343122 2535.605375 -0.475000  1.896764 4.377969 1.626000  2.228308
10  1879.770672 2501.731662 2.095000  2.762289 13.035054 4.581000  -0.681940
11  1887.928583 2466.719576 2.137000  2.111764 4.381365 1.754000  2.271973
12  1866.767481 2506.779382 0.450000  1.582822 4.431359 1.474000  -0.782150
13  1872.700089 2515.916996 1.315000  0.405804 0.143617 2.000000  2.449155
14  1876.963052 2506.388508 0.497000  1.825714 4.451728 1.704000  -0.630408
15  1876.516278 2497.205668 0.808000  1.899998 4.437301 1.527000  -0.812782
16  1813.571396 2566.007205 -0.745000  1.694722 4.940304 1.800000  -1.522858
17  1918.622429 2439.392709 3.250000  1.921283 4.383175 1.627000  2.375133
18  1859.579034 2490.018636 0.855000  0.718086 0.839102 1.658000  2.316344
19  1858.480610 2488.999061 0.917000  0.751372 0.811982 1.658000  2.229062
20  1862.158394 2530.673371 -0.206000  0.381083 0.362685 1.784000  2.447411
21  1818.253719 2550.757505 -0.479000  1.881345 4.426291 1.794000  2.084885

4  23  1538448746.047898
1857.672347 2500.000981 2.275335
1  1901.854110 2499.971555 1.574000  2.145143 4.337115 1.617000  -0.832154
2  1855.442972 2523.951894 0.447000  2.006559 5.840865 1.998000  -0.884061
3  1867.881152 2477.410719 1.722000  0.745370 0.765495 1.715000  2.246916
4  1817.029681 2540.518130 0.058000  0.787209 2.253219 1.619000  2.958049
5  1864.712003 2482.788194 1.389000  0.730139 0.725483 1.658000  2.294923
6  1886.871789 2471.310384 2.057000  2.053413 4.596084 1.578000  2.243108
7  1854.030866 2494.941780 0.801000  0.958099 0.578655 1.658000  2.226955
8  1852.855583 2564.802300 -0.443000  2.192116 4.036828 1.816000  2.672066
9  1800.959852 2568.504760 -0.596000  2.182869 4.857221 2.124000  2.041818
10  1886.350679 2454.595825 2.301000  2.027948 0.855435 0.994000  0.828701
11  1828.299401 2540.502087 -0.350000  2.081802 4.750161 1.626000  2.171440
12  1882.049043 2499.853923 2.408000  3.001371 12.811855 4.581000  -0.581250
13  1883.155130 2470.541091 2.128000  2.257030 4.335706 1.754000  2.316821
14  1871.501778 2502.483867 0.904000  1.623231 4.282144 1.474000  -0.820763
15  1872.339984 2516.421617 1.315000  0.345846 0.353234 2.000000  2.354596
16  1877.264967 2506.940813 0.700000  1.905761 4.377918 1.704000  -0.571684
17  1880.599910 2493.682307 1.271000  1.806363 4.458150 1.527000  -0.754697
18  1812.509241 2566.244409 -0.577000  1.278648 3.910409 1.800000  -1.678803
19  1912.764404 2446.646074 3.259000  1.777149 4.444625 1.627000  2.375769
20  1858.781916 2490.726741 1.042000  0.937962 0.828568 1.658000  2.247076
21  1857.900490 2489.712141 1.117000  0.637731 0.867459 1.658000  2.241341
22  1861.674261 2530.734272 -0.009000  0.197762 0.360333 1.784000  2.502721
23  1813.494690 2557.360554 -0.279000  2.201019 4.245024 1.794000  2.125876

5  23  1538448746.548329
1853.526857 2504.938821 2.274143
1  1901.084804 2500.099591 1.741000  2.281643 3.940239 1.617000  -0.915513
2  1860.159938 2519.347351 0.647000  2.029276 5.610502 1.998000  -0.892647
3  1867.477957 2478.350890 1.939000  0.853418 0.722638 1.715000  2.289522
4  1816.879094 2540.834813 0.173000  1.010631 2.102269 1.619000  2.843896
5  1864.486234 2483.487113 1.567000  0.813950 0.849318 1.658000  2.271993
6  1811.626467 2576.203052 -0.473000  1.867319 4.971949 1.592000  -0.891371
7  1882.533692 2476.683789 2.008000  1.587854 4.260345 1.578000  2.397634
8  1853.476685 2495.170797 0.968000  0.902222 0.754440 1.658000  2.228942
9  1852.643200 2563.137875 -0.743000  2.381037 4.475151 1.816000  2.629304
10  1795.803689 2571.180157 -0.433000  2.104386 5.784881 2.124000  2.277837
11  1823.420940 2544.190387 -0.226000  1.671409 4.464182 1.626000  2.321002
12  1884.726562 2497.783925 2.721000  2.834492 12.842728 4.581000  -0.602204
13  1879.055611 2474.296470 2.118000  2.039076 4.250655 1.754000  2.234914
14  1875.333407 2498.073600 1.282000  1.517925 4.589277 1.474000  -0.830818
15  1871.423136 2516.891399 1.315000  0.420894 0.456269 2.000000  2.408119
16  1876.940019 2506.859671 0.903000  1.795485 4.220406 1.704000  -0.605504
17  1884.063488 2490.570575 1.583000  1.853828 4.507545 1.527000  -0.642466
18  1813.933298 2564.919710 -0.408000  1.868078 5.096823 1.800000  -1.559131
19  1906.397157 2451.863447 3.159000  1.643706 4.660688 1.627000  2.306813
20  1858.042191 2491.565809 1.230000  0.663708 0.665537 1.658000  2.229599
21  1857.699927 2490.503623 1.317000  0.764950 0.677203 1.658000  2.201960
22  1860.884354 2531.880967 0.187000  0.470125 0.453561 1.784000  2.375323
23  1809.006006 2563.999609 -0.154000  1.968014 4.278094 1.794000  1.942723

6  22  1538448747.047643
1849.483235 2509.788658 2.275296
1  1864.154260 2514.482537 1.135000  2.250297 5.685827 1.998000  -0.857113
2  1867.524315 2479.123773 2.106000  0.809009 0.841800 1.715000  2.192556
3  1816.122423 2540.980863 0.288000  0.374261 2.186203 1.619000  2.780615
4  1863.727469 2483.977787 1.747000  0.777424 0.743407 1.658000  2.325605
5  1814.273783 2570.674178 -0.296000  1.095919 5.391991 1.592000  -0.838176
6  1876.982757 2482.053591 1.996000  2.029293 4.499508 1.578000  2.378287
7  1853.218207 2495.840516 1.147000  0.882648 0.681021 1.658000  2.278288
8  1852.820082 2563.605687 -0.617000  2.057082 4.502101 1.816000  2.688247
9  1792.867028 2576.364799 -0.271000  1.904956 4.972907 2.124000  2.517450
10  1819.967775 2549.144297 -0.101000  2.425645 5.089883 1.626000  2.142953
11  1886.379072 2496.196138 2.934000  2.768748 13.078452 4.581000  -0.631122
12  1874.970507 2479.890168 2.168000  2.078110 4.121077 1.754000  2.363251
13  1879.377535 2493.738942 1.659000  1.585318 4.560698 1.474000  -0.848730
14  1871.027771 2517.485863 1.315000  0.436280 0.326231 2.000000  2.386514
15  1877.411065 2506.691444 1.105000  1.866184 4.248555 1.704000  -0.631725
16  1887.797552 2488.246540 1.995000  1.897803 4.490022 1.527000  -0.593714
17  1812.448114 2565.105237 -0.240000  1.308583 4.767754 1.800000  -1.584982
18  1900.042837 2457.708473 3.059000  1.886105 4.831553 1.627000  2.242526
19  1857.097353 2492.089272 1.417000  0.702996 0.588523 1.658000  2.296014
20  1857.174013 2490.800238 1.517000  0.940729 1.030238 1.658000  2.265186
21  1860.384676 2532.070808 0.383000  0.274913 0.314307 1.784000  2.427503
22  1805.226486 2569.299574 -0.030000  1.933748 4.477029 1.794000  2.390859

7  23  1538448747.547529
1845.474247 2514.577152 2.274387
1  1868.463532 2510.233604 1.561000  2.121116 5.710671 1.998000  -0.856537
2  1866.738683 2479.518404 1.997000  1.069413 0.744253 1.715000  2.196051
3  1814.912746 2541.159170 0.504000  0.981491 1.997704 1.619000  2.677718
4  1863.544681 2484.780766 1.976000  0.755331 0.664882 1.658000  2.166756
5  1818.847405 2566.361268 -0.119000  1.716238 5.140173 1.592000  -0.917202
6  1872.176444 2488.259230 1.983000  1.901515 4.341405 1.578000  2.291690
7  1852.980511 2496.835179 1.326000  0.918021 0.730377 1.658000  2.261499
8  1852.704561 2563.675300 -0.492000  1.926115 4.554221 1.816000  2.682296
9  1790.472311 2581.867247 -0.108000  1.878644 5.352858 2.124000  2.496829
10  1815.498282 2554.187371 -0.006000  1.999576 4.347495 1.626000  2.308183
11  1888.574808 2493.520447 3.146000  3.128884 12.940395 4.581000  -0.776088
12  1871.387099 2484.948881 2.218000  2.186565 4.312913 1.754000  2.349972
13  1883.894196 2488.981365 2.037000  1.748802 4.497182 1.474000  -0.825602
14  1870.751100 2517.529423 1.315000  0.420809 0.379451 2.000000  2.410307
15  1877.802309 2506.629462 1.308000  1.943697 4.311455 1.704000  -0.713544
16  1825.215407 2594.752050 0.840000  1.932301 4.054882 1.550000  -1.900050
17  1890.766731 2485.757054 2.407000  2.047501 4.257521 1.527000  -0.580354
18  1813.295775 2564.951331 -0.072000  1.625599 4.492792 1.800000  -1.416105
19  1895.624039 2464.822921 2.959000  1.885651 4.270683 1.627000  2.082392
20  1857.037141 2492.623400 1.634000  0.855767 0.851062 1.658000  2.211758
21  1856.032495 2491.492256 1.667000  0.839800 0.595832 1.658000  2.236391
22  1859.628509 2532.742554 0.480000  0.230115 0.474493 1.784000  2.440831
23  1800.603157 2575.447525 0.095000  1.662226 4.041942 1.794000  2.206186

8  24  1538448748.047387
1841.544434 2519.249550 2.278081
1  1872.562601 2505.496683 1.909000  2.153170 5.539238 1.998000  -0.860298
2  1823.446626 2570.285618 0.101000  0.927976 0.504830 1.739000  -1.003781
3  1812.461115 2572.316591 -0.038000  1.885017 4.711925 1.653000  -0.843490
4  1814.377046 2541.026268 0.719000  0.959745 1.896150 1.619000  2.581562
5  1863.215012 2485.466953 1.981000  0.958757 0.582642 1.658000  2.200119
6  1820.948258 2565.025935 0.009000  1.707323 4.672443 1.592000  -0.874951
7  1866.319429 2493.859923 1.896000  1.573476 4.453285 1.578000  2.286113
8  1852.278503 2497.144371 1.505000  0.904196 0.818352 1.658000  2.250755
9  1851.657625 2563.550055 -0.366000  1.995310 4.051459 1.816000  2.767378
10  1786.940021 2584.485562 0.054000  1.945921 4.450672 2.124000  2.081127
11  1811.652234 2558.891545 0.089000  2.117812 4.704761 1.626000  2.065231
12  1890.890554 2492.637235 3.409000  2.845534 13.309766 4.581000  -0.750449
13  1866.406288 2488.566194 2.269000  1.960248 4.268381 1.754000  2.278603
14  1887.777189 2484.456198 2.456000  1.710619 4.962494 1.474000  -0.824618
15  1870.058803 2517.877595 1.315000  0.467713 0.194247 2.000000  2.362271
16  1877.298897 2507.013050 1.511000  1.889767 4.279870 1.704000  -0.682635
17  1826.457647 2593.319506 0.795000  2.045395 4.455771 1.550000  -1.891677
18  1894.763957 2482.372108 2.669000  2.176835 4.434100 1.527000  -0.799405
19  1813.003015 2564.481771 0.097000  1.759487 4.699459 1.800000  -1.623883
20  1887.933978 2471.493120 2.860000  1.645039 4.251410 1.627000  2.369097
21  1856.372570 2493.626409 1.850000  0.852943 0.730422 1.658000  2.297053
22  1856.206537 2492.089409 1.817000  0.798670 0.555439 1.658000  2.286863
23  1859.311131 2533.177416 0.776000  0.348741 0.365120 1.784000  2.432962
24  1795.113938 2580.018489 0.220000  2.060023 4.675529 1.794000  2.234497

9  24  1538448748.547277
1837.580042 2523.927954 2.280236
1  1876.975488 2500.962307 2.207000  1.817207 5.952724 1.998000  -0.790539
2  1824.813538 2570.432572 0.205000  0.591975 0.643490 1.739000  -0.953640
3  1816.787080 2566.502550 0.124000  1.663515 4.795799 1.653000  -0.929807
4  1813.364998 2541.880745 0.884000  0.699895 2.045998 1.619000  2.492131
5  1862.028704 2485.704172 2.136000  0.672625 0.597882 1.658000  2.290561
6  1822.871520 2561.687594 0.236000  1.800723 4.624434 1.592000  -0.844384
7  1862.026109 2499.196579 1.842000  2.001330 4.405221 1.578000  2.212099
8  1852.028009 2497.606215 1.684000  0.860727 0.718199 1.658000  2.291384
9  1851.852262 2564.231692 -0.241000  1.827361 4.100775 1.816000  2.760853
10  1783.007793 2588.797853 0.217000  2.475942 4.614400 2.124000  2.359321
11  1807.227300 2564.580463 0.185000  2.104905 4.770940 1.626000  2.373203
12  1891.590364 2491.670348 3.672000  3.443229 12.501074 4.581000  -0.718664
13  1862.651716 2494.033500 2.219000  2.090896 4.602979 1.754000  2.293832
14  1892.402547 2481.076341 2.875000  1.355590 4.431037 1.474000  -0.787752
15  1869.081128 2518.363979 1.315000  0.502016 0.371745 2.000000  2.503505
16  1876.932369 2506.441247 1.714000  1.735156 4.677112 1.704000  -0.541118
17  1826.110473 2593.830600 0.750000  1.958017 4.311868 1.550000  -1.991353
18  1896.633235 2480.353407 2.982000  1.419423 4.525710 1.527000  -0.530845
19  1812.900796 2564.825889 0.265000  1.686940 4.423485 1.800000  -1.533376
20  1881.380349 2477.386130 2.760000  1.941814 4.142506 1.627000  2.244357
21  1856.071579 2494.001763 2.067000  0.620633 0.731079 1.658000  2.212956
22  1856.245938 2492.483975 1.967000  0.837036 0.689996 1.658000  2.194031
23  1858.717268 2533.537884 0.973000  0.285942 0.556467 1.784000  2.453165
24  1790.174894 2585.436460 0.345000  2.358313 4.925740 1.794000  2.036832

10  26  1538448749.047731
1833.692810 2528.518701 2.277767
1  1880.916870 2496.370250 2.674000  2.223846 5.687283 1.998000  -0.853632
2  1824.210958 2570.574056 0.309000  0.565736 0.801942 1.739000  -0.867730
3  1820.608614 2561.290236 0.325000  1.940599 4.666852 1.653000  -0.921020
4  1812.712737 2542.760675 1.050000  0.582989 2.127817 1.619000  2.516331
5  1861.681742 2486.113319 2.291000  0.940965 1.016691 1.658000  2.310881
6  1826.970168 2556.943970 0.405000  2.032032 4.705876 1.592000  -0.847407
7  1856.997447 2504.949529 1.788000  1.764275 4.297451 1.578000  2.236461
8  1851.322748 2498.552477 1.863000  0.720639 0.829865 1.658000  2.228328
9  1852.675587 2564.154752 -0.090000  1.992205 4.312017 1.816000  2.753229
10  1781.179829 2590.663738 0.380000  1.725868 5.713876 2.124000  2.207991
11  1803.523039 2568.735078 0.218000  1.540035 4.430723 1.626000  2.367682
12  1894.256705 2489.585400 3.935000  3.063506 12.933522 4.581000  -0.654430
13  1859.271435 2498.678667 2.169000  1.903083 4.250193 1.754000  2.390259
14  1795.891500 2591.942207 0.411000  1.921238 4.622331 1.729000  -0.817045
15  1897.056127 2474.518440 3.269000  1.939406 4.356709 1.474000  -0.912881
16  1868.480053 2519.275450 1.315000  0.438511 0.355417 2.000000  2.412383
17  1877.355973 2505.588883 1.917000  2.034768 4.357387 1.704000  -0.667112
18  1825.783455 2593.190092 0.705000  1.737292 5.046440 1.550000  -1.953832
19  1899.272756 2479.362155 3.294000  1.422113 4.302078 1.527000  -0.763664
20  1812.875766 2564.812046 0.375000  1.912143 4.596112 1.800000  -1.447694
21  1876.387003 2483.348198 2.690000  1.498898 4.384431 1.627000  2.145190
22  1855.661700 2494.382456 2.284000  0.794365 0.862988 1.658000  2.261076
23  1791.152530 2569.136188 0.335000  0.200387 1.056914 1.674000  -0.885690
24  1855.823326 2492.772892 2.117000  0.766852 0.759731 1.658000  2.283735
25  1857.849456 2533.987934 1.169000  0.356136 0.521583 1.784000  2.426138
26  1786.152830 2592.310155 0.470000  2.580879 4.030798 1.794000  2.344128

11  26  1538448749.547584
1829.800044 2533.092592 2.281076
1  1885.811132 2492.430006 2.940000  2.302838 5.669363 1.998000  -0.703024
2  1825.422323 2570.309967 0.414000  0.683847 0.885216 1.739000  -0.877686
3  1825.277520 2554.893888 0.499000  1.818516 4.872460 1.653000  -0.866792
4  1812.148489 2543.367549 1.065000  0.870039 2.094879 1.619000  2.344901
5  1861.329453 2487.211686 2.445000  0.886596 0.628969 1.658000  2.204671
6  1830.052634 2552.975643 0.579000  2.126499 4.645972 1.592000  -0.942726
7  1851.699641 2511.159823 1.734000  1.842408 4.576016 1.578000  2.180744
8  1850.961486 2498.744082 2.042000  0.860112 0.760203 1.658000  2.245529
9  1852.214747 2564.240205 0.161000  1.975083 4.167508 1.816000  2.719447
10  1777.081979 2595.768946 0.409000  1.384063 5.178878 2.124000  2.273211
11  1800.106508 2573.310591 0.252000  1.815726 4.561415 1.626000  2.512130
12  1895.096786 2489.119519 4.197000  3.073992 13.005509 4.581000  -0.511820
13  1811.916491 2571.626176 0.345000  2.149435 4.880377 1.543000  -0.932375
14  1854.833659 2503.226823 2.119000  2.215667 4.509779 1.754000  2.256434
15  1799.975353 2585.645562 0.436000  2.437196 4.672660 1.729000  -0.755460
16  1868.262535 2519.813464 1.315000  0.308663 0.321295 2.000000  2.442374
17  1877.570533 2506.055908 2.119000  2.104645 4.585170 1.704000  -0.643886
18  1826.379143 2594.507488 0.660000  1.842495 4.180191 1.550000  -1.880280
19  1808.513154 2533.921169 2.172000  0.563342 0.790867 1.762000  -1.056255
20  1812.460232 2564.513786 0.485000  1.635932 4.845321 1.800000  -1.493206
21  1870.539279 2491.062393 2.620000  2.010062 4.368663 1.627000  2.383943
22  1854.032580 2495.201449 2.501000  0.711717 0.929362 1.658000  2.310131
23  1792.265927 2569.190920 0.293000  0.419511 0.961249 1.674000  -0.911268
24  1855.260704 2494.401124 2.266000  0.948837 0.771667 1.658000  2.270105
25  1857.660315 2535.313405 1.304000  0.460485 0.330053 1.784000  2.430870
26  1780.389020 2598.114086 0.595000  2.124474 4.311659 1.794000  2.219375

12  28  1538448750.047463
1825.949617 2537.594288 2.283649
1  1889.184803 2487.516238 3.557000  2.094370 5.765854 1.998000  -0.650100
2  1825.484789 2569.845238 0.518000  0.636395 0.765806 1.739000  -0.888490
3  1829.428629 2549.171343 0.673000  1.574771 4.718950 1.653000  -0.938127
4  1811.449135 2543.586866 0.950000  0.640946 2.063946 1.619000  2.343021
5  1860.612367 2487.828008 2.600000  0.168255 0.838005 1.658000  2.301533
6  1833.684002 2548.647992 0.709000  2.107438 4.893073 1.592000  -0.882970
7  1846.985349 2516.540618 1.546000  1.694647 4.208092 1.578000  2.160903
8  1850.699465 2499.239700 2.222000  0.773151 0.863828 1.658000  2.201895
9  1852.393774 2564.020646 0.411000  1.888289 3.753366 1.816000  2.704225
10  1775.616074 2600.352906 0.438000  1.618316 5.026382 2.124000  2.224102
11  1795.397848 2578.055603 0.285000  2.135354 4.376691 1.626000  2.300062
12  1791.769179 2515.803435 3.324000  1.894154 4.359068 1.868000  0.782615
13  1895.417832 2491.188262 4.460000  2.764105 12.542963 4.581000  -0.717156
14  1815.428488 2567.675187 0.383000  1.990971 4.784480 1.543000  -0.972049
15  1850.899635 2508.333341 2.069000  2.226064 4.364272 1.754000  2.304466
16  1804.676708 2579.619287 0.461000  2.089770 4.813132 1.729000  -0.991029
17  1867.701399 2520.887858 1.315000  0.382575 0.346531 2.000000  2.407768
18  1877.931594 2506.359875 2.322000  1.628184 4.062384 1.704000  -0.682148
19  1825.947964 2594.619142 0.615000  2.000731 4.433230 1.550000  -1.932419
20  1808.121924 2533.638684 2.122000  0.691454 0.578592 1.762000  -0.986694
21  1812.911899 2564.721514 0.512000  1.693745 4.563295 1.800000  -1.565926
22  1864.481383 2497.270352 2.550000  1.840140 4.061040 1.627000  2.277318
23  1854.058625 2495.999680 2.717000  0.670792 0.601018 1.658000  2.314756
24  1792.593954 2568.006062 0.252000  0.548330 0.879740 1.674000  -0.723480
25  1854.696537 2494.663609 2.416000  1.051391 0.681185 1.658000  2.370536
26  1856.868641 2535.444590 1.427000  0.388963 0.439935 1.784000  2.401419
27  1776.469549 2602.895388 0.720000  1.684965 4.429072 1.794000  2.195119
28  1791.211732 2568.069458 0.202000  0.414788 0.430285 1.674000  -1.042495

13  26  1538448750.547877
1822.143624 2542.126210 2.275187
1  1891.763496 2484.923025 3.273000  2.478353 6.083424 1.998000  -0.695400
2  1825.850696 2568.815897 0.434000  0.869546 0.898700 1.739000  -0.935765
3  1834.862583 2543.272902 0.849000  1.944808 4.944476 1.653000  -0.846292
4  1810.898508 2544.638054 0.936000  0.679264 2.183395 1.619000  2.257206
5  1861.023974 2488.295646 2.755000  0.870999 0.417608 1.658000  2.125931
6  1836.995195 2544.200828 0.893000  2.004441 4.514829 1.592000  -0.823296
7  1842.406508 2521.969256 1.359000  1.790241 4.595745 1.578000  2.276041
8  1849.947607 2499.636433 2.401000  0.932293 1.000725 1.658000  2.311275
9  1771.110306 2604.615503 0.467000  2.523927 3.928241 2.124000  2.044339
10  1780.202196 2603.442413 0.357000  2.000859 5.300265 1.560000  2.158755
11  1790.071975 2584.404421 0.311000  2.063756 4.678802 1.626000  2.193867
12  1793.760688 2518.021710 3.174000  1.957815 4.288214 1.868000  0.825543
13  1896.952238 2487.934307 4.723000  1.486031 12.562029 4.581000  -0.562545
14  1820.037494 2562.038683 0.422000  1.890035 4.594899 1.543000  -0.945377
15  1846.886199 2512.686823 1.969000  1.999669 4.369931 1.754000  2.198376
16  1809.892742 2574.157349 0.486000  1.894440 4.910276 1.729000  -0.846982
17  1867.066646 2520.446677 1.315000  0.019570 0.013877 2.000000  2.477405
18  1877.595426 2506.697133 2.525000  1.698992 4.224664 1.704000  -0.486336
19  1826.270745 2592.870279 0.570000  1.523779 4.598071 1.550000  -1.836054
20  1807.886579 2533.520630 1.922000  0.676269 0.487966 1.762000  -0.980706
21  1812.880318 2564.768278 0.539000  1.860740 4.622341 1.800000  -1.509395
22  1857.578160 2503.213184 2.370000  2.215407 4.295877 1.627000  2.370314
23  1853.513400 2497.018413 2.909000  0.867659 0.613349 1.658000  2.378977
24  1792.847768 2567.793717 0.260000  0.631031 0.997809 1.674000  -1.052905
25  1856.313654 2535.952572 1.550000  0.250279 0.445904 1.784000  2.481801
26  1792.287120 2566.994798 0.202000  0.978852 0.520267 1.674000  -0.997526

14  23  1538448751.048300
1818.369341 2546.673266 2.267686
1  1895.992816 2479.292513 3.940000  2.799030 6.280686 1.998000  -0.921387
2  1825.924616 2568.810440 0.601000  0.830346 0.825208 1.739000  -0.894858
3  1839.464466 2537.659056 1.095000  1.906630 4.959903 1.653000  -0.914632
4  1810.371659 2544.995041 1.021000  0.711860 2.021454 1.619000  2.196403
5  1859.699479 2488.195921 2.910000  0.641139 0.596099 1.658000  2.198065
6  1840.851312 2540.153803 1.078000  1.916826 4.563694 1.592000  -0.888974
7  1837.039441 2528.260181 1.171000  1.834074 4.245202 1.578000  2.272680
8  1769.237894 2608.222808 0.555000  1.300298 4.783350 2.124000  2.111301
9  1780.074555 2603.366632 0.307000  1.524484 4.941863 1.560000  2.192081
10  1785.995620 2589.539377 0.337000  1.927599 4.100729 1.626000  2.200071
11  1896.990228 2488.950345 4.986000  2.205178 12.330491 4.581000  -0.771684
12  1824.692930 2556.717205 0.461000  1.995825 4.982906 1.543000  -0.969300
13  1842.463823 2518.162968 1.869000  2.060591 4.387323 1.754000  2.291867
14  1814.497121 2568.532192 0.511000  1.877756 4.777108 1.729000  -0.931970
15  1866.208810 2521.304761 1.315000  0.567260 0.654609 2.000000  2.522845
16  1877.185063 2507.146593 2.728000  1.861342 4.579734 1.704000  -0.586222
17  1826.316903 2594.353040 0.525000  1.991265 4.397909 1.550000  -1.858073
18  1812.975507 2564.592832 0.565000  1.852057 4.673926 1.800000  -1.505455
19  1852.022441 2510.629347 2.190000  1.551064 4.510421 1.627000  2.317376
20  1853.577198 2497.443174 3.101000  0.689511 0.903720 1.658000  2.406022
21  1792.713762 2567.647286 0.269000  0.858839 0.685630 1.674000  -1.063986
22  1855.630167 2536.109093 1.700000  0.171232 0.253772 1.784000  2.416305
23  1792.210546 2566.935789 0.252000  0.737417 0.719820 1.674000  -1.038572

15  21  1538448751.548178
1814.555501 2551.293658 2.271872
1  1826.385177 2568.951326 0.768000  0.768083 0.828312 1.739000  -0.941532
2  1844.618717 2531.860935 1.689000  1.932940 4.895505 1.653000  -0.788704
3  1809.866381 2545.112584 1.156000  0.702439 1.809800 1.619000  2.255553
4  1860.520540 2488.788315 3.064000  0.970353 0.491080 1.658000  2.272832
5  1844.155377 2536.558899 1.549000  1.901502 4.598493 1.592000  -0.845614
6  1832.195416 2534.363246 1.352000  1.746824 4.181910 1.578000  2.325224
7  1762.187784 2612.867531 0.643000  1.620988 5.275694 2.124000  2.165571
8  1779.253578 2603.934693 0.441000  1.962061 4.868539 1.560000  2.337411
9  1780.713340 2596.306150 0.363000  1.924944 4.303765 1.626000  2.378556
10  1894.489070 2488.822324 5.249000  2.919888 13.279599 4.581000  -0.628734
11  1828.893207 2550.047409 0.974000  1.882225 4.643930 1.543000  -0.875338
12  1838.821808 2523.433845 1.769000  1.772765 4.324502 1.754000  2.228041
13  1819.117969 2562.775637 0.761000  2.097269 4.622795 1.729000  -0.843355
14  1865.810460 2522.329453 1.315000  0.549118 0.268389 2.000000  2.382560
15  1878.345749 2506.906455 2.931000  1.932998 4.787736 1.704000  -0.545156
16  1826.382651 2594.108400 0.480000  1.440496 4.539781 1.550000  -1.941483
17  1812.880464 2564.863669 0.685000  1.854499 4.608947 1.800000  -1.507291
18  1847.028807 2517.128494 2.010000  2.127929 4.337925 1.627000  2.269870
19  1793.261167 2566.682964 0.452000  0.684576 0.516983 1.674000  -0.964831
20  1855.102221 2537.185534 1.851000  0.500669 0.339113 1.784000  2.427457
21  1792.144833 2566.734474 0.402000  0.808858 0.582516 1.674000  -0.977869

16  21  1538448752.048628
1810.715968 2555.862364 2.278652
1  1826.781164 2568.187622 0.934000  0.828498 0.670141 1.739000  -0.943638
2  1850.128130 2525.991581 1.985000  1.820326 5.237585 1.653000  -0.744819
3  1809.722574 2545.361573 1.317000  0.532451 2.136361 1.619000  2.319126
4  1859.050554 2489.597050 3.219000  0.085879 0.727310 1.658000  2.222734
5  1848.279005 2531.964563 1.813000  1.983769 4.349583 1.592000  -0.886462
6  1827.208279 2539.582370 1.232000  1.881439 4.358935 1.578000  2.258631
7  1762.258196 2616.751234 0.955000  1.577377 5.374494 2.124000  2.189162
8  1778.903703 2603.553576 0.574000  1.603327 4.749644 1.560000  2.313473
9  1775.073301 2601.378255 0.548000  1.622527 4.459278 1.626000  2.131938
10  1897.592325 2488.655575 5.512000  2.510374 13.124588 4.581000  -0.928991
11  1833.353273 2544.692327 1.288000  1.991156 4.605095 1.543000  -0.850269
12  1833.789545 2528.482173 1.669000  1.884210 4.503232 1.754000  2.301520
13  1824.333131 2556.527321 1.011000  1.812141 4.718427 1.729000  -0.855528
14  1865.937689 2522.702774 1.315000  0.690425 0.965391 2.000000  2.385704
15  1826.060185 2593.817920 0.435000  1.839900 4.717683 1.550000  -1.849504
16  1813.050385 2564.949262 0.805000  1.811002 4.470953 1.800000  -1.436447
17  1770.768297 2617.983587 0.805000  1.170217 4.073340 1.530000  -1.068395
18  1840.673186 2524.142244 1.830000  1.832215 4.359911 1.627000  2.233740
19  1793.865984 2566.517920 0.635000  0.752814 0.689965 1.674000  -0.941689
20  1854.455354 2537.630459 2.001000  0.200365 0.607559 1.784000  2.461948
21  1793.002410 2566.136493 0.552000  0.507856 0.694418 1.674000  -0.983377

17  20  1538448752.549040
1806.828552 2560.438543 2.277888
1  1826.901918 2567.512782 1.101000  0.865019 0.985977 1.739000  -0.881275
2  1856.237504 2519.130673 2.280000  2.069789 4.848037 1.653000  -1.051925
3  1809.669102 2545.476012 1.477000  0.720870 2.036709 1.619000  2.346314
4  1857.169887 2489.694591 3.374000  0.250587 1.033866 1.658000  2.379475
5  1851.464593 2528.017718 1.877000  1.566653 4.559878 1.592000  -0.883026
6  1823.063416 2545.388123 1.262000  1.710851 4.568278 1.578000  2.266533
7  1757.668959 2620.622107 1.118000  2.204620 4.923906 2.124000  2.603209
8  1779.515669 2604.464900 0.707000  1.830546 4.861853 1.560000  2.354678
9  1770.687224 2607.677757 0.733000  1.912178 4.401499 1.626000  2.087586
10  1836.217986 2540.322608 1.551000  1.903494 4.984071 1.543000  -0.904958
11  1829.711569 2533.806263 1.669000  1.983099 4.696800 1.754000  2.272638
12  1828.651121 2551.284424 1.361000  2.108664 4.739336 1.729000  -0.919867
13  1865.903383 2522.340953 1.315000  0.186535 0.590199 2.000000  2.415436
14  1826.615063 2594.023116 0.390000  2.164368 4.389529 1.550000  -1.925961
15  1813.280123 2564.303793 0.926000  1.734332 4.608934 1.800000  -1.527381
16  1777.015418 2614.767483 0.830000  1.954785 4.581050 1.530000  -1.039851
17  1834.731279 2530.838064 1.650000  1.893060 4.594379 1.627000  2.318409
18  1794.012613 2565.671421 0.719000  0.698049 0.734706 1.674000  -0.990768
19  1853.307493 2538.426475 2.152000  0.004261 0.035353 1.784000  2.495155
20  1793.347948 2565.472075 0.702000  0.712179 0.673486 1.674000  -0.948602

18  19  1538448753.048377
1803.001412 2564.963999 2.276623
1  1827.066606 2567.109755 1.268000  0.890084 0.756373 1.739000  -0.917725
2  1862.291668 2513.329601 2.624000  1.703714 4.803446 1.653000  -0.849478
3  1809.663609 2545.771143 1.637000  0.808309 2.334143 1.619000  2.324459
4  1857.021037 2493.457611 3.529000  1.005390 0.442250 1.658000  2.132877
5  1818.429751 2551.312442 1.293000  1.766139 4.679975 1.578000  2.213856
6  1754.342249 2623.143256 1.280000  2.542798 5.266825 2.124000  2.252717
7  1777.886763 2603.847017 0.757000  1.734579 4.312901 1.560000  2.195327
8  1765.566796 2615.346423 0.918000  2.185742 5.605855 1.626000  2.260501
9  1841.401245 2533.632103 2.024000  2.343495 4.478067 1.543000  -1.072594
10  1825.204530 2539.700109 1.669000  2.027848 4.411728 1.754000  2.205902
11  1832.955924 2545.816039 1.711000  1.850094 4.767168 1.729000  -0.774462
12  1865.726039 2522.973468 1.315000  0.354437 0.630988 2.000000  2.443016
13  1826.030106 2593.404168 0.452000  1.734442 4.415798 1.550000  -1.913048
14  1813.132897 2564.993504 1.045000  1.768512 4.519146 1.800000  -1.501462
15  1779.220776 2609.410734 0.805000  1.974921 4.553642 1.530000  -0.905158
16  1831.293828 2536.768609 1.570000  1.832824 4.430707 1.627000  2.397644
17  1793.821765 2565.124021 0.802000  0.689142 0.786958 1.674000  -0.984195
18  1853.315895 2538.215178 2.235000  0.725849 0.287831 1.784000  2.461502
19  1793.356477 2564.885037 0.752000  0.442262 0.612460 1.674000  -0.885506

19  18  1538448753.547684
1799.153469 2569.563660 2.270756
1  1827.748552 2566.890986 1.434000  0.896934 0.737899 1.739000  -0.909032
2  1809.804176 2545.731851 1.597000  0.671576 2.129701 1.619000  2.269603
3  1857.668798 2491.352536 3.683000  0.582702 0.804652 1.658000  2.044985
4  1813.968315 2556.549220 1.225000  2.007266 4.416453 1.578000  2.214063
5  1750.378379 2626.751528 1.443000  1.837835 5.291078 2.124000  2.148839
6  1778.706517 2604.545080 0.807000  1.934849 4.568932 1.560000  2.289477
7  1759.874699 2620.038055 1.103000  1.657970 4.486402 1.626000  2.278727
8  1844.365416 2532.278891 2.522000  2.360071 4.664613 1.543000  -0.850971
9  1820.862939 2543.533593 1.594000  1.813433 4.425293 1.754000  2.394283
10  1837.886416 2540.384300 2.010000  1.916901 4.934754 1.729000  -0.733990
11  1865.999492 2523.406704 1.315000  0.506625 0.488065 2.000000  2.359501
12  1826.136795 2593.875270 0.515000  1.860183 4.352545 1.550000  -1.936377
13  1813.064515 2564.871742 1.165000  2.112754 4.757861 1.800000  -1.582234
14  1782.877302 2604.928210 0.880000  1.903646 4.175669 1.530000  -0.924983
15  1825.602831 2543.241425 1.490000  1.491880 4.637160 1.627000  2.327632
16  1794.329176 2564.866030 0.885000  0.864656 0.765493 1.674000  -0.783757
17  1853.165352 2539.192656 2.319000  0.716245 0.293512 1.784000  2.526870
18  1794.105104 2564.410726 0.852000  0.570534 0.639204 1.674000  -1.007852

20  19  1538448754.047572
1795.292211 2574.197700 2.267963
1  1828.142182 2566.312658 1.600000  0.987948 1.026034 1.739000  -0.939399
2  1809.673277 2545.728430 1.707000  0.727278 2.149849 1.619000  2.300253
3  1774.140036 2610.529245 0.996000  1.935275 4.283908 1.614000  2.204312
4  1822.690233 2594.502881 1.090000  1.960099 4.436507 1.550000  -1.898487
5  1809.474901 2561.746921 1.157000  1.994747 4.677874 1.578000  2.210687
6  1748.246299 2631.796618 1.564000  2.741033 5.481343 2.124000  2.052433
7  1786.393516 2626.593711 1.163000  1.959024 4.523930 1.614000  -2.644685
8  1777.977740 2604.003848 0.857000  2.094429 4.402809 1.560000  2.221735
9  1757.085564 2625.104996 1.286000  1.856542 4.392229 1.626000  2.583412
10  1847.329263 2530.538279 3.020000  1.633382 4.257373 1.543000  -0.697314
11  1817.224271 2549.101554 1.519000  1.970899 4.387009 1.754000  2.229256
12  1863.468901 2524.897232 1.352000  0.842046 -0.380103 2.000000  2.605503
13  1826.631820 2593.579803 0.577000  1.722421 4.278362 1.550000  -1.911693
14  1813.143610 2564.783692 1.265000  1.885514 4.498030 1.800000  -1.484649
15  1787.476133 2599.548899 0.905000  1.931318 4.239471 1.530000  -0.892637
16  1820.859378 2549.264892 1.410000  1.822809 4.366447 1.627000  2.246852
17  1794.762675 2564.435256 1.019000  0.594358 0.566353 1.674000  -0.872517
18  1851.229899 2539.918656 2.403000  0.200186 0.060401 1.784000  2.315337
19  1794.417846 2564.043633 0.952000  1.021934 0.613434 1.674000  -0.913352

21  20  1538448754.547448
1791.473579 2578.803645 2.265805
1  1828.158183 2565.787631 1.767000  0.776065 0.863108 1.739000  -0.872874
2  1809.601637 2545.715846 1.818000  0.785171 2.060067 1.619000  2.237666
3  1774.022488 2610.633938 1.020000  1.824897 4.648788 1.614000  2.259828
4  1822.738419 2594.749061 1.090000  1.840992 4.868965 1.550000  -2.022485
5  1803.893954 2567.421768 1.089000  1.866339 4.520474 1.578000  2.269834
6  1744.439625 2635.234843 1.684000  1.848542 5.195895 2.124000  2.202883
7  1786.707983 2627.281672 1.163000  1.612398 4.499900 1.614000  -2.420331
8  1778.365510 2604.503944 0.907000  2.194606 4.626091 1.560000  2.278012
9  1752.690405 2630.228274 1.469000  1.504747 4.486580 1.626000  2.051156
10  1849.520539 2527.973678 2.969000  1.683896 4.778388 1.543000  -0.944656
11  1812.301543 2553.703899 1.444000  2.010175 4.527306 1.754000  2.172553
12  1863.693284 2525.960239 1.389000  0.676319 0.042346 2.000000  2.406763
13  1826.093168 2594.374027 0.640000  1.688783 4.463345 1.550000  -1.922546
14  1767.480303 2628.613120 1.033000  2.196158 4.482241 1.638000  -0.479674
15  1813.164625 2564.814332 1.365000  1.820032 4.748643 1.800000  -1.539251
16  1790.936190 2594.765232 0.930000  1.858953 4.393397 1.530000  -0.817730
17  1815.471056 2555.277283 1.330000  2.230438 4.250442 1.627000  2.275235
18  1795.439840 2563.842053 1.052000  0.638688 0.643812 1.674000  -0.848405
19  1850.549889 2540.432237 2.487000  -0.112618 0.208765 1.784000  2.387066
20  1794.781535 2563.490288 1.052000  0.698261 0.646195 1.674000  -0.860315

22  19  1538448755.047865
1787.619825 2583.452539 2.267261
1  1828.189172 2565.459758 1.934000  0.767625 0.524763 1.739000  -0.896749
2  1808.999592 2545.676956 1.818000  0.811558 2.136608 1.619000  2.365812
3  1773.826505 2610.515396 1.045000  1.975711 4.398506 1.614000  2.139072
4  1823.369840 2595.096453 1.090000  2.070389 4.675117 1.550000  -1.983316
5  1799.754883 2573.537531 1.022000  1.835314 4.493358 1.578000  2.273143
6  1741.539052 2639.771234 1.755000  2.404467 4.881082 2.124000  2.006863
7  1787.250443 2627.666394 1.268000  1.762592 4.497412 1.614000  -2.406229
8  1777.886994 2604.918021 0.894000  2.030488 4.822280 1.560000  2.339914
9  1748.930699 2634.226379 1.503000  1.887347 4.759972 1.626000  2.241072
10  1851.696725 2522.887147 2.917000  1.929103 5.164451 1.543000  -0.923185
11  1808.204045 2559.368848 1.369000  2.163836 4.430734 1.754000  2.289127
12  1862.431103 2524.821972 1.425000  0.645368 0.456164 2.000000  2.246568
13  1770.413884 2627.775128 0.958000  1.618403 4.272407 1.638000  -0.240432
14  1812.947961 2564.901986 1.365000  1.891221 4.563095 1.800000  -1.483273
15  1795.135379 2590.272893 0.955000  1.859410 4.354331 1.530000  -0.977176
16  1810.206236 2561.145788 1.250000  1.956307 4.377617 1.627000  2.323034
17  1795.988210 2563.627726 1.136000  0.672662 0.604286 1.674000  -0.881390
18  1850.509958 2541.526954 2.571000  0.008639 0.733091 1.784000  2.563009
19  1795.329222 2562.764596 1.153000  0.666960 0.667686 1.674000  -0.869775

23  16  1538448755.548316
1783.770417 2588.084584 2.268823
1  1829.174660 2564.671020 2.100000  1.021362 0.929730 1.739000  -0.851339
2  1773.068588 2612.427527 1.070000  1.893949 4.507175 1.614000  2.091002
3  1822.780690 2594.839196 1.090000  2.049853 4.573326 1.550000  -1.867215
4  1794.852734 2579.593010 0.984000  1.862653 4.553701 1.578000  2.275675
5  1737.162320 2644.710413 1.826000  1.684537 5.585608 2.124000  2.145044
6  1786.357248 2627.811705 1.223000  2.064815 4.659447 1.614000  -2.362340
7  1777.576141 2604.849902 0.880000  2.054556 4.521230 1.560000  2.316166
8  1744.473298 2641.527036 1.628000  1.527674 4.659624 1.626000  2.080466
9  1803.393829 2564.087450 1.284000  1.889357 4.375856 1.754000  2.329586
10  1773.274047 2628.114614 0.984000  2.097076 4.584200 1.638000  0.004230
11  1812.785720 2564.574852 1.365000  1.854555 4.592467 1.800000  -1.476396
12  1797.837510 2586.754910 0.980000  1.786547 4.371017 1.530000  -0.963381
13  1805.576646 2566.990500 1.084000  1.947485 4.393723 1.627000  2.325902
14  1796.250776 2562.539469 1.219000  0.683382 0.780511 1.674000  -0.834696
15  1849.655043 2540.894291 2.655000  0.242606 0.327407 1.784000  2.325343
16  1795.502389 2562.376267 1.253000  0.603651 0.564668 1.674000  -0.892761

24  14  1538448756.050426
1779.897811 2592.738989 2.273369
1  1793.202194 2636.387412 1.634000  2.247603 4.504200 1.638000  -2.360231
2  1772.731803 2614.222505 1.094000  1.842393 4.584876 1.614000  1.972660
3  1790.265071 2585.069077 0.946000  1.803357 4.202657 1.578000  2.322270
4  1734.273242 2648.270890 1.860000  2.773630 5.115559 2.124000  2.221971
5  1785.992544 2626.675496 1.179000  1.851145 4.279901 1.614000  -2.427023
6  1777.294173 2605.732556 0.866000  1.921015 4.312094 1.560000  2.295667
7  1739.850534 2646.921013 1.754000  2.008141 4.145539 1.626000  2.204022
8  1799.778535 2568.796367 1.199000  2.159926 4.508652 1.754000  2.283537
9  1775.839343 2627.891897 1.009000  2.108318 4.363032 1.638000  0.174608
10  1813.035513 2565.193225 1.432000  1.738482 4.383676 1.800000  -1.442085
11  1800.908091 2583.230644 1.081000  1.795612 4.461467 1.530000  -0.922683
12  1800.388937 2573.054603 0.992000  1.944835 4.340133 1.627000  2.274810
13  1796.714933 2562.393548 1.303000  0.612292 0.816688 1.674000  -0.907574
14  1795.809241 2562.250301 1.353000  0.687084 0.844963 1.674000  -0.896396

25  15  1538448756.547528
1776.072101 2597.237656 2.277980
1  1792.706473 2636.123696 1.611000  1.946961 4.336802 1.638000  -2.396854
2  1772.407092 2615.527206 1.119000  1.931725 4.335274 1.614000  1.658658
3  1785.746485 2590.839016 0.909000  1.822818 4.680333 1.578000  2.331899
4  1732.026871 2651.984611 1.893000  1.847226 5.686298 2.124000  2.160775
5  1784.547904 2625.994077 1.019000  1.795805 4.619139 1.614000  -2.339553
6  1776.765961 2606.492540 0.874000  2.152203 4.489579 1.560000  2.285392
7  1735.266390 2652.308320 1.754000  1.871409 4.455703 1.626000  2.170815
8  1795.614101 2573.295087 1.114000  2.064331 4.453586 1.754000  2.212883
9  1778.679678 2630.015764 1.034000  2.143082 4.598645 1.638000  0.444487
10  1812.748654 2564.264791 1.499000  1.859160 4.511594 1.800000  -1.578161
11  1803.052516 2580.083588 1.180000  1.950034 4.284618 1.530000  -0.939867
12  1795.769199 2578.438462 0.901000  1.887332 4.503494 1.627000  2.258482
13  1796.830686 2561.661546 1.261000  0.948854 1.072371 1.674000  -0.900186
14  1798.670821 2641.660587 2.035000  1.872308 4.324749 1.638000  -2.382683
15  1796.827101 2561.279880 1.453000  0.572666 0.726903 1.674000  -0.872496

26  14  1538448757.048500
1772.270127 2601.748362 2.271878
1  1792.267827 2636.114921 1.588000  2.163992 4.255407 1.638000  -2.553941
2  1772.624936 2617.136989 1.119000  1.692425 4.360980 1.614000  1.484810
3  1781.117634 2596.082489 0.872000  1.784877 4.359173 1.578000  2.242564
4  1729.461872 2654.205726 1.927000  1.827321 6.174315 2.124000  2.101617
5  1782.639141 2624.459030 0.857000  1.811192 4.408052 1.614000  -2.369775
6  1775.948974 2608.097916 0.882000  1.861449 4.478208 1.560000  2.186344
7  1729.674489 2659.763785 1.753000  2.035497 5.035342 1.626000  2.183535
8  1791.994658 2578.491467 1.029000  1.917360 4.296001 1.754000  2.280713
9  1781.477601 2631.116108 1.059000  2.222292 4.542980 1.638000  0.548302
10  1813.134451 2564.401120 1.490000  2.149275 4.960530 1.800000  -1.478662
11  1804.048243 2578.595970 1.180000  2.008284 4.454100 1.530000  -0.921319
12  1791.044957 2584.167865 0.909000  1.793525 4.368505 1.627000  2.301660
13  1796.857005 2561.413418 1.219000  0.610526 0.780569 1.674000  -0.949613
14  1797.991481 2641.418073 1.965000  2.553764 4.463598 1.638000  -2.556246

27  15  1538448757.548354
1768.543108 2606.220744 2.266456
1  1793.488051 2636.220333 1.566000  2.010322 4.539880 1.638000  -2.413194
2  1773.223174 2619.701891 0.919000  1.927915 4.469447 1.614000  1.466331
3  1775.985349 2602.095872 0.783000  1.999264 4.452001 1.578000  2.231773
4  1725.613080 2659.352644 1.960000  1.799705 4.728743 2.124000  2.158066
5  1781.062585 2622.907531 0.696000  1.905117 4.571971 1.614000  -2.201925
6  1774.586532 2609.887417 0.891000  2.249458 4.727025 1.560000  2.061960
7  1725.699901 2664.498039 1.778000  2.146962 4.967565 1.626000  2.304330
8  1787.578243 2583.455011 0.944000  2.204630 4.489259 1.754000  2.280382
9  1786.503631 2630.607124 1.108000  2.034062 4.506937 1.638000  -2.447032
10  1784.942067 2634.163865 1.084000  2.049284 4.402671 1.638000  0.780318
11  1812.308406 2564.508637 1.482000  2.133810 4.695110 1.800000  -1.474405
12  1804.837404 2577.570660 1.180000  1.717244 4.259002 1.530000  -0.995196
13  1786.397045 2590.170846 0.817000  1.846642 4.178470 1.627000  2.246515
14  1797.876054 2560.847407 1.177000  0.823269 0.786464 1.674000  -1.064647
15  1797.962018 2642.139396 1.895000  2.268913 4.422014 1.638000  -2.329380

28  16  1538448758.048230
1764.849981 2610.706622 2.261686
1  1792.941832 2636.348548 1.543000  2.177444 4.495347 1.638000  -2.503896
2  1774.186625 2622.114421 0.869000  1.720930 4.460253 1.614000  1.215975
3  1771.157832 2607.336179 0.794000  1.877756 4.583821 1.578000  2.225300
4  1722.442659 2664.094864 1.914000  1.740580 5.300044 2.124000  2.138524
5  1780.127745 2620.640405 0.719000  1.900154 4.532273 1.614000  -2.090689
6  1773.522248 2611.439970 0.899000  2.124017 4.813405 1.560000  1.991964
7  1722.020448 2671.967856 1.803000  2.193177 4.233675 1.626000  2.107219
8  1783.757270 2587.339519 0.884000  1.970655 4.386157 1.754000  2.233720
9  1739.449266 2658.428116 1.479000  1.952389 5.502442 2.272000  -0.840133
10  1787.009361 2630.861048 1.208000  2.335389 4.570769 1.638000  -2.395856
11  1788.347962 2636.561267 1.409000  1.839930 4.481677 1.638000  0.757655
12  1813.677805 2563.546839 1.474000  2.314375 4.556196 1.800000  -1.377338
13  1805.991585 2576.487865 1.181000  2.023715 4.327332 1.530000  -0.855412
14  1781.452127 2595.842147 0.751000  1.760419 4.446196 1.627000  2.299839
15  1798.541739 2560.585032 1.136000  1.113945 1.087625 1.674000  -1.202938
16  1798.157769 2641.551753 2.158000  2.014761 4.353324 1.638000  -2.464144

29  16  1538448758.547578
1761.170754 2615.207313 2.255478
1  1793.121025 2636.403749 1.520000  2.005765 4.357626 1.638000  -2.462889
2  1775.627375 2624.237092 0.919000  1.915086 4.467704 1.614000  0.998620
3  1767.185898 2613.483595 0.755000  1.763738 4.609141 1.578000  2.263991
4  1719.313385 2667.322472 1.869000  2.451546 5.119413 2.124000  2.338686
5  1779.185463 2618.016453 0.708000  1.812839 4.486396 1.614000  -1.899673
6  1772.274483 2613.568445 0.907000  2.042897 4.498014 1.560000  1.846889
7  1714.917002 2677.277795 1.828000  1.860888 4.880435 1.626000  2.013744
8  1780.245520 2591.841472 0.824000  1.919777 4.484233 1.754000  2.270885
9  1741.916370 2656.353170 1.412000  1.794014 5.285734 2.272000  -0.692693
10  1786.619129 2630.778867 1.133000  1.848462 4.307758 1.638000  -2.436302
11  1791.175230 2639.866299 1.734000  2.203452 4.489390 1.638000  0.740984
12  1812.595038 2564.302263 1.465000  1.676989 5.569991 1.800000  -1.484099
13  1807.082880 2573.804630 1.181000  1.644277 4.617045 1.530000  -1.014351
14  1776.404435 2601.769647 0.724000  1.786834 4.395092 1.627000  2.265083
15  1798.870313 2559.478901 1.094000  0.034649 0.449399 1.674000  -1.038901
16  1798.320580 2641.714757 2.096000  1.998463 4.771993 1.638000  -2.447747

30  17  1538448759.047433
1757.509091 2619.752931 2.249608
1  1793.075318 2635.811924 1.427000  2.037403 4.530573 1.638000  -2.430678
2  1777.719176 2627.238393 0.819000  1.985662 4.572955 1.614000  0.927484
3  1762.392663 2618.936508 0.783000  1.936402 4.647148 1.578000  2.184806
4  1716.920011 2672.107786 1.823000  2.471329 5.291927 2.124000  2.277813
5  1779.407631 2615.053284 0.697000  1.795497 4.380882 1.614000  -1.537983
6  1772.278928 2616.411419 0.816000  1.987312 4.698959 1.560000  1.589011
7  1710.837232 2683.546586 1.853000  2.192651 4.310724 1.626000  2.277612
8  1777.039181 2595.712530 0.764000  2.152014 4.274278 1.754000  2.279454
9  1743.901870 2653.916800 1.346000  2.006494 5.004518 2.272000  -0.831808
10  1786.633180 2631.087671 1.058000  1.971631 4.214651 1.638000  -2.393495
11  1795.053111 2643.409231 1.884000  1.911245 4.550356 1.638000  0.676396
12  1813.048224 2563.837655 1.465000  1.411113 4.493386 1.800000  -1.368543
13  1706.826068 2709.723386 2.917000  3.594319 10.155828 3.094000  -0.735549
14  1809.226562 2571.968629 1.181000  1.604890 5.090935 1.530000  -1.034633
15  1771.627440 2607.624430 0.697000  1.837986 4.379374 1.627000  2.316328
16  1798.676380 2559.132776 1.052000  0.525448 0.805213 1.674000  -1.148973
17  1798.058151 2641.628605 1.934000  2.400618 4.505033 1.638000  -2.432450

31  17  1538448759.546758
1753.827230 2624.389860 2.245881
1  1792.646172 2636.142753 1.334000  2.197587 4.734759 1.638000  -2.345746
2  1779.639999 2629.733347 0.835000  1.883650 4.385852 1.614000  0.695421
3  1757.775083 2624.812353 0.811000  1.841450 4.551649 1.578000  2.258087
4  1712.718485 2676.161993 1.777000  1.841653 5.966954 2.124000  2.215681
5  1779.779169 2612.260368 0.686000  2.046204 4.386111 1.614000  -1.368134
6  1772.877009 2619.106555 0.724000  1.969854 4.513700 1.560000  1.361007
7  1708.289888 2687.144690 1.858000  1.848834 4.715777 1.626000  2.339599
8  1773.564998 2600.207941 0.704000  2.181683 4.503808 1.754000  2.235347
9  1746.514140 2651.157726 1.279000  1.840489 5.014047 2.272000  -0.936511
10  1786.776646 2630.623847 0.983000  2.057986 4.414256 1.638000  -2.368061
11  1799.817521 2646.902478 2.034000  2.236540 4.553098 1.638000  0.662106
12  1811.784673 2565.224463 1.465000  1.494312 4.919045 1.800000  -1.402722
13  1704.944089 2708.883090 2.917000  4.325935 9.682417 3.094000  -0.991243
14  1808.458194 2573.435005 1.198000  1.162399 4.421598 1.530000  -0.956519
15  1767.135161 2613.656014 0.671000  1.827938 4.183503 1.627000  2.238245
16  1799.586570 2557.763230 1.010000  0.554588 0.758692 1.674000  -1.206256
17  1798.102149 2641.739941 1.834000  2.121820 4.055124 1.638000  -2.423735

32  15  1538448760.047738
1750.088999 2629.094336 2.246409
1  1783.419361 2632.786395 0.852000  2.064858 4.633607 1.614000  0.816403
2  1753.304297 2630.208964 0.838000  1.766171 4.518178 1.578000  2.216289
3  1711.565968 2680.433240 1.744000  2.607557 4.990461 2.124000  2.327236
4  1781.444082 2610.200390 0.725000  1.852531 4.440330 1.614000  -1.088376
5  1774.449133 2622.296276 0.657000  2.005505 4.743665 1.560000  1.201556
6  1703.167513 2694.259687 1.862000  2.764057 4.597280 1.626000  2.320741
7  1769.312462 2604.890490 0.694000  2.201717 4.643901 1.754000  2.320671
8  1748.480405 2649.470507 1.212000  1.852802 4.992268 2.272000  -0.787894
9  1787.148162 2630.933950 0.975000  2.177176 4.363865 1.638000  -2.328194
10  1811.743364 2563.872299 1.465000  2.038228 4.413404 1.800000  -1.471662
11  1704.074206 2709.716098 2.788000  4.090095 9.561153 3.094000  -0.615466
12  1809.712575 2571.620945 1.215000  1.756435 4.561951 1.530000  -0.895489
13  1762.021137 2618.823396 0.661000  1.998209 4.463875 1.627000  2.315225
14  1798.777429 2557.127360 0.968000  0.304680 0.835240 1.674000  -1.201768
15  1797.482917 2641.337946 1.834000  1.986997 4.406002 1.638000  -2.427986

33  11  1538448760.548179
1746.297307 2633.915729 2.242812
1  1748.942240 2636.114375 0.866000  1.962286 4.458415 1.578000  2.265357
2  1708.581908 2684.918295 1.710000  2.216141 5.474785 2.124000  2.180020
3  1783.712107 2607.547646 0.739000  1.811183 4.475118 1.614000  -0.910315
4  1775.909406 2626.396905 0.590000  1.946552 4.487905 1.560000  1.041636
5  1697.364581 2700.445297 1.866000  2.342558 4.814514 1.626000  2.145407
6  1765.700112 2609.771582 0.684000  2.203760 4.234408 1.754000  2.258860
7  1750.604147 2646.749008 1.146000  1.957623 5.062130 2.272000  -0.864603
8  1786.702573 2630.372784 0.966000  2.027951 4.365443 1.638000  -2.518118
9  1705.512288 2710.641971 2.658000  3.871230 10.439447 3.094000  -0.855673
10  1757.398436 2625.167940 0.701000  1.883531 4.385451 1.627000  2.239661
11  1799.309712 2556.751667 0.926000  0.629827 1.025666 1.674000  -1.038731

34  10  1538448761.048087
1742.559213 2638.673004 2.246789
1  1744.420724 2641.627665 0.894000  1.804497 4.714182 1.578000  2.306225
2  1705.819155 2688.076191 1.677000  2.453488 5.011369 2.124000  2.261635
3  1786.186594 2603.067847 0.753000  1.890250 4.008036 1.614000  -0.958988
4  1778.640221 2629.664673 0.773000  2.352478 4.602861 1.560000  1.007019
5  1692.092030 2707.888476 1.853000  2.075879 5.102015 1.626000  2.178930
6  1761.618369 2614.698712 0.674000  1.987791 4.362275 1.754000  2.338603
7  1752.434834 2644.710792 1.079000  1.938607 5.116409 2.272000  -0.789097
8  1787.009634 2630.854067 0.958000  2.219126 4.441261 1.638000  -2.460430
9  1704.282116 2710.017916 2.529000  3.298383 9.107957 3.094000  -0.979710
10  1753.092391 2630.411602 0.691000  1.974510 4.539253 1.627000  2.213777

35  9  1538448761.548500
1738.778395 2643.436578 2.246669
1  1740.192399 2647.080527 0.922000  1.800284 4.306515 1.578000  2.271695
2  1700.752343 2691.948567 1.644000  1.793359 5.147807 2.124000  2.296538
3  1788.785935 2600.788980 0.767000  1.733300 4.487268 1.614000  -0.818640
4  1781.675504 2632.885385 0.956000  1.845596 4.536206 1.560000  0.789426
5  1690.147472 2712.151195 1.841000  2.296517 4.495369 1.626000  2.133490
6  1757.802638 2619.342317 0.664000  2.093793 4.210927 1.754000  2.263531
7  1754.139759 2642.747066 0.979000  1.981963 4.970246 2.272000  -0.902713
8  1707.561440 2708.986790 2.400000  4.045203 9.718236 3.094000  -0.983859
9  1748.542926 2635.800265 0.681000  1.893267 4.457491 1.627000  2.207296

36  8  1538448762.048350
1735.035269 2648.168377 2.245865
1  1735.315962 2652.725753 0.938000  1.887430 4.572457 1.578000  2.222698
2  1698.690405 2696.295424 1.610000  2.273070 5.347310 2.124000  2.313951
3  1791.024132 2596.891690 0.731000  1.514317 5.177125 1.614000  -1.027074
4  1683.411310 2718.538603 1.828000  2.534405 4.042863 1.626000  2.448791
5  1753.967648 2624.079343 0.664000  2.006796 4.660586 1.754000  2.343158
6  1755.631123 2641.378347 0.879000  1.871366 5.122594 2.272000  -0.897129
7  1708.268766 2708.629448 2.271000  4.220114 9.045233 3.094000  -0.970735
8  1744.266273 2641.307158 0.671000  1.899703 4.501398 1.627000  2.241038

37  9  1538448762.547686
1731.301590 2652.922033 2.240229
1  1731.230341 2658.207323 0.955000  1.918902 4.407581 1.578000  2.298505
2  1696.125446 2700.937174 1.577000  2.087341 5.037195 2.124000  2.205698
3  1794.365336 2593.913889 0.696000  1.744612 3.472619 1.614000  -0.810546
4  1678.974674 2724.661403 1.816000  1.437823 5.453209 1.626000  2.282876
5  1750.516265 2628.812222 0.664000  2.018239 4.560184 1.754000  2.254892
6  1756.722984 2639.796013 0.779000  1.802165 4.915470 2.272000  -0.878593
7  1707.590028 2707.344040 2.141000  3.611662 9.508363 3.094000  -1.062727
8  1739.937295 2646.586759 0.694000  1.811681 4.453286 1.627000  2.246148
9  1786.259761 2586.414538 0.992000  2.775901 4.781062 2.000000  2.484386

38  9  1538448763.047541
1727.595662 2657.631613 2.239275
1  1726.683157 2663.629434 0.972000  1.810486 4.472663 1.578000  2.212083
2  1691.827795 2703.576073 1.544000  2.373123 4.892807 2.124000  2.214298
3  1795.482591 2590.589033 0.660000  2.300886 4.888871 1.614000  -0.649725
4  1677.846543 2727.646388 1.773000  2.423068 5.165967 1.626000  2.393437
5  1746.357574 2633.926556 0.664000  2.056373 4.520010 1.754000  2.192126
6  1757.917702 2637.737406 0.679000  2.059676 5.366082 2.272000  -0.900513
7  1709.290532 2705.802708 2.012000  3.733078 9.493488 3.094000  -1.017327
8  1735.921372 2652.096749 0.718000  1.838805 4.208403 1.627000  2.309417
9  1782.272088 2593.034081 0.806000  2.058567 5.292934 2.000000  2.329036

39  8  1538448763.547987
1723.884205 2662.378053 2.234531
1  1722.461615 2669.697500 0.947000  1.779168 4.580661 1.578000  2.275089
2  1688.812647 2708.120211 1.510000  2.994638 5.543018 2.124000  2.249453
3  1675.276398 2733.761901 1.731000  1.994286 4.949500 1.626000  2.104363
4  1742.213824 2638.699449 0.664000  1.834201 4.365255 1.754000  2.230320
5  1758.781308 2636.648187 0.579000  1.623490 5.003209 2.272000  -0.874247
6  1709.499953 2704.557786 1.912000  3.656622 9.235305 3.094000  -0.936106
7  1731.083189 2657.571189 0.741000  2.093023 4.419083 1.627000  2.278969
8  1779.734879 2597.926692 0.856000  2.133263 5.745039 2.000000  2.322135

40  8  1538448764.047314
1720.264572 2667.071990 2.228248
1  1718.279725 2675.248764 0.922000  1.703687 4.548926 1.578000  2.236203
2  1686.412684 2711.528748 1.477000  2.309741 5.513939 2.124000  2.432936
3  1671.980930 2737.449658 1.689000  1.958174 3.966487 1.626000  2.237166
4  1738.713511 2643.683266 0.664000  2.049112 4.419329 1.754000  2.236316
5  1760.659025 2634.946770 0.479000  1.799492 5.451306 2.272000  -0.713279
6  1710.575294 2703.183313 1.912000  3.565922 9.430417 3.094000  -1.038128
7  1727.459413 2662.868670 0.748000  1.958742 4.493944 1.627000  2.291895
8  1775.312135 2601.802731 0.906000  1.552927 4.768969 2.000000  2.409564

