40
1  21  1538448744.447639
1871.025039 2484.322483 2.297763
1  1901.606549 2499.792917 1.040000  2.160333 4.805579 1.617000  -0.804183
2  1915.963985 2466.651236 1.443000  1.740174 4.420176 1.756000  -0.887743
3  1843.287905 2538.054738 -0.551000  2.091282 5.481129 1.998000  -0.870328
4  1869.690988 2475.986149 1.039000  0.884823 0.774941 1.715000  2.301080
5  1865.880847 2481.139461 0.817000  0.779641 0.975151 1.658000  2.226633
6  1903.759239 2453.557839 2.215000  1.927706 4.646480 1.578000  2.427914
7  1855.778094 2492.551146 0.267000  0.916055 0.834518 1.658000  2.270577
8  1886.597968 2454.739871 1.962000  1.571344 0.678337 0.994000  0.748956
9  1918.403519 2509.965213 1.590000  3.727045 6.860799 2.217000  -1.865724
10  1913.444175 2505.217992 1.590000  2.592906 6.752358 2.217000  -1.922064
11  1873.273048 2506.676933 1.517000  3.044499 12.991777 4.581000  -0.849237
12  1897.562522 2455.988055 2.158000  1.937278 4.523913 1.754000  2.343638
13  1856.610215 2517.364338 -0.357000  1.628592 4.478096 1.474000  -0.849279
14  1877.200173 2506.663669 0.051000  1.779177 4.453718 1.704000  -0.811196
15  1922.686650 2503.688076 1.421000  2.216461 4.752697 1.591000  -1.062101
16  1867.730396 2505.886840 0.112000  2.070672 4.379418 1.527000  -0.825718
17  1909.278969 2491.475853 1.248000  1.854638 4.382866 1.865000  -0.719408
18  1928.811935 2425.124943 3.229000  1.810079 5.108289 1.627000  2.225730
19  1860.215659 2488.371363 0.617000  0.956649 0.737106 1.658000  2.247396
20  1859.124053 2487.945986 0.477000  0.745298 0.846179 1.658000  2.241782
21  1909.750326 2510.752490 0.965000  2.864999 5.674281 2.000000  -1.899889

2  22  1538448745.047596
1866.007521 2490.110455 2.283708
1  1901.041822 2500.033005 1.240000  1.978139 4.379397 1.617000  -0.714250
2  1920.855490 2460.754504 2.043000  2.654837 4.437895 1.756000  -0.893185
3  1847.951690 2533.119701 -0.252000  1.835193 6.055696 1.998000  -0.749949
4  1869.241557 2476.514746 1.389000  0.981267 0.719941 1.715000  2.235881
5  1865.637065 2481.595099 1.031000  0.851482 0.738872 1.658000  2.259722
6  1897.033209 2460.438208 2.156000  1.660607 4.355963 1.578000  2.211744
7  1855.201414 2493.611565 0.467000  0.707890 1.059981 1.658000  2.266032
8  1806.957982 2558.944847 -0.854000  1.795251 5.748763 2.124000  2.060408
9  1886.485127 2454.915921 2.234000  1.857376 0.668083 0.994000  0.792017
10  1836.391183 2531.158347 -0.600000  1.818938 4.559734 1.626000  2.182303
11  1876.683938 2503.950353 1.833000  2.965493 13.005633 4.581000  -0.679129
12  1892.881136 2460.842426 2.146000  2.189499 4.453503 1.754000  2.253388
13  1862.260659 2511.825653 0.166000  1.650319 4.308823 1.474000  -0.811243
14  1873.147321 2515.053783 1.315000  0.444305 0.210182 2.000000  2.460623
15  1877.408056 2506.662065 0.294000  1.932911 4.261107 1.704000  -0.731003
16  1873.348961 2500.819057 0.496000  1.940122 4.460856 1.527000  -0.789652
17  1814.033395 2566.046360 -0.995000  1.425772 4.400958 1.800000  -1.594301
18  1923.749406 2432.541111 3.240000  2.033458 4.295236 1.627000  2.317027
19  1859.745195 2489.124888 0.667000  1.026448 0.965526 1.658000  2.232708
20  1858.968271 2488.692528 0.717000  0.736467 0.792113 1.658000  2.196445
21  1862.410245 2529.775233 -0.402000  0.195626 0.506472 1.784000  2.474331
22  1820.096578 2550.619197 -0.579000  1.451936 4.653045 1.794000  2.118026

3  21  1538448745.547460
1861.845227 2495.029090 2.275284
1  1901.489286 2499.872452 1.407000  2.154306 4.430882 1.617000  -0.763323
2  1851.562369 2528.716761 0.148000  2.109638 5.914725 1.998000  -0.776744
3  1868.639103 2477.137590 1.530000  0.894236 0.652463 1.715000  2.279809
4  1865.149537 2482.083226 1.210000  0.777201 0.673548 1.658000  2.261809
5  1893.348030 2466.287710 2.107000  1.975127 4.728613 1.578000  2.269579
6  1854.489949 2494.206117 0.634000  0.868988 0.671469 1.658000  2.261050
7  1804.478227 2564.512276 -0.725000  1.617196 5.264415 2.124000  2.184229
8  1886.303721 2454.756388 2.268000  1.888689 0.460396 0.994000  0.937047
9  1831.819337 2535.678254 -0.475000  2.083043 4.479154 1.626000  2.090753
10  1879.191313 2501.077699 2.095000  2.752116 13.163361 4.581000  -0.694657
11  1887.670816 2466.038086 2.137000  1.875984 4.309205 1.754000  2.387963
12  1866.961397 2507.168077 0.450000  1.620483 4.629640 1.474000  -0.788591
13  1872.451254 2515.818627 1.315000  0.424299 0.248010 2.000000  2.420440
14  1877.088130 2506.268675 0.497000  1.964173 4.159178 1.704000  -0.543244
15  1877.037671 2496.936675 0.808000  2.022089 4.645687 1.527000  -0.709295
16  1813.214212 2564.840443 -0.745000  1.907973 4.542429 1.800000  -1.512753
17  1918.070460 2440.405648 3.250000  1.642449 3.911519 1.627000  2.297702
18  1859.254621 2490.102376 0.855000  0.751974 0.756468 1.658000  2.286985
19  1858.278175 2489.252686 0.917000  0.679987 0.784071 1.658000  2.250922
20  1862.098574 2530.760874 -0.206000  0.325187 0.367075 1.784000  2.411464
21  1817.758085 2552.832092 -0.479000  1.817601 4.109350 1.794000  2.108335

4  23  1538448746.047898
1857.672347 2500.000981 2.275335
1  1901.073961 2500.343957 1.574000  2.218782 4.415749 1.617000  -0.710432
2  1855.462408 2523.808926 0.447000  2.022120 5.770901 1.998000  -0.823457
3  1868.052893 2477.300395 1.722000  0.910172 0.884274 1.715000  2.273206
4  1816.764901 2539.742712 0.058000  0.658548 1.637399 1.619000  2.805370
5  1864.582593 2483.312327 1.389000  0.906764 0.597567 1.658000  2.274494
6  1887.733944 2470.864755 2.057000  1.670805 4.340287 1.578000  2.286566
7  1854.082728 2494.947123 0.801000  0.925300 0.859362 1.658000  2.250359
8  1852.709727 2564.087896 -0.443000  1.440978 4.653989 1.816000  2.738115
9  1800.803245 2566.424449 -0.596000  2.195418 5.367646 2.124000  2.082997
10  1887.231142 2454.493130 2.301000  1.869487 0.976005 0.994000  0.781056
11  1827.464260 2539.513086 -0.350000  1.517152 4.617581 1.626000  2.165887
12  1881.916781 2499.424846 2.408000  2.885288 12.912403 4.581000  -0.663955
13  1883.081282 2470.014463 2.128000  1.704928 4.175349 1.754000  2.178223
14  1871.441247 2502.469158 0.904000  1.602249 4.454954 1.474000  -0.876880
15  1872.063691 2516.722168 1.315000  0.362324 0.306589 2.000000  2.389019
16  1877.462943 2506.750377 0.700000  1.881283 4.369358 1.704000  -0.583861
17  1880.593770 2493.895663 1.271000  1.724943 4.590516 1.527000  -0.744325
18  1812.462134 2564.821058 -0.577000  1.667721 4.550057 1.800000  -1.377754
19  1912.175284 2445.121858 3.259000  2.363207 4.154044 1.627000  2.357622
20  1858.454005 2490.648186 1.042000  0.849623 0.469917 1.658000  2.269446
21  1858.008170 2489.733018 1.117000  0.624336 0.860953 1.658000  2.263781
22  1861.689032 2530.807019 -0.009000  0.362084 0.467434 1.784000  2.396252
23  1813.003922 2556.758266 -0.279000  2.660588 4.523865 1.794000  2.348579

5  23  1538448746.548329
1853.526857 2504.938821 2.274143
1  1900.987092 2500.341253 1.741000  2.135246 4.415316 1.617000  -0.752341
2  1859.460715 2519.405341 0.647000  2.181232 5.619880 1.998000  -0.905121
3  1867.430590 2478.627712 1.939000  0.824617 0.840156 1.715000  2.224064
4  1816.221910 2540.926489 0.173000  0.528953 1.804786 1.619000  2.784523
5  1864.478749 2483.574274 1.567000  1.004755 0.568121 1.658000  2.281758
6  1811.154579 2574.469893 -0.473000  1.700094 5.100584 1.592000  -0.947280
7  1882.404478 2477.033527 2.008000  1.818156 4.433802 1.578000  2.306561
8  1853.500461 2495.602969 0.968000  0.821843 0.749713 1.658000  2.257263
9  1852.388895 2563.970219 -0.743000  1.564413 4.370035 1.816000  2.704454
10  1796.958024 2571.943205 -0.433000  1.631399 5.833595 2.124000  2.001829
11  1823.763322 2545.500874 -0.226000  2.287328 4.609019 1.626000  2.234792
12  1884.608347 2497.835094 2.721000  3.109300 12.921574 4.581000  -0.667340
13  1878.858932 2475.522452 2.118000  2.133173 4.502539 1.754000  2.307466
14  1875.513570 2497.786279 1.282000  1.695171 4.311096 1.474000  -0.855567
15  1871.719411 2516.773065 1.315000  0.539325 0.424768 2.000000  2.447446
16  1877.069431 2506.682365 0.903000  1.755937 4.485690 1.704000  -0.623305
17  1884.039461 2490.666871 1.583000  1.964674 4.800034 1.527000  -0.650217
18  1812.718483 2564.373179 -0.408000  2.314857 4.653834 1.800000  -1.434836
19  1906.557691 2452.338235 3.159000  1.773875 3.870361 1.627000  2.360618
20  1858.081672 2491.348523 1.230000  0.816502 0.796216 1.658000  2.322572
21  1857.634492 2490.048764 1.317000  0.891679 0.898066 1.658000  2.295126
22  1860.923844 2531.549023 0.187000  0.241227 0.232031 1.784000  2.483125
23  1809.068615 2563.698528 -0.154000  2.382457 4.829420 1.794000  2.252905

6  22  1538448747.047643
1849.483235 2509.788658 2.275296
1  1863.332875 2514.513825 1.135000  2.081991 5.713371 1.998000  -0.774228
2  1866.915937 2478.947494 2.106000  0.891444 0.802725 1.715000  2.236432
3  1816.038624 2540.662091 0.288000  0.788990 2.192916 1.619000  2.784386
4  1863.900008 2484.449315 1.747000  0.736420 0.706779 1.658000  2.287239
5  1814.774796 2570.769697 -0.296000  1.887026 5.153098 1.592000  -0.791580
6  1877.546253 2482.374775 1.996000  1.994750 4.532434 1.578000  2.269973
7  1853.328515 2495.937644 1.147000  0.752301 0.639444 1.658000  2.268898
8  1852.105274 2564.465178 -0.617000  1.797251 4.301631 1.816000  2.523968
9  1793.906483 2576.662224 -0.271000  3.025814 5.112672 2.124000  2.414567
10  1820.265133 2549.028239 -0.101000  2.000070 4.875641 1.626000  2.297146
11  1886.757582 2496.360343 2.934000  2.758399 13.076379 4.581000  -0.527883
12  1874.741607 2479.487253 2.168000  2.151970 4.508253 1.754000  2.355159
13  1879.324865 2494.213473 1.659000  1.525251 4.220361 1.474000  -0.788584
14  1871.050850 2517.380250 1.315000  0.389639 0.247304 2.000000  2.377698
15  1877.063767 2507.121794 1.105000  1.893527 4.213056 1.704000  -0.642736
16  1887.516371 2487.630187 1.995000  2.210604 4.430213 1.527000  -0.649289
17  1812.710427 2564.951661 -0.240000  1.609442 5.103241 1.800000  -1.556675
18  1900.611223 2458.866434 3.059000  2.341165 4.699729 1.627000  2.294027
19  1857.770907 2492.263563 1.417000  0.865633 0.693625 1.658000  2.199115
20  1857.050696 2491.050289 1.517000  0.789969 0.985005 1.658000  2.230028
21  1860.426916 2532.126859 0.383000  0.277853 0.661331 1.784000  2.403598
22  1805.571475 2568.090030 -0.030000  2.215359 4.490477 1.794000  2.122763

7  23  1538448747.547529
1845.474247 2514.577152 2.274387
1  1868.708291 2510.267390 1.561000  2.048302 5.770151 1.998000  -0.792657
2  1867.015820 2479.378049 1.997000  0.953900 0.851417 1.715000  2.248443
3  1815.001388 2541.224022 0.504000  0.717312 2.076858 1.619000  2.643729
4  1863.638467 2484.449500 1.976000  0.774243 0.684943 1.658000  2.322899
5  1816.994622 2566.221202 -0.119000  1.568954 4.648105 1.592000  -0.880367
6  1871.868050 2487.979946 1.983000  1.786499 4.459940 1.578000  2.286405
7  1852.825544 2496.508353 1.326000  0.820667 0.674284 1.658000  2.243992
8  1852.755834 2564.875061 -0.492000  1.828253 4.384558 1.816000  2.650245
9  1790.283542 2580.712439 -0.108000  1.858683 5.600024 2.124000  1.919641
10  1814.928460 2554.440780 -0.006000  1.548498 4.576932 1.626000  2.293668
11  1889.150053 2494.298635 3.146000  2.837005 12.944659 4.581000  -0.616070
12  1870.573058 2484.386210 2.218000  2.150068 4.457917 1.754000  2.307038
13  1883.381185 2489.060761 2.037000  1.761611 4.397313 1.474000  -0.879396
14  1870.645715 2517.555337 1.315000  0.365947 0.514162 2.000000  2.445439
15  1877.117544 2506.284412 1.308000  1.864935 4.276862 1.704000  -0.608603
16  1827.382276 2593.998465 0.840000  1.248973 3.945957 1.550000  -1.794117
17  1891.186567 2484.893977 2.407000  1.784144 4.418831 1.527000  -0.680988
18  1813.686376 2564.563269 -0.072000  2.124853 4.856709 1.800000  -1.520019
19  1893.490007 2464.253990 2.959000  0.831995 4.336690 1.627000  2.411203
20  1856.545802 2492.827364 1.634000  0.893954 0.788333 1.658000  2.255828
21  1857.072571 2491.233934 1.667000  0.744157 0.668937 1.658000  2.318773
22  1859.386013 2532.694863 0.480000  0.260852 0.458446 1.784000  2.440579
23  1801.219967 2574.125451 0.095000  2.330772 4.974628 1.794000  2.413961

8  24  1538448748.047387
1841.544434 2519.249550 2.278081
1  1872.577060 2504.979150 1.909000  2.094499 5.729949 1.998000  -0.802302
2  1823.365341 2571.587902 0.101000  0.741885 0.820517 1.739000  -1.075311
3  1813.253175 2572.084121 -0.038000  2.064638 4.903680 1.653000  -0.778603
4  1814.193362 2541.833081 0.719000  0.772855 2.059528 1.619000  2.566013
5  1863.301685 2485.085601 1.981000  0.660328 0.855357 1.658000  2.240223
6  1820.350567 2564.299517 0.009000  1.987668 4.731205 1.592000  -0.789612
7  1866.829467 2493.843624 1.896000  1.732933 4.516515 1.578000  2.241866
8  1852.191051 2497.333874 1.505000  0.850751 0.754941 1.658000  2.283938
9  1852.460694 2564.105903 -0.366000  1.846505 4.292460 1.816000  2.637445
10  1787.882108 2583.031200 0.054000  2.397435 5.156097 2.124000  2.212700
11  1811.371570 2559.047895 0.089000  2.212103 4.936883 1.626000  2.242264
12  1890.311267 2492.434851 3.409000  3.262464 12.240319 4.581000  -0.654914
13  1866.849972 2489.319378 2.269000  2.153166 4.391165 1.754000  2.242720
14  1887.233233 2484.323935 2.456000  1.697349 4.986276 1.474000  -1.018873
15  1870.123511 2517.920214 1.315000  0.391173 0.390232 2.000000  2.489658
16  1876.587995 2507.141360 1.511000  1.738469 4.175950 1.704000  -0.652658
17  1826.428443 2594.892238 0.795000  2.480088 4.235384 1.550000  -2.089978
18  1894.731130 2482.743583 2.669000  1.948506 4.320591 1.527000  -0.584107
19  1812.772638 2565.053056 0.097000  2.312636 4.620100 1.800000  -1.495634
20  1887.021448 2471.630213 2.860000  1.699036 4.319461 1.627000  2.509231
21  1856.409675 2493.240838 1.850000  0.633493 0.794094 1.658000  2.280047
22  1856.466198 2491.855299 1.817000  0.949462 0.935018 1.658000  2.209241
23  1858.908407 2533.158036 0.776000  0.236560 0.479580 1.784000  2.416469
24  1795.308837 2581.383982 0.220000  1.687644 4.015411 1.794000  2.191186

9  24  1538448748.547277
1837.580042 2523.927954 2.280236
1  1876.461884 2500.660689 2.207000  1.920903 5.514085 1.998000  -0.852651
2  1824.679369 2570.742385 0.205000  0.811228 0.577625 1.739000  -0.902693
3  1816.266689 2566.462560 0.124000  1.712447 4.587008 1.653000  -0.942111
4  1813.439720 2542.405064 0.884000  0.754420 2.062874 1.619000  2.495487
5  1861.713701 2485.826410 2.136000  0.690237 0.578129 1.658000  2.279569
6  1822.911020 2561.559473 0.236000  2.068112 4.975987 1.592000  -0.860751
7  1862.152804 2499.370732 1.842000  1.840900 4.566725 1.578000  2.227163
8  1851.679682 2497.757152 1.684000  0.884984 0.817670 1.658000  2.252034
9  1853.024809 2564.457697 -0.241000  2.242182 4.204833 1.816000  2.731802
10  1783.684177 2587.219160 0.217000  2.174014 5.428034 2.124000  2.325022
11  1808.300828 2563.916975 0.185000  2.074255 4.365185 1.626000  2.190782
12  1893.366711 2491.929217 3.672000  2.509618 12.295992 4.581000  -0.714699
13  1862.797524 2494.259913 2.219000  2.221152 4.401601 1.754000  2.189768
14  1892.219574 2479.939553 2.875000  1.807543 4.250866 1.474000  -0.618807
15  1869.271664 2518.922942 1.315000  0.393706 0.390188 2.000000  2.406320
16  1876.826611 2506.615966 1.714000  1.874519 4.174912 1.704000  -0.539123
17  1826.897421 2592.642395 0.750000  1.571960 4.902307 1.550000  -1.972960
18  1896.864020 2481.594127 2.982000  2.013445 4.748214 1.527000  -0.607897
19  1813.001474 2564.822603 0.265000  1.718381 4.675817 1.800000  -1.369918
20  1881.817508 2477.712253 2.760000  2.001585 4.341331 1.627000  2.325746
21  1855.869880 2494.107546 2.067000  0.980123 0.828849 1.658000  2.227336
22  1856.121738 2492.504762 1.967000  0.746853 0.686271 1.658000  2.239995
23  1858.615218 2533.742198 0.973000  0.263747 0.301041 1.784000  2.478816
24  1790.787235 2585.385290 0.345000  2.603973 4.216168 1.794000  2.039955

10  26  1538448749.047731
1833.692810 2528.518701 2.277767
1  1880.374166 2496.473013 2.674000  2.209520 5.414760 1.998000  -0.791956
2  1824.870812 2570.942455 0.309000  0.796849 0.665251 1.739000  -0.936048
3  1820.326862 2561.459714 0.325000  1.899077 4.832932 1.653000  -0.868993
4  1812.606105 2542.638178 1.050000  0.578963 2.183165 1.619000  2.418265
5  1861.685330 2486.679464 2.291000  0.597553 0.698012 1.658000  2.312839
6  1826.599433 2556.956792 0.405000  1.979244 4.829379 1.592000  -0.868219
7  1856.395286 2505.252070 1.788000  1.859996 4.534262 1.578000  2.187049
8  1851.156410 2498.349943 1.863000  0.903727 0.747046 1.658000  2.280686
9  1852.834126 2564.296919 -0.090000  2.062374 4.325748 1.816000  2.708982
10  1781.392379 2590.800774 0.380000  2.307425 5.030236 2.124000  2.133445
11  1803.943186 2568.691152 0.218000  1.857232 4.189120 1.626000  2.277713
12  1893.758506 2491.205146 3.935000  2.513992 12.787991 4.581000  -0.691718
13  1859.256455 2498.679193 2.169000  2.108241 4.527580 1.754000  2.224719
14  1795.839117 2591.769542 0.411000  1.741339 4.701014 1.729000  -0.823451
15  1896.494312 2476.651026 3.269000  1.790776 4.701652 1.474000  -0.727598
16  1868.850421 2519.213511 1.315000  0.351776 0.444152 2.000000  2.387126
17  1878.416790 2506.820835 1.917000  1.864182 4.040820 1.704000  -0.735011
18  1825.579464 2593.092146 0.705000  1.539645 4.227717 1.550000  -1.916896
19  1899.083661 2479.046661 3.294000  1.994884 4.359414 1.527000  -0.738356
20  1813.241962 2564.995146 0.375000  1.813223 5.128860 1.800000  -1.487746
21  1875.776075 2483.978609 2.690000  1.885632 4.807466 1.627000  2.443715
22  1855.212197 2494.308175 2.284000  0.609245 0.981895 1.658000  2.264647
23  1791.629772 2569.034089 0.335000  0.805508 0.742999 1.674000  -0.799378
24  1855.712143 2493.592819 2.117000  0.817037 0.922622 1.658000  2.246033
25  1857.541401 2534.078562 1.169000  0.532303 0.502859 1.784000  2.388303
26  1787.095431 2591.171644 0.470000  1.735963 4.250333 1.794000  2.098144

11  26  1538448749.547584
1829.800044 2533.092592 2.281076
1  1884.304420 2492.007926 2.940000  1.928282 5.429428 1.998000  -0.780673
2  1825.033343 2570.152249 0.414000  0.791532 0.939408 1.739000  -0.975960
3  1825.062548 2554.980518 0.499000  1.786052 5.081962 1.653000  -0.920592
4  1812.028214 2543.532462 1.065000  0.749853 1.949504 1.619000  2.349399
5  1860.534031 2487.501979 2.445000  0.862030 0.687904 1.658000  2.302750
6  1829.896679 2552.983724 0.579000  2.008336 4.767835 1.592000  -0.848471
7  1851.745568 2510.986638 1.734000  1.807815 4.347423 1.578000  2.245289
8  1850.903657 2498.988615 2.042000  0.633678 0.721944 1.658000  2.222341
9  1852.118658 2564.059266 0.161000  1.909778 4.360263 1.816000  2.676929
10  1777.059558 2596.875969 0.409000  1.803464 4.743838 2.124000  2.109893
11  1798.963484 2573.504419 0.252000  2.538562 4.999273 1.626000  2.169676
12  1895.829711 2490.072007 4.197000  2.581710 12.675680 4.581000  -0.729135
13  1811.566509 2571.331215 0.345000  1.918143 4.590632 1.543000  -0.819769
14  1854.994140 2503.035604 2.119000  2.178334 4.391774 1.754000  2.194939
15  1800.250556 2585.775866 0.436000  2.316302 4.419303 1.729000  -0.768653
16  1867.777186 2519.861515 1.315000  0.646096 0.489557 2.000000  2.443823
17  1877.479851 2506.358340 2.119000  1.838497 4.355684 1.704000  -0.495539
18  1826.089072 2594.620032 0.660000  2.284037 4.860961 1.550000  -1.949244
19  1808.177987 2534.071636 2.172000  0.517546 0.656209 1.762000  -0.992474
20  1812.621519 2564.969617 0.485000  1.930903 4.540145 1.800000  -1.573465
21  1870.555396 2490.253963 2.620000  2.043556 4.045545 1.627000  2.264403
22  1854.055181 2495.865508 2.501000  0.904786 0.358129 1.658000  2.334586
23  1791.165190 2569.323921 0.293000  0.970150 0.910423 1.674000  -0.943489
24  1855.274783 2493.966319 2.266000  0.639821 0.562325 1.658000  2.373227
25  1857.162858 2535.107879 1.304000  0.224123 0.434603 1.784000  2.457704
26  1781.759056 2596.067057 0.595000  1.573944 5.055880 1.794000  2.334953

12  28  1538448750.047463
1825.949617 2537.594288 2.283649
1  1887.273324 2488.517374 3.557000  2.362661 4.764411 1.998000  -0.977657
2  1825.637170 2569.356800 0.518000  0.613721 0.732180 1.739000  -0.880423
3  1829.698463 2549.040587 0.673000  1.771412 4.863198 1.653000  -0.856929
4  1811.391162 2543.914004 0.950000  0.838600 2.177765 1.619000  2.344931
5  1860.764122 2487.694541 2.600000  0.753482 0.967994 1.658000  2.019186
6  1833.284820 2548.888248 0.709000  1.860758 4.868687 1.592000  -0.918981
7  1846.792045 2516.627924 1.546000  1.845413 4.388651 1.578000  2.284992
8  1850.276895 2499.263923 2.222000  0.823964 0.765227 1.658000  2.332188
9  1852.343973 2563.989013 0.411000  1.840386 4.457135 1.816000  2.781165
10  1775.330542 2600.731073 0.438000  2.547850 4.710987 2.124000  2.105183
11  1795.559760 2577.386330 0.285000  2.155264 4.405395 1.626000  2.153196
12  1791.382049 2516.008350 3.324000  2.114464 4.123345 1.868000  0.777132
13  1894.777074 2489.240812 4.460000  2.801447 12.233532 4.581000  -0.701147
14  1815.553683 2567.730222 0.383000  1.853270 4.784687 1.543000  -0.888951
15  1851.301476 2508.182379 2.069000  2.076433 4.497299 1.754000  2.314939
16  1804.830418 2579.880850 0.461000  2.064295 4.708818 1.729000  -0.778815
17  1867.859671 2520.675104 1.315000  0.521063 0.074703 2.000000  2.486182
18  1877.183190 2506.693709 2.322000  1.673646 4.217544 1.704000  -0.662279
19  1825.589435 2594.438577 0.615000  2.101885 4.512787 1.550000  -1.877114
20  1808.190005 2533.612654 2.122000  0.652995 0.565474 1.762000  -0.944119
21  1812.704742 2564.718847 0.512000  2.048991 4.514519 1.800000  -1.494909
22  1863.907366 2497.396733 2.550000  1.642585 4.993659 1.627000  2.169667
23  1853.062921 2495.531269 2.717000  0.534094 0.698180 1.658000  2.251396
24  1791.845424 2568.291479 0.252000  0.774593 0.497130 1.674000  -0.887324
25  1854.762407 2494.859967 2.416000  0.895324 1.205370 1.658000  2.219039
26  1856.836929 2535.337355 1.427000  0.601974 0.303815 1.784000  2.484133
27  1775.688052 2603.064221 0.720000  2.325859 4.886210 1.794000  2.157327
28  1791.187407 2567.980450 0.202000  0.498984 0.584022 1.674000  -0.947027

13  26  1538448750.547877
1822.143624 2542.126210 2.275187
1  1891.929759 2482.968015 3.273000  2.818428 5.812555 1.998000  -0.976225
2  1825.293100 2569.278878 0.434000  0.899892 0.893338 1.739000  -0.928622
3  1834.622101 2543.371079 0.849000  1.743728 4.849790 1.653000  -0.829380
4  1810.698180 2544.326503 0.936000  0.688501 1.965761 1.619000  2.326759
5  1860.326573 2487.941405 2.755000  0.668857 0.753038 1.658000  2.249633
6  1837.174282 2544.061786 0.893000  2.210184 4.676137 1.592000  -0.856659
7  1841.982551 2522.607872 1.359000  1.965102 4.369816 1.578000  2.201874
8  1850.634104 2500.307205 2.401000  0.974964 1.168413 1.658000  2.218188
9  1771.611259 2604.832124 0.467000  1.180102 5.284659 2.124000  2.440153
10  1779.335204 2604.364727 0.357000  1.384367 4.649275 1.560000  2.183546
11  1790.559305 2584.335422 0.311000  2.247887 4.370988 1.626000  2.263386
12  1793.058387 2518.282841 3.174000  1.734099 4.103019 1.868000  0.803220
13  1896.376315 2487.353126 4.723000  2.874531 13.134615 4.581000  -0.686525
14  1819.477315 2562.241784 0.422000  1.996943 4.650127 1.543000  -0.889128
15  1846.475722 2512.884856 1.969000  2.291991 4.474529 1.754000  2.231862
16  1809.724239 2574.122905 0.486000  2.194674 4.840816 1.729000  -0.801320
17  1867.459342 2521.409931 1.315000  0.549828 0.463976 2.000000  2.438626
18  1877.166744 2506.967612 2.525000  2.152920 4.080915 1.704000  -0.395350
19  1826.649914 2594.691684 0.570000  2.142045 4.032918 1.550000  -1.987399
20  1808.065568 2533.621271 1.922000  0.482875 0.755296 1.762000  -0.982025
21  1813.328133 2564.887987 0.539000  1.783960 4.663080 1.800000  -1.509841
22  1858.656909 2504.032993 2.370000  1.802025 4.247734 1.627000  2.176704
23  1854.008144 2495.289153 2.909000  0.632704 0.851813 1.658000  2.185307
24  1792.355808 2567.924710 0.260000  0.766248 0.662291 1.674000  -0.991554
25  1856.533137 2535.755895 1.550000  0.274235 0.486061 1.784000  2.462639
26  1792.410384 2567.444688 0.202000  0.620264 0.774450 1.674000  -0.973489

14  23  1538448751.048300
1818.369341 2546.673266 2.267686
1  1897.070871 2480.917099 3.940000  2.990523 4.958717 1.998000  -0.869030
2  1826.123064 2568.718045 0.601000  0.777637 0.686775 1.739000  -0.973982
3  1839.228344 2537.472817 1.095000  1.877932 4.934614 1.653000  -0.900467
4  1810.014444 2544.419823 1.021000  0.575793 2.225594 1.619000  2.208607
5  1860.289654 2489.173465 2.910000  0.836933 0.806413 1.658000  2.288781
6  1840.484340 2540.329868 1.078000  1.935142 4.790419 1.592000  -0.833049
7  1837.163710 2528.434661 1.171000  1.858817 4.605112 1.578000  2.261790
8  1767.197927 2609.970580 0.555000  2.240014 5.135738 2.124000  2.588331
9  1779.939684 2603.064366 0.307000  2.080335 4.591862 1.560000  2.241687
10  1784.783622 2590.430748 0.337000  2.198471 4.601764 1.626000  2.292906
11  1896.843170 2487.993072 4.986000  2.965040 12.367932 4.581000  -0.466906
12  1824.591808 2555.854060 0.461000  2.076859 4.736438 1.543000  -0.927491
13  1842.631970 2518.962984 1.869000  2.059914 4.379022 1.754000  2.270907
14  1814.404713 2568.363070 0.511000  1.827721 4.763985 1.729000  -0.895712
15  1866.795092 2521.519041 1.315000  0.327834 0.291127 2.000000  2.360955
16  1877.211275 2506.781573 2.728000  1.537409 3.732347 1.704000  -0.615628
17  1825.798097 2593.032787 0.525000  2.027792 4.496584 1.550000  -1.993453
18  1812.880490 2564.762882 0.565000  1.946497 4.641354 1.800000  -1.496800
19  1853.073508 2510.434532 2.190000  2.035894 4.400820 1.627000  2.260381
20  1853.395960 2497.907470 3.101000  0.836230 0.585765 1.658000  2.424180
21  1792.783867 2567.411109 0.269000  0.691740 0.841659 1.674000  -0.967727
22  1856.472748 2537.027084 1.700000  0.087245 0.506372 1.784000  2.325814
23  1792.414546 2567.186733 0.252000  0.681645 0.747705 1.674000  -0.960734

15  21  1538448751.548178
1814.555501 2551.293658 2.271872
1  1826.313384 2568.749966 0.768000  0.816186 0.613490 1.739000  -0.901694
2  1844.423236 2531.420384 1.689000  1.746304 4.867868 1.653000  -0.791494
3  1809.834153 2545.424333 1.156000  0.899752 2.051722 1.619000  2.219575
4  1859.620961 2489.148598 3.064000  0.481853 0.815058 1.658000  2.369899
5  1844.638615 2536.788463 1.549000  1.933323 4.782969 1.592000  -0.824681
6  1832.063294 2534.397212 1.352000  1.826854 4.311472 1.578000  2.224646
7  1764.410394 2612.549673 0.643000  2.360264 5.583149 2.124000  2.339177
8  1779.175033 2603.900377 0.441000  1.608666 4.359079 1.560000  2.196716
9  1780.166234 2595.901884 0.363000  1.782845 4.647346 1.626000  2.097676
10  1897.028991 2488.308630 5.249000  2.624295 13.040054 4.581000  -0.825977
11  1829.036170 2550.344439 0.974000  1.719868 4.706380 1.543000  -0.901745
12  1839.015943 2523.693842 1.769000  2.115146 4.390580 1.754000  2.256058
13  1819.575606 2563.004570 0.761000  2.154697 4.736420 1.729000  -0.869796
14  1865.306373 2521.694396 1.315000  0.088265 0.197160 2.000000  2.463820
15  1876.301628 2507.905909 2.931000  2.272127 3.740339 1.704000  -0.692700
16  1826.330469 2593.333261 0.480000  1.514925 4.678472 1.550000  -2.053748
17  1813.027210 2564.824007 0.685000  2.033045 4.478900 1.800000  -1.518522
18  1847.392342 2517.223216 2.010000  2.160968 4.633631 1.627000  2.197547
19  1793.250888 2566.848320 0.452000  0.731656 0.920957 1.674000  -0.965890
20  1855.468529 2537.477800 1.851000  0.227913 0.905502 1.784000  2.360786
21  1792.262703 2566.387302 0.402000  0.647752 0.788404 1.674000  -0.970725

16  21  1538448752.048628
1810.715968 2555.862364 2.278652
1  1826.863647 2567.912849 0.934000  0.567355 0.795754 1.739000  -0.964963
2  1849.733202 2525.368444 1.985000  2.030832 4.735901 1.653000  -0.890311
3  1809.903721 2545.295641 1.317000  0.822382 2.190408 1.619000  2.274080
4  1859.633485 2489.594820 3.219000  0.682235 0.264344 1.658000  2.230464
5  1848.115563 2532.587081 1.813000  1.720752 4.712315 1.592000  -0.811415
6  1827.894887 2539.438415 1.232000  1.877267 4.410307 1.578000  2.286636
7  1760.758628 2615.190294 0.955000  2.500127 5.187814 2.124000  2.525002
8  1779.584591 2604.180521 0.574000  1.602665 4.578853 1.560000  2.170008
9  1774.963807 2602.569213 0.548000  1.860695 4.900191 1.626000  2.174944
10  1897.153601 2487.456709 5.512000  2.202355 13.470346 4.581000  -0.435791
11  1834.228797 2544.250081 1.288000  1.899701 4.641727 1.543000  -0.929888
12  1834.546437 2528.145461 1.669000  1.987896 4.160441 1.754000  2.312002
13  1823.877902 2556.720702 1.011000  1.902363 4.550316 1.729000  -0.824780
14  1864.942565 2522.145101 1.315000  0.799324 0.312358 2.000000  2.447668
15  1825.726761 2593.814834 0.435000  2.049659 4.887009 1.550000  -1.913961
16  1812.982698 2564.476442 0.805000  2.008171 4.775369 1.800000  -1.479033
17  1770.785756 2617.519700 0.805000  2.290232 4.658695 1.530000  -1.130900
18  1840.971407 2523.907809 1.830000  1.784906 4.688587 1.627000  2.256554
19  1793.653845 2566.066758 0.635000  0.554300 0.771691 1.674000  -0.975449
20  1854.843529 2537.611514 2.001000  0.310195 0.502077 1.784000  2.410313
21  1792.739015 2565.833582 0.552000  0.625247 0.729128 1.674000  -0.980474

17  20  1538448752.549040
1806.828552 2560.438543 2.277888
1  1827.107401 2567.537427 1.101000  0.721635 0.699913 1.739000  -0.905145
2  1854.767649 2520.088511 2.280000  2.475589 5.006769 1.653000  -0.805757
3  1809.579544 2545.280858 1.477000  0.669938 2.056981 1.619000  2.283380
4  1857.446684 2491.103598 3.374000  1.054870 0.559469 1.658000  2.457595
5  1851.442052 2527.434355 1.877000  1.765951 4.765716 1.592000  -0.908404
6  1823.015880 2545.469714 1.262000  1.799163 4.606508 1.578000  2.220875
7  1757.440946 2620.525438 1.118000  1.690780 4.660385 2.124000  2.160251
8  1779.535970 2603.909250 0.707000  1.877888 4.700193 1.560000  2.228288
9  1770.649348 2607.914766 0.733000  1.903462 4.109568 1.626000  2.041362
10  1836.027346 2539.948097 1.551000  2.114193 4.737889 1.543000  -0.899292
11  1829.713908 2533.585714 1.669000  2.079747 4.500676 1.754000  2.290387
12  1828.069104 2551.080307 1.361000  1.916009 4.647016 1.729000  -0.919354
13  1863.900255 2523.706651 1.315000  0.648550 0.258066 2.000000  2.350752
14  1825.912325 2593.354606 0.390000  1.930345 4.463815 1.550000  -1.927274
15  1812.806533 2564.618585 0.926000  1.620862 4.626196 1.800000  -1.502686
16  1774.818816 2611.912267 0.830000  1.808437 4.788866 1.530000  -0.951412
17  1834.878237 2530.950319 1.650000  1.909607 4.147626 1.627000  2.306784
18  1794.150013 2565.631344 0.719000  0.776754 0.886686 1.674000  -0.964279
19  1854.268811 2537.903492 2.152000  0.649826 0.478960 1.784000  2.375420
20  1793.329305 2565.713660 0.702000  0.667277 0.552825 1.674000  -0.968614

18  19  1538448753.048377
1803.001412 2564.963999 2.276623
1  1827.221397 2567.060337 1.268000  1.012262 0.825957 1.739000  -0.916884
2  1861.162032 2513.487992 2.624000  1.725035 4.217953 1.653000  -0.819912
3  1809.522035 2545.380475 1.637000  0.707191 2.052058 1.619000  2.301495
4  1860.530014 2490.045618 3.529000  0.593850 0.202053 1.658000  2.209151
5  1818.573395 2550.894011 1.293000  1.806435 4.500494 1.578000  2.237595
6  1753.625112 2623.912592 1.280000  1.122251 4.939043 2.124000  2.237507
7  1778.734225 2604.591376 0.757000  2.475799 4.520140 1.560000  2.137887
8  1765.732377 2614.964987 0.918000  1.993874 4.303986 1.626000  2.212971
9  1841.697063 2533.705643 2.024000  1.802811 4.616687 1.543000  -0.725324
10  1825.479508 2538.409647 1.669000  1.881383 4.201012 1.754000  2.234947
11  1833.026319 2545.808959 1.711000  1.940353 4.588617 1.729000  -0.887793
12  1865.561197 2522.987194 1.315000  0.376943 0.493448 2.000000  2.453212
13  1826.251525 2593.873644 0.452000  2.024661 4.500448 1.550000  -1.960755
14  1813.156561 2564.957193 1.045000  1.894704 4.757781 1.800000  -1.569067
15  1779.029572 2608.673957 0.805000  2.047722 4.702937 1.530000  -0.831435
16  1831.096701 2537.029292 1.570000  1.768606 4.376167 1.627000  2.273961
17  1794.101483 2565.074699 0.802000  0.634328 0.747004 1.674000  -0.930070
18  1852.726273 2538.421282 2.235000  0.342477 0.732363 1.784000  2.326809
19  1793.943773 2565.005369 0.752000  0.566678 0.838206 1.674000  -0.958538

19  18  1538448753.547684
1799.153469 2569.563660 2.270756
1  1827.509317 2566.461032 1.434000  0.741006 0.673630 1.739000  -0.908705
2  1809.506764 2545.688790 1.597000  0.605406 1.896159 1.619000  2.257408
3  1857.879512 2491.080283 3.683000  0.710938 0.937088 1.658000  2.209552
4  1813.216272 2556.259033 1.225000  1.770815 4.307718 1.578000  2.213880
5  1751.506543 2627.277740 1.443000  2.020141 5.142858 2.124000  1.988108
6  1778.295308 2604.546676 0.807000  1.944659 4.565406 1.560000  2.226303
7  1760.456829 2620.605943 1.103000  2.121359 5.007215 1.626000  2.317189
8  1844.009815 2532.656775 2.522000  1.585987 4.915415 1.543000  -0.826733
9  1821.569641 2543.546571 1.594000  2.101362 4.450998 1.754000  2.337411
10  1837.326635 2540.150315 2.010000  1.964379 5.037873 1.729000  -0.825616
11  1863.068547 2523.663453 1.315000  0.458197 1.314211 2.000000  2.325208
12  1826.349666 2593.789269 0.515000  2.053255 4.374954 1.550000  -1.978199
13  1813.203729 2565.112090 1.165000  1.939223 4.711704 1.800000  -1.519846
14  1782.793814 2604.811981 0.880000  1.852250 4.470740 1.530000  -0.824515
15  1825.297842 2542.834944 1.490000  1.740802 4.295700 1.627000  2.309651
16  1794.549989 2565.043669 0.885000  0.687836 0.651756 1.674000  -0.862990
17  1852.905954 2540.081916 2.319000  0.123550 0.235133 1.784000  2.427388
18  1793.604181 2565.029219 0.852000  0.658347 0.506097 1.674000  -0.923196

20  19  1538448754.047572
1795.292211 2574.197700 2.267963
1  1828.083666 2566.202836 1.600000  0.559292 0.568625 1.739000  -0.888516
2  1809.674899 2545.699539 1.707000  0.626000 2.032044 1.619000  2.323933
3  1774.103451 2610.662017 0.996000  1.809536 4.184633 1.614000  2.259919
4  1822.640695 2593.920522 1.090000  2.026958 4.508805 1.550000  -1.953039
5  1809.209378 2562.244263 1.157000  1.771783 4.673413 1.578000  2.168723
6  1748.806625 2630.666823 1.564000  1.598857 5.783959 2.124000  2.339455
7  1787.200175 2627.984636 1.163000  1.742918 4.483048 1.614000  -2.332673
8  1777.873441 2604.668538 0.857000  2.100743 4.314910 1.560000  2.209878
9  1757.702185 2625.973760 1.286000  2.156358 4.232459 1.626000  2.260005
10  1845.909469 2529.653140 3.020000  1.864253 5.011562 1.543000  -0.923037
11  1816.737771 2548.361478 1.519000  2.017867 4.298340 1.754000  2.299653
12  1863.984781 2524.424776 1.352000  0.696763 0.054751 2.000000  2.243525
13  1826.285448 2594.087734 0.577000  1.778185 4.469195 1.550000  -1.951190
14  1813.125101 2564.478863 1.265000  1.944375 4.735384 1.800000  -1.481282
15  1787.361116 2599.487139 0.905000  1.690825 4.730565 1.530000  -0.874141
16  1820.120258 2548.783886 1.410000  1.676761 4.398926 1.627000  2.284999
17  1795.174621 2564.254584 1.019000  0.905076 0.802985 1.674000  -0.928957
18  1852.491613 2538.746698 2.403000  0.726674 0.710836 1.784000  2.278133
19  1794.502042 2564.013575 0.952000  0.699458 0.753525 1.674000  -0.913173

21  20  1538448754.547448
1791.473579 2578.803645 2.265805
1  1828.071912 2565.899820 1.767000  0.666992 0.491918 1.739000  -0.881336
2  1809.165063 2546.070258 1.818000  0.776197 2.165336 1.619000  2.329239
3  1774.301675 2610.453168 1.020000  1.785782 4.626749 1.614000  2.246717
4  1822.995305 2594.708777 1.090000  2.315847 4.570324 1.550000  -1.925511
5  1804.580012 2567.317007 1.089000  1.812100 4.337377 1.578000  2.233281
6  1745.271863 2636.145225 1.684000  1.932458 5.477743 2.124000  2.498081
7  1787.103207 2627.790279 1.163000  1.883241 4.459868 1.614000  -2.515796
8  1778.049671 2604.343038 0.907000  2.055593 4.556304 1.560000  2.304244
9  1753.270315 2628.931300 1.469000  2.404164 4.152752 1.626000  2.168317
10  1850.514271 2526.617851 2.969000  1.346455 4.574568 1.543000  -0.910185
11  1813.116784 2554.148168 1.444000  2.173066 4.452622 1.754000  2.286870
12  1862.802676 2526.607497 1.389000  0.655933 0.314638 2.000000  2.239639
13  1826.339951 2593.686494 0.640000  2.303777 4.440998 1.550000  -1.917800
14  1767.022806 2628.611724 1.033000  2.160987 4.354547 1.638000  -0.383336
15  1813.250410 2564.830239 1.365000  1.965686 4.601960 1.800000  -1.488182
16  1790.979019 2595.000284 0.930000  2.003242 4.539856 1.530000  -0.930928
17  1815.819032 2554.806991 1.330000  2.113275 4.148349 1.627000  2.409608
18  1795.714330 2563.991826 1.052000  0.537308 0.813743 1.674000  -0.918855
19  1851.540131 2539.523667 2.487000  0.345761 0.651563 1.784000  2.470915
20  1794.622545 2563.306985 1.052000  0.720130 0.669149 1.674000  -0.803600

22  19  1538448755.047865
1787.619825 2583.452539 2.267261
1  1828.950756 2565.096588 1.934000  0.749671 0.662134 1.739000  -0.903327
2  1809.032119 2545.353707 1.818000  0.728545 1.993884 1.619000  2.232474
3  1773.393554 2611.314321 1.045000  1.902166 4.425504 1.614000  2.206444
4  1823.604127 2594.665202 1.090000  1.958114 4.692223 1.550000  -1.899537
5  1799.431838 2573.446586 1.022000  1.671473 4.416334 1.578000  2.252275
6  1740.761711 2641.570118 1.755000  2.554320 4.988481 2.124000  2.140920
7  1787.152542 2627.360458 1.268000  2.100905 4.497366 1.614000  -2.300855
8  1778.023641 2604.532291 0.894000  1.890626 4.482603 1.560000  2.269742
9  1749.705445 2633.006843 1.503000  2.017804 4.821543 1.626000  2.281705
10  1850.804553 2524.771832 2.917000  1.806883 4.892236 1.543000  -0.702039
11  1807.899661 2559.010142 1.369000  1.821318 4.229874 1.754000  2.255301
12  1862.167001 2524.169656 1.425000  1.091516 -0.112687 2.000000  2.422860
13  1771.164086 2628.293555 0.958000  2.126877 4.330316 1.638000  -0.279981
14  1812.614785 2564.917142 1.365000  1.920162 4.663349 1.800000  -1.465502
15  1794.787533 2590.788391 0.955000  1.809243 4.361413 1.530000  -0.925939
16  1810.085233 2561.231637 1.250000  1.944112 4.351743 1.627000  2.288047
17  1795.530145 2563.396797 1.136000  0.635536 0.848647 1.674000  -0.882044
18  1850.683212 2540.191288 2.571000  0.265816 0.113351 1.784000  2.308084
19  1795.338311 2563.047686 1.153000  0.659067 0.312025 1.674000  -0.860522

23  16  1538448755.548316
1783.770417 2588.084584 2.268823
1  1829.429221 2565.092007 2.100000  0.825178 1.029978 1.739000  -0.763489
2  1772.868900 2612.258328 1.070000  2.016563 4.551014 1.614000  2.058690
3  1822.581205 2595.273518 1.090000  1.811632 4.690350 1.550000  -2.042534
4  1794.932929 2578.784470 0.984000  1.928381 4.389106 1.578000  2.262189
5  1737.687041 2643.718819 1.826000  2.980422 5.048613 2.124000  2.390068
6  1786.307962 2627.313454 1.223000  1.815685 4.425026 1.614000  -2.329746
7  1777.955761 2604.798748 0.880000  2.007864 4.454978 1.560000  2.230168
8  1744.208672 2640.763363 1.628000  1.917050 4.895272 1.626000  2.226286
9  1804.102866 2563.839031 1.284000  2.149220 4.207464 1.754000  2.327464
10  1772.246410 2627.797210 0.984000  1.673801 4.342861 1.638000  -0.056066
11  1812.994735 2565.046817 1.365000  1.793434 4.467883 1.800000  -1.499134
12  1797.898770 2586.849454 0.980000  2.122547 4.378186 1.530000  -0.948892
13  1805.446774 2566.942572 1.084000  2.070653 4.359992 1.627000  2.349344
14  1796.234890 2562.559561 1.219000  0.737676 0.554721 1.674000  -0.907149
15  1850.205471 2541.080972 2.655000  -0.484408 0.151582 1.784000  2.581054
16  1795.460594 2562.231332 1.253000  0.727305 0.796598 1.674000  -0.859548

24  14  1538448756.050426
1779.897811 2592.738989 2.273369
1  1792.876095 2636.388965 1.634000  2.001754 4.506789 1.638000  -2.542590
2  1772.234814 2613.899183 1.094000  1.927789 4.340152 1.614000  1.901952
3  1790.545583 2585.055808 0.946000  1.788545 4.547918 1.578000  2.302399
4  1735.284975 2647.538017 1.860000  2.038915 5.426021 2.124000  2.417945
5  1786.267822 2626.893631 1.179000  1.994038 4.397103 1.614000  -2.394401
6  1777.713683 2605.147099 0.866000  2.011803 4.658109 1.560000  2.304459
7  1739.475907 2646.518446 1.754000  1.870130 4.479678 1.626000  2.314349
8  1800.232148 2568.694926 1.199000  1.945950 4.473147 1.754000  2.279752
9  1776.270314 2628.219271 1.009000  2.128530 4.536375 1.638000  0.250623
10  1813.294681 2564.308858 1.432000  1.493611 4.432332 1.800000  -1.504987
11  1800.605125 2583.025954 1.081000  2.002246 4.411963 1.530000  -0.982730
12  1800.457724 2572.435161 0.992000  1.930397 4.569221 1.627000  2.325895
13  1796.524046 2563.214984 1.303000  0.784290 0.840795 1.674000  -0.956791
14  1796.170945 2561.170200 1.353000  0.572475 0.945964 1.674000  -0.922229

25  15  1538448756.547528
1776.072101 2597.237656 2.277980
1  1792.243030 2636.531343 1.611000  2.166137 4.642095 1.638000  -2.420055
2  1772.395904 2615.062230 1.119000  2.015201 4.484913 1.614000  1.713410
3  1785.446138 2590.648046 0.909000  1.624606 4.421152 1.578000  2.360117
4  1730.209765 2650.764278 1.893000  2.571027 5.426503 2.124000  2.225128
5  1784.438036 2625.965116 1.019000  1.786853 4.318876 1.614000  -2.329436
6  1776.780092 2606.588315 0.874000  2.141484 4.605722 1.560000  2.235785
7  1735.780349 2653.024400 1.754000  1.387189 4.927766 1.626000  2.096448
8  1795.576101 2573.733167 1.114000  2.073368 4.556212 1.754000  2.285107
9  1778.934658 2629.703669 1.034000  2.136537 4.660169 1.638000  0.388359
10  1812.757569 2565.149535 1.499000  1.745518 4.847233 1.800000  -1.483830
11  1803.323227 2580.054161 1.180000  1.810695 4.271272 1.530000  -0.930534
12  1795.799633 2578.248706 0.901000  1.759776 4.246781 1.627000  2.239836
13  1796.979713 2561.880054 1.261000  1.042070 0.642100 1.674000  -0.849073
14  1799.434930 2641.949469 2.035000  2.190857 4.505630 1.638000  -2.356268
15  1796.693678 2561.595948 1.453000  0.577983 0.449116 1.674000  -0.823500

26  14  1538448757.048500
1772.270127 2601.748362 2.271878
1  1792.654146 2636.322923 1.588000  2.016179 4.246928 1.638000  -2.398082
2  1772.644252 2616.921377 1.119000  1.795044 4.516566 1.614000  1.551297
3  1780.841483 2596.133868 0.872000  1.854725 4.517375 1.578000  2.225249
4  1728.751951 2655.196839 1.927000  2.504017 5.923575 2.124000  2.280178
5  1783.259569 2624.493244 0.857000  1.865873 4.381554 1.614000  -2.277769
6  1775.201647 2608.063592 0.882000  1.872465 4.490494 1.560000  2.263077
7  1730.304883 2658.459193 1.753000  1.895797 4.336430 1.626000  2.425746
8  1791.870003 2578.228526 1.029000  1.990185 4.275114 1.754000  2.237858
9  1781.022654 2631.471723 1.059000  2.011131 4.594349 1.638000  0.503357
10  1812.874664 2565.504634 1.490000  1.559139 4.899954 1.800000  -1.495671
11  1803.502983 2578.812156 1.180000  1.639658 4.577876 1.530000  -0.911407
12  1791.035674 2584.427149 0.909000  1.985041 4.475823 1.627000  2.273982
13  1797.060888 2561.573228 1.219000  0.577561 0.344740 1.674000  -0.946849
14  1797.992804 2641.837707 1.965000  2.300931 4.603786 1.638000  -2.409215

27  15  1538448757.548354
1768.543108 2606.220744 2.266456
1  1792.145753 2636.733849 1.566000  1.991760 4.486653 1.638000  -2.393230
2  1772.776989 2619.640258 0.919000  1.795266 4.374737 1.614000  1.396210
3  1776.158454 2602.353220 0.783000  1.867556 4.607287 1.578000  2.268674
4  1725.180217 2659.656072 1.960000  1.858643 5.205770 2.124000  2.257559
5  1781.458818 2622.874780 0.696000  1.777052 4.321224 1.614000  -2.186377
6  1773.910416 2609.865200 0.891000  2.079717 4.619302 1.560000  2.150817
7  1725.143825 2665.284256 1.778000  2.512568 5.297649 1.626000  2.239266
8  1787.024395 2583.378568 0.944000  2.031966 4.432122 1.754000  2.298526
9  1786.738084 2630.698913 1.108000  1.949157 4.560382 1.638000  -2.375318
10  1784.414715 2633.664604 1.084000  2.021728 4.518202 1.638000  0.710999
11  1814.209343 2565.518672 1.482000  1.753353 4.626024 1.800000  -1.277779
12  1805.317986 2577.523012 1.180000  1.854297 4.402502 1.530000  -1.022578
13  1786.126913 2589.724755 0.817000  2.079263 4.396696 1.627000  2.303618
14  1798.023827 2561.514417 1.177000  0.974762 0.649726 1.674000  -1.032131
15  1799.218637 2642.198774 1.895000  2.199126 4.463570 1.638000  -2.284874

28  16  1538448758.048230
1764.849981 2610.706622 2.261686
1  1792.619145 2635.832662 1.543000  2.114230 4.521955 1.638000  -2.351716
2  1773.825989 2621.241855 0.869000  2.078260 4.452310 1.614000  1.215675
3  1771.626320 2607.987404 0.794000  1.772248 4.569937 1.578000  2.250386
4  1722.222584 2664.131318 1.914000  2.250899 4.643648 2.124000  2.290542
5  1779.893008 2620.077650 0.719000  1.924208 4.445122 1.614000  -2.114987
6  1773.235241 2611.582058 0.899000  1.871992 4.564267 1.560000  1.952024
7  1720.639755 2671.003510 1.803000  1.382070 5.137300 1.626000  2.216858
8  1783.663244 2587.272013 0.884000  2.032664 4.294745 1.754000  2.245857
9  1738.980993 2658.753266 1.479000  1.693943 5.324734 2.272000  -0.972490
10  1787.106441 2631.216173 1.208000  2.004399 4.430515 1.638000  -2.374370
11  1787.670187 2636.609128 1.409000  1.904397 4.692180 1.638000  0.752697
12  1813.529282 2564.804790 1.474000  1.874025 4.678298 1.800000  -1.514698
13  1806.246835 2575.920131 1.181000  1.776106 4.554929 1.530000  -0.910122
14  1781.270657 2595.733693 0.751000  1.951728 4.484506 1.627000  2.254321
15  1797.510504 2559.956845 1.136000  1.060383 0.856063 1.674000  -1.067830
16  1798.760354 2641.562876 2.158000  2.037005 4.708134 1.638000  -2.491694

29  16  1538448758.547578
1761.170754 2615.207313 2.255478
1  1792.609925 2635.857861 1.520000  2.220061 4.383950 1.638000  -2.373326
2  1775.514539 2624.231912 0.919000  1.672165 4.620970 1.614000  0.909136
3  1766.849111 2612.900477 0.755000  1.890577 4.359762 1.578000  2.224145
4  1720.018242 2667.163073 1.869000  2.413206 5.633852 2.124000  2.385956
5  1779.265310 2617.375198 0.708000  1.956080 4.571417 1.614000  -1.795622
6  1772.962485 2613.327916 0.907000  1.911657 4.491312 1.560000  1.856169
7  1715.828310 2678.129079 1.828000  2.117389 4.460684 1.626000  2.059436
8  1780.182661 2591.593333 0.824000  2.402830 4.270434 1.754000  2.250271
9  1741.035223 2656.460530 1.412000  1.928615 5.113249 2.272000  -0.904993
10  1786.680674 2630.657704 1.133000  1.936669 4.233013 1.638000  -2.404013
11  1791.870456 2639.590444 1.734000  2.213131 4.650428 1.638000  0.723942
12  1812.575732 2563.822450 1.465000  1.204043 4.354930 1.800000  -1.465666
13  1807.003436 2573.909675 1.181000  1.746956 4.427850 1.530000  -1.124040
14  1776.450434 2602.005789 0.724000  1.795863 4.351177 1.627000  2.323606
15  1797.889252 2558.539484 1.094000  0.632535 0.698147 1.674000  -1.216466
16  1797.915834 2641.902711 2.096000  1.686435 4.810734 1.638000  -2.516679

30  17  1538448759.047433
1757.509091 2619.752931 2.249608
1  1792.449163 2636.407515 1.427000  1.974618 4.414293 1.638000  -2.403380
2  1777.885450 2627.167629 0.819000  1.939660 4.459189 1.614000  0.951223
3  1762.138391 2618.760616 0.783000  1.779911 4.514701 1.578000  2.290650
4  1716.364212 2670.473897 1.823000  1.990031 5.252764 2.124000  2.226329
5  1779.626796 2614.954249 0.697000  1.680636 4.598537 1.614000  -1.588953
6  1772.259487 2616.401754 0.816000  2.085908 4.574349 1.560000  1.643693
7  1712.651406 2683.826968 1.853000  1.616899 5.011383 1.626000  2.113430
8  1776.552720 2595.843868 0.764000  2.064851 4.479413 1.754000  2.233661
9  1743.864266 2653.748968 1.346000  1.768042 5.081762 2.272000  -0.925258
10  1786.784123 2630.877526 1.058000  2.178861 4.508570 1.638000  -2.364677
11  1794.760176 2642.781999 1.884000  2.027024 4.401775 1.638000  0.830877
12  1813.789773 2565.650738 1.465000  1.930319 4.355327 1.800000  -1.569674
13  1704.782369 2710.058597 2.917000  4.100861 9.698433 3.094000  -1.478294
14  1807.881420 2572.110435 1.181000  1.388006 4.429640 1.530000  -1.031414
15  1771.547732 2607.397287 0.697000  2.092968 4.309938 1.627000  2.226567
16  1799.093657 2560.130635 1.052000  0.406303 1.021987 1.674000  -1.173627
17  1798.900402 2641.955583 1.934000  2.320967 4.613737 1.638000  -2.385934

31  17  1538448759.546758
1753.827230 2624.389860 2.245881
1  1792.855929 2636.738532 1.334000  2.252161 4.367169 1.638000  -2.355831
2  1779.818718 2629.674048 0.835000  1.789235 4.545104 1.614000  0.796777
3  1757.579212 2625.000490 0.811000  1.956647 4.382230 1.578000  2.170883
4  1712.926115 2675.460367 1.777000  2.198154 5.314399 2.124000  2.326955
5  1780.039946 2612.310387 0.686000  2.012428 4.454568 1.614000  -1.365701
6  1772.864131 2619.250861 0.724000  1.935942 4.506882 1.560000  1.356892
7  1707.980069 2688.636741 1.858000  1.536024 4.643927 1.626000  2.252779
8  1773.038540 2599.920767 0.704000  2.040783 4.430818 1.754000  2.248688
9  1746.242884 2651.488372 1.279000  1.930985 5.269508 2.272000  -0.802349
10  1787.188652 2630.301922 0.983000  1.854009 4.452075 1.638000  -2.401481
11  1798.488579 2647.695266 2.034000  2.234728 4.487494 1.638000  0.780716
12  1812.883256 2565.267724 1.465000  1.901982 4.191389 1.800000  -1.501955
13  1703.292701 2710.064232 2.917000  2.873006 8.665425 3.094000  -0.934456
14  1809.256174 2571.287629 1.198000  2.180696 3.894199 1.530000  -1.024812
15  1766.648532 2613.107202 0.671000  1.790652 4.640272 1.627000  2.335041
16  1799.839476 2558.073011 1.010000  0.538835 1.071131 1.674000  -1.038034
17  1799.036060 2641.639417 1.834000  1.929879 4.392747 1.638000  -2.362944

32  15  1538448760.047738
1750.088999 2629.094336 2.246409
1  1783.243908 2633.530863 0.852000  1.972805 4.696244 1.614000  0.862632
2  1753.348336 2630.140740 0.838000  1.708780 4.557087 1.578000  2.256600
3  1710.824029 2680.357919 1.744000  1.828865 5.016981 2.124000  2.277413
4  1781.287998 2609.643398 0.725000  2.108502 4.488543 1.614000  -1.115653
5  1774.155719 2623.031593 0.657000  2.084320 4.607061 1.560000  1.226838
6  1702.506847 2695.336599 1.862000  1.657427 4.514393 1.626000  2.206622
7  1769.190951 2605.037991 0.694000  1.939901 4.461778 1.754000  2.278751
8  1748.735927 2649.149849 1.212000  2.032197 5.159191 2.272000  -0.935671
9  1786.679630 2630.890821 0.975000  1.967118 4.518129 1.638000  -2.349306
10  1812.592577 2563.507784 1.465000  1.442075 4.677420 1.800000  -1.925734
11  1706.281402 2709.195419 2.788000  3.568104 10.145036 3.094000  -1.199192
12  1810.431429 2571.580951 1.215000  1.585373 4.649124 1.530000  -0.675721
13  1762.028658 2619.675134 0.661000  1.664305 4.594874 1.627000  2.250303
14  1800.835712 2557.897259 0.968000  0.822154 0.923760 1.674000  -1.123420
15  1798.330061 2642.126080 1.834000  1.938224 4.604650 1.638000  -2.402191

33  11  1538448760.548179
1746.297307 2633.915729 2.242812
1  1749.004609 2636.118504 0.866000  1.693234 4.406048 1.578000  2.228640
2  1707.439792 2682.908729 1.710000  2.597466 5.081181 2.124000  2.171218
3  1783.104209 2607.040140 0.739000  1.910691 4.640826 1.614000  -1.025381
4  1775.712698 2625.894697 0.590000  1.847280 4.405767 1.560000  1.038089
5  1698.075878 2698.081653 1.866000  1.319732 5.281480 1.626000  2.232041
6  1765.659393 2609.797034 0.684000  2.058899 4.247224 1.754000  2.290564
7  1750.401466 2647.020000 1.146000  1.958216 5.083415 2.272000  -0.796452
8  1786.586379 2630.425230 0.966000  2.392303 4.416832 1.638000  -2.356667
9  1705.705422 2711.247438 2.658000  3.392064 9.394368 3.094000  -0.994034
10  1757.318996 2624.661048 0.701000  1.990976 4.306490 1.627000  2.247484
11  1800.216142 2555.705954 0.926000  1.385512 0.076228 1.674000  -1.134461

34  10  1538448761.048087
1742.559213 2638.673004 2.246789
1  1744.066809 2641.466151 0.894000  1.805772 4.382861 1.578000  2.338614
2  1704.314430 2688.091956 1.677000  1.908391 5.451308 2.124000  2.317254
3  1785.955025 2603.596875 0.753000  1.866912 4.252557 1.614000  -0.905772
4  1778.777900 2629.233347 0.773000  1.946096 4.567367 1.560000  0.915842
5  1693.682243 2706.180413 1.853000  2.688966 3.908525 1.626000  2.023846
6  1761.712706 2614.449870 0.674000  2.056396 4.413655 1.754000  2.265837
7  1752.500765 2644.643737 1.079000  1.978392 5.208513 2.272000  -0.850903
8  1786.386644 2630.558955 0.958000  2.153776 4.333892 1.638000  -2.438288
9  1706.812642 2709.473867 2.529000  3.081340 9.351667 3.094000  -0.904558
10  1753.011383 2630.586008 0.691000  1.911442 4.271050 1.627000  2.313497

35  9  1538448761.548500
1738.778395 2643.436578 2.246669
1  1740.199682 2647.244578 0.922000  1.572649 4.622238 1.578000  2.238970
2  1701.002224 2691.418171 1.644000  1.886124 5.127479 2.124000  2.268626
3  1788.943187 2600.000128 0.767000  2.431742 4.550720 1.614000  -0.920493
4  1781.093819 2632.003757 0.956000  2.018768 4.431775 1.560000  0.766597
5  1687.793536 2713.317264 1.841000  2.539954 5.501205 1.626000  2.055675
6  1757.454743 2619.277574 0.664000  2.163519 4.190115 1.754000  2.216297
7  1753.969659 2643.284804 0.979000  1.941725 5.203083 2.272000  -0.842924
8  1706.511217 2708.254462 2.400000  4.448591 10.019847 3.094000  -0.923444
9  1748.502518 2636.492233 0.681000  1.749685 4.300690 1.627000  2.291727

36  8  1538448762.048350
1735.035269 2648.168377 2.245865
1  1735.652975 2652.637767 0.938000  1.719501 4.535393 1.578000  2.238337
2  1698.484751 2695.327415 1.610000  1.993789 5.453579 2.124000  2.238703
3  1791.431375 2596.401386 0.731000  1.711547 4.968017 1.614000  -0.770569
4  1682.835450 2719.687669 1.828000  2.635373 4.150668 1.626000  2.192836
5  1754.475368 2624.226588 0.664000  2.058174 4.325485 1.754000  2.295386
6  1755.339928 2641.483343 0.879000  1.912800 5.302966 2.272000  -0.864758
7  1708.536038 2708.678305 2.271000  3.524403 9.098851 3.094000  -1.050950
8  1744.204285 2641.384421 0.671000  1.899539 4.409971 1.627000  2.307438

37  9  1538448762.547686
1731.301590 2652.922033 2.240229
1  1731.304860 2658.685639 0.955000  1.711287 4.428125 1.578000  2.223786
2  1694.547877 2699.731458 1.577000  2.234436 5.027185 2.124000  2.190982
3  1793.600004 2592.848718 0.696000  1.256157 4.321958 1.614000  -0.980680
4  1677.758725 2725.121432 1.816000  1.723372 4.014040 1.626000  2.143964
5  1750.192134 2628.821945 0.664000  2.250935 4.205596 1.754000  2.239764
6  1756.494715 2639.886526 0.779000  1.962649 5.174127 2.272000  -0.889869
7  1708.303286 2706.280515 2.141000  3.784035 9.407965 3.094000  -1.024122
8  1740.077007 2647.240957 0.694000  2.010153 4.191689 1.627000  2.335502
9  1786.665945 2588.669302 0.992000  2.037056 4.643270 2.000000  2.314193

38  9  1538448763.047541
1727.595662 2657.631613 2.239275
1  1726.652961 2664.187693 0.972000  1.622169 4.617985 1.578000  2.175856
2  1692.920968 2703.358093 1.544000  1.950344 5.192092 2.124000  2.357927
3  1796.764742 2589.771212 0.660000  1.852548 4.137730 1.614000  -0.748488
4  1676.996827 2729.143031 1.773000  2.089349 4.256582 1.626000  2.374923
5  1746.470903 2634.205364 0.664000  2.431459 4.496571 1.754000  2.277060
6  1757.855189 2638.633326 0.679000  2.175690 5.097332 2.272000  -0.877322
7  1709.118992 2706.425898 2.012000  3.648669 9.304263 3.094000  -0.877389
8  1735.670181 2652.473321 0.718000  1.897795 4.465638 1.627000  2.261017
9  1784.053926 2593.669334 0.806000  1.839542 5.405819 2.000000  2.264271

39  8  1538448763.547987
1723.884205 2662.378053 2.234531
1  1722.616575 2669.623844 0.947000  1.962586 4.445749 1.578000  2.280954
2  1688.972844 2708.191935 1.510000  2.427216 5.316216 2.124000  2.156827
3  1674.265186 2732.457961 1.731000  1.793566 4.167845 1.626000  2.377555
4  1742.312865 2638.594434 0.664000  2.277712 4.289987 1.754000  2.317534
5  1759.175004 2636.322892 0.579000  1.837599 4.873459 2.272000  -0.884876
6  1708.941732 2704.744601 1.912000  3.426132 9.574854 3.094000  -0.994533
7  1731.560971 2657.336020 0.741000  1.813732 4.377218 1.627000  2.210981
8  1778.163846 2596.832952 0.856000  1.898996 4.677479 2.000000  2.285809

40  8  1538448764.047314
1720.264572 2667.071990 2.228248
1  1718.203355 2675.518558 0.922000  1.842503 4.559192 1.578000  2.290881
2  1685.061508 2712.046879 1.477000  2.373879 4.972028 2.124000  2.212695
3  1671.715139 2737.076403 1.689000  1.688221 3.903633 1.626000  2.114506
4  1738.443567 2643.428666 0.664000  2.045004 4.389311 1.754000  2.268329
5  1759.847998 2636.062660 0.479000  2.112685 5.472328 2.272000  -0.727643
6  1710.765394 2702.472349 1.912000  3.441538 9.609861 3.094000  -0.972117
7  1727.646328 2662.503425 0.748000  2.030296 4.460395 1.627000  2.303141
8  1775.216612 2602.570825 0.906000  1.937024 4.393156 2.000000  2.344476

